Var	PC1	PC2	PC3	PC4	PC5	PC6	PC7	PC8	PC9	PC10	PC11	PC12	PC13	PC14	PC15	PC16	PC17	PC18	PC19	PC20	PC21	PC22	PC23	PC24	PC25	PC26	PC27	PC28	PC29	PC30	PC31	PC32
BMXWT	0.00914465234159901	-0.0325544923789801	0.00541922535371665	-0.0848979806464623	0.112921721112513	-0.050493893606773	0.0959812304306177	0.34488060585774	-0.216639126626212	-0.258421217439953	0.236849232284596	0.0307879559343428	-0.520929065497689	-0.0748561618157784	0.436971436104807	0.198112888155958	0.0585882751310924	0.17974525929001	-0.177110802610648	-0.126806598260962	-0.020749826155641	-0.00856478576347957	0.206143898756733	0.129922997118618	-0.117060898824961	-0.102854976186843	-0.0332107162026231	0.0382232540834388	-0.0180587771671819	-1.21496508323668e-16	0	0
F_CITMLB	0.17008206999974	0.0336094067010251	0.183872445192115	-0.0562583759640444	0.00139189725361205	0.0962782800088079	0.284536974809448	0.458405373952348	-0.0133904828670906	-0.0693779988100855	0.242513587413836	0.0119963504671862	0.228858322712423	-0.209862994110937	-0.0457804707145717	-0.18208413155228	-0.122104534609087	-0.0359118159554699	0.407518043810548	-0.104454592626225	-0.0325560049579745	-0.186009817721412	-0.0271581406238737	-0.120841255391743	-0.00845100875045127	0.127958563318239	0.0667912809559391	-0.0187163135947051	-0.0381456495495438	-0.384846945920152	-0.0527260608139127	-0.138573582512304
F_OTHER	0.0830518809481132	-0.0163469256307854	0.348718711473275	0.101894516142919	0.0427861373719476	0.311538499481651	-0.271225824474781	-0.0557176441946477	-0.0357426401614955	0.0512498110100119	-0.284116432696466	0.097923267869868	-0.20474203011569	0.13981564327388	-0.102655432182291	-0.057117426536261	0.241150206892128	0.195896098507555	0.0198375773178611	-0.0832990395900009	0.330363629147489	-0.119000321398413	0.182339238333207	-0.00868563874958054	0.159580394767962	-0.190521876891949	-0.0434881016733085	0.0754626915414398	0.0486504492832644	-0.399846981385051	-0.0547811447648642	-0.143974713206515
F_JUICE	0.066928221598496	-0.175288319469297	0.202797341546629	0.139946980318417	-0.337560079059099	0.135555511544462	-0.207427733624916	0.0125422263826948	-0.227278560100963	0.0628257508775023	-0.00251811281248079	-0.137108386164047	0.184661867879861	0.0727984644714028	0.274478170205103	0.226229672677852	-0.165433211103864	-0.312576512016602	-0.263985710161098	0.0542815530717862	-0.197361139539104	0.171003095046204	-0.164814664067831	0.169209967053267	-0.142517867650889	0.0883904277254567	-0.0561801840003875	0.000625066489933549	0.0223169947624848	-0.342574843427703	-0.046934559879899	-0.12335247514792
F_TOTAL	0.182188247923	-0.0803889094680715	0.419047372704799	0.100440759618192	-0.14683359806161	0.311746453580325	-0.104893144186389	0.237391674507469	-0.145797891245116	0.0229469684137586	-0.0316680903468849	-0.00479296637987531	0.104091953812752	0.00011785094411805	0.0529886719561652	-0.0230930060189113	-0.0108505919767122	-0.0637897133791076	0.111372128220894	-0.0822757170079092	0.0778472354868263	-0.090779623548462	0.00898224950396698	0.0119700670569824	0.0175793304140495	0.00501232649580409	-0.0163772318830028	0.0347391630846469	0.0186062806703915	0.667395046122951	0.0914366403626957	0.240311956409316
V_DRKGR	0.227980728594915	-0.263290706360724	-0.119287243540978	0.232835695570278	0.0536448742670871	-0.0424198047798325	-0.0714583829846132	-0.1118102304733	-0.0583935851660578	-0.0743654921165018	0.147179862391927	-0.139060627651831	0.0220053365879589	-0.193496666983432	-0.179840563419624	-0.225174556208356	0.26614636325808	-0.175624053890321	-0.0478698315322239	0.178487408329167	-0.0663684591087696	-0.315821729551858	0.156936019164405	0.247547756148063	-0.359708283980493	-0.273577000140745	0.165181320583958	-0.012870834070543	-0.109147719903198	-0.0525269096925464	-0.102896503389585	0.185029120299907
V_REDOR_TOTAL	0.258413032260827	0.0491340306000483	0.117968458858805	0.289379601650931	-0.0814740966638619	-0.190560886516284	-0.0399104210963493	0.0407648422822802	0.195340872320171	0.106114162320174	0.105909215754178	0.174627322768236	-0.0351013578134763	0.262546362673348	-0.0245043872665297	0.169191931927057	-0.0979923125020494	0.343669800725069	0.00574494183667725	0.0530025260007302	-0.118988283993271	0.0262904598699136	-0.072134865625813	-0.411098464492078	-0.403575938956702	-0.0820389276869612	0.016430603848864	-0.0899272493861145	0.199519910669792	-0.0585146387135758	-0.114626041318136	0.206121246980121
V_REDOR_OTHER	0.231831986813918	-0.0734308691043187	0.0223206723764257	0.35457698935036	0.0921334386832601	-0.0730849373989276	-0.094167371959879	-0.0862082863108442	0.123987056951441	0.0914208584812431	0.187173603406485	-0.0322607793820601	-0.129625607955311	-0.17672163421351	-0.156589203258806	-0.00286713087808033	-0.343847993264298	-0.0314388825823198	0.0483045005283751	-0.0440389942500498	0.0202252198231011	0.348107438498167	0.514981768960127	0.104041560158421	0.200816446026674	0.252796380565935	-0.130781018275911	0.0411739865963782	-0.089436471281242	4.85722573273506e-17	1.85615411929518e-16	1.45716771982052e-16
V_STARCHY_TOTAL	0.235817457778752	-0.0351402059423461	-0.026991495600506	-0.362027390904121	-0.218175046897223	0.0174657323345094	0.0231305457013147	-0.263474833120074	0.00157048390210905	0.247245434492286	0.111075551457022	0.114583328136953	-0.142127167127914	-0.166863870362767	0.248855848553629	-0.121861959561881	0.0656738181767165	-0.00946230945439409	0.163157049902327	0.0163384655106989	0.155654356578744	0.0274357187515197	-0.101864648841797	0.0529777198746955	0.0674258031478838	0.0746129680766773	-0.337761271364967	-0.164831625377626	-0.0330754228917352	-0.12282428000243	-0.240604083079855	0.432655730431142
V_STARCHY_OTHER	0.175411050757709	-0.0833603897519236	0.126075212322232	-0.410499336359378	-0.156203628908797	0.02729971209883	0.00715467647531393	-0.258602350403201	0.125279577740033	-0.0196806528371975	0.0318805965120982	-0.155827588762309	0.0501933740095548	-0.144949606253096	0.0237750835621247	0.233782163264381	0.00243586564563238	-0.0180976334592432	0.0601951041894469	-0.162128388627112	-0.194367204152279	0.12494249836103	0.234147264031944	-0.253392815748793	0.0565583207487019	-0.26251232237941	0.411327898807774	0.348012462023326	-0.0244255010760728	-6.24500451351651e-17	-3.55618312575245e-17	-2.94902990916057e-17
V_OTHER	0.280162935426372	-0.0980534966393418	0.0704787977321441	0.172175267238106	0.0203076149259212	-0.185937762956058	0.400681911823021	0.0597421668564825	-0.0441146852161066	-0.0265431765356978	-0.165203735561788	0.0519894102389244	-0.0607480124996048	0.0816961477648847	-0.135394448888324	0.072050637564885	-0.134416231164318	0.0249770436402947	-0.289509008786363	-0.106577702938473	-0.00980301186910555	-0.0717332177128407	-0.30995751011325	0.170055775465475	0.466240148611221	-0.128337229061087	0.181188493536559	0.0911051498340523	-0.0942217298324993	-0.0696623332026242	-0.136463586882733	0.245389654673511
V_TOTAL	0.423393016780932	-0.123815711891345	0.0125017296560184	-0.018534914606691	-0.153118570181624	-0.135495798660727	0.138174589058383	-0.177515277180962	0.030715581518184	0.172667695397725	0.0899840758371965	0.115455383251401	-0.126533273363343	-0.0538072721691	0.0574405189402028	-0.0665305436340449	0.0389262200079682	0.0642144637061219	-0.0129214366601326	0.0395462207237907	0.0447417744796121	-0.093433056241936	-0.168520271054758	0.0409016504206775	-0.0097956962054562	-0.10614166040088	-0.107703298375109	-0.111128882155114	-0.0262433902448229	0.178503136780946	0.349675028025465	-0.628787769215352
PF_LEGUMES	0.00942882673481942	0.0929784582179166	0.230376157810946	-0.0371412683345835	0.0207122351221318	-0.20470442171318	-0.115804845922569	-0.0581552099230632	0.304778348195077	-0.371392217570003	-0.283022965835	0.190522935698244	-0.0701194981713914	0.000192660140811001	0.155338958619438	0.21970876036281	-0.243240816970978	-0.176632787131555	0.346819025567078	0.310755020114844	-0.0384251407003473	-0.14216735879372	0.0171473947847997	0.223087654204166	-0.00718012249574692	-0.13216554109024	-0.00457190880454164	-0.141500966565069	-0.191352022442677	4.33680868994202e-17	1.46692553937289e-16	1.36175792864179e-16
G_WHOLE	0.10003115760133	0.184473892711445	-0.0158012567095107	0.00537728227381126	0.307507847173755	-0.0455780342418742	-0.0509569971943796	-0.0822961409945364	-0.294351829376596	0.130179902617406	-0.18446581231299	-0.0537525406559627	-0.00495013469388483	-0.464636684269421	-0.156115954014383	0.432217351976479	-0.178933444326383	-0.106270115761325	-0.0526802846093848	-0.0806008802899498	0.250663473225449	-0.186497716873314	-0.149167662643308	-0.185427247080601	-0.221045752594178	0.0300503531261934	-0.136258427805057	0.0782475092506278	-0.0281238480347801	9.36750677027476e-17	9.90960785651751e-17	5.46437894932694e-17
G_TOTAL	0.148013838857195	0.264026200923554	0.238236406546782	-0.126219830517905	-0.0301191613933484	-0.22753570705566	0.0938010956125028	-0.0683059108537424	-0.137495572810194	-0.273006388538152	-0.103779624360804	-0.148012607005532	0.0384345923723476	0.0571231923589171	-0.164137329079113	-0.0909375907337977	0.183948433779185	-0.256032679627551	-0.212799170483608	-0.232005473412947	-0.13525487817617	0.0404981231826553	0.249144374385167	-0.161961176341606	0.0276854391219677	0.00172294774210918	-0.155115207427089	-0.497470158832201	0.156328941990249	-3.12250225675825e-17	7.63278329429795e-17	2.60208521396521e-17
PF_MEAT	0.0858329158732356	0.0821664780545261	-0.193362931361801	0.143867765425389	-0.270426324616446	-0.135728620698633	-0.00673410143349542	0.298767878718202	0.240749403894903	0.107999197095279	-0.252098303808417	0.163912320422405	-0.0208305606694173	-0.14567033948417	-0.0390501313732467	0.232641255926776	0.507225772879918	-0.175701153983409	0.0899000524470084	-0.19247807009271	-0.0532758343680067	0.109551533523339	0.0376457483722095	0.071715791055179	-0.0343944073394988	0.15510214516556	-0.04893567090429	0.148019291659026	-0.0646098462853089	0.0849147704439671	-0.277526368405014	-0.130229135768227
PF_CUREDMEAT	0.116347140011045	0.197422074998287	-0.248728311045309	-0.0510498974897657	-0.0617550550097311	0.0400802306678198	-0.401416510972814	0.131679926295037	-0.120784074548903	0.18628268256626	-0.0740336846344773	-0.0336879829543211	-0.323884687272628	0.0281975103240176	0.00812946559094905	-0.206313770054096	-0.291779331179208	-0.11227895379694	0.0261142495875473	-0.0256859938347234	-0.291482627193122	-0.278543638067436	-0.0310989184889995	-0.1135671545339	0.186937753551726	-0.0199790584564074	0.223475070497059	-0.11340640737311	0.0716778620085328	0.090957646549425	-0.297276259401608	-0.139496764104896
PF_ORGAN	-0.0136874947689088	0.0475080112232059	-0.196449996004952	0.101506397373657	-0.36777306065392	0.227866907407278	0.054844119305144	-0.10640190046303	-0.153829063253772	-0.377543431071511	-0.012987387507928	0.128567422338135	0.109461889650031	-0.190321764862312	-0.149343384693987	0.0828966941874518	-0.0430336273821916	0.292191488940127	-0.0732073851216448	0.179899229954545	-0.279378051857888	-0.207075434083543	0.109224373712633	-0.13800674579011	0.178670733765142	-0.0530733536767952	-0.390357695440672	0.145845216463673	-0.0148882567883324	0.00998449669092431	-0.032632262826555	-0.0153126760908787
PF_POULT	0.0576595629469612	-0.18562666676427	0.115921466355541	-0.378568452793439	-0.0637115055639636	0.0728096966047618	0.0798658920575893	0.223925233949224	0.0611894246937761	-0.0477451185887983	-0.153832611843257	-0.233071687112151	-0.164280748249277	0.0150746767571549	-0.414903032341909	-0.0363661429889819	-0.139070606125677	0.189590164366782	-0.146248776272819	0.305127402505074	0.0778702916602719	0.225900250497422	-0.0456854911831426	0.102500347523537	-0.239409628479123	0.0858553139813861	-0.0744070859138704	-0.0311018463749025	-0.0696260037092438	0.0996607132477393	-0.325720433273145	-0.152844181152942
PF_SEAFD_HI	0.221719004559701	-0.198304372461918	-0.162583984913549	0.0416968485137621	0.152651737142473	0.0720170592369575	-0.0684221540455142	0.0723710621198217	0.229573752346056	-0.239550925235589	0.102608649253797	-0.263690388101264	0.0741850722364482	0.0842549444593625	0.250410440154696	0.104789529005892	0.130897168409313	-0.187452893409502	-0.143299163120131	0.305665912777257	0.31614079239488	-0.114920104108504	-0.0183736193509549	-0.410605496497287	0.256300810318772	0.160315382056728	-0.0247280472426423	-0.0193072653806824	0.0617994705613881	0.0413347667639168	-0.135094137908878	-0.0633928693995375
PF_SEAFD_LOW	0.145823640195808	0.0147205692062801	-0.153095749952933	-0.0448590116450267	0.260168601240051	0.366269740925017	0.105014856943396	-0.118001745493358	0.333464532438733	-0.0839873202772647	0.0644117060699515	-0.117740901386835	0.0407953729626592	0.272998626587139	-0.0174128342228845	0.109003401784392	-0.149463832889564	-0.107361440111435	0.0338325245145432	-0.427530928676488	-0.130011024289055	-0.127607549254387	-0.0637144975413143	0.226918528740205	-0.149918229908961	-0.130153363285702	-0.321477115577359	0.0689888842706541	0.113408449433632	0.049737750391129	-0.162557552314102	-0.0762800654659571
PF_TOTAL	0.307051247212431	0.015326779738513	-0.290141933246334	-0.15041525973173	0.0198033762838304	0.101368988513378	-0.205835853417232	0.320357621479348	0.114795010586092	-0.013591152485295	-0.248167283567139	-0.128967997051706	-0.0429782385806993	0.00845743830233215	-0.0906243176017602	-0.00865289580779441	0.0157367611936466	0.024283595264725	-0.00957413315247582	0.0238257472431162	-0.116757290043509	0.132518568570042	-0.0514228969704866	0.0139347729520281	-0.00223598573746001	-0.0327983644267203	-0.0766395150919835	-0.0260980149375911	-0.0370945917008529	-0.18812743045772	0.614855605206515	0.288520743266599
PF_EGGS	0.0970383848511259	-0.0635673841744761	-0.0728523463954543	0.0982803999676315	-0.0278923563024761	-0.29243300073391	-0.325699068561106	-0.0735109303711357	-0.240126492610567	-0.344665054471415	0.0502497287918662	-0.327222983658346	0.0679346978239371	0.0540153727936981	-0.00344411901162391	-0.0748003165805279	0.0514211593967882	0.247118380302022	0.355072041038165	-0.275480304311568	0.105902248166862	0.231386096620396	-0.312658902961198	0.0365645979518342	0.046118610661477	-0.0661651614111879	-0.0638092628413009	0.0657892944987035	-0.10979841128753	0.0359310576033074	-0.117433231903717	-0.0551054964224962
PF_SOY	0.0322927923054767	-0.0829924892019209	-0.0876240970797806	0.094399152291754	-0.0134787046203368	-0.126481832206784	0.268700224392154	-0.019643194340706	-0.0575141688324746	0.165457296315902	-0.548761938353465	-0.336681288360086	0.167977831396268	0.00478160888035822	0.407454489151294	-0.188533753886122	-0.133151633273759	0.237337852597151	0.0716097208091418	-0.0246828607674722	-0.0181316748741285	-0.130930576565113	0.295353068092752	-0.00393331079718025	-0.123512333280635	0.0458987367812326	-0.0511134606161126	0.0393644213280254	0.0388198230805898	0.0172714756419184	-0.0564482467165153	-0.0264883168679499
PF_NUTSDS	0.204301635242938	0.105783631806409	-0.0985284796323323	-0.0563089087355589	0.359363892954674	0.131793668989254	-0.0809983036499944	0.111228837767102	-0.131210866115028	0.0511732876964718	-0.0422463140831243	0.312706054717655	0.413648661548315	-0.107763683656486	0.176930673864633	-0.0536442026812748	0.0472132523977982	0.118225587066079	-0.0925079983278445	0.146507870260106	-0.088584634896769	0.377837591340594	0.0514665145753258	0.0364243304229936	0.0725890279094303	-0.356496610050316	0.013462690453753	-0.165507119143089	-0.0863904169840474	0.0676539284791557	-0.221112875663277	-0.10375712718884
D_MILK	0.0896345211887452	0.357386407199854	0.0564395609176894	0.104641021836756	0.000897825893184011	0.231007576380581	0.0374388080538233	-0.126085030146323	0.113241226354321	0.0467802314768423	0.10777765759387	-0.337306997563397	0.0124985497327859	-0.178906325614667	0.0456296793260779	0.259789328974518	0.190713707096621	0.346054176022167	0.0562500408341643	0.151158051115182	-0.0873145099494946	-0.0252280029729208	-0.08698626555356	0.319437021708297	0.105206444783508	0.197463920243729	0.281792450442957	-0.282446681613962	0.167488344534847	-2.08166817117217e-17	3.29597460435593e-17	1.31838984174237e-16
D_YOGURT	-0.0794287480169161	0.016781933835025	0.216097389759364	0.145847858526584	0.0886911621166522	0.099458173942699	-0.0632581185890307	-0.0824402265152718	0.351076253155039	-0.196355020257045	-0.138056723261168	0.0186559388130122	-0.158347876009972	-0.485855727299182	0.164366103237736	-0.413674599241782	-0.0133987830376848	0.0186850456287026	-0.244970209780197	-0.121640554467105	-0.145826508173752	0.151973765550194	-0.304494879213954	-0.137265135237733	-0.0951517353649299	0.0516846129646691	0.000721183815007471	0.0944878327086318	0.0669635432729274	1.38777878078145e-16	-1.73472347597681e-17	-1.27502175484295e-16
D_TOTAL	0.114965358600978	0.48335783247893	0.0518561807090645	0.0838761387716359	-0.0220885611428326	0.143927528317782	0.121460567673104	-0.0937662922011828	-0.0418467752270429	0.0212187880253419	0.0572389632591365	-0.12946710919761	-0.0929820136289446	0.238191053431001	0.0756799796172442	-0.133494275112635	0.0639024621681373	-0.0630421399750653	-0.0824683341282117	0.0875565518464329	-0.00161537488380804	0.048219990036516	-0.0219398739591714	-0.140017341201653	-0.138118819861773	0.0690226859922835	-0.00934845788612583	0.177279526194399	-0.698006071689034	0	1.96891114523368e-16	-9.54097911787244e-17
OILS	0.296242519359216	0.0636766075431917	0.0494097678050387	-0.228095399578597	0.182242678965354	-0.130545864005807	-0.160328297224659	-0.127272692582762	-0.11752974860522	-0.190405820579724	-0.0401398937455502	0.299085216455307	0.159506714017567	0.145823561465845	0.0251888046647443	-0.113418254941067	0.0581684952822465	0.106847149641813	-0.135330316639653	0.0105860604185554	-0.0658634887276975	-0.153040751236994	0.0450695835488682	0.188987523167378	-0.105799152955479	0.556202059740615	0.118291358496947	0.326895260728345	0.141711016521753	1.11022302462516e-16	2.51534904016637e-17	9.36750677027476e-17
SOLID_FATS	0.107280036591364	0.44666009421039	-0.0933295595655207	0.0499428361571628	-0.212347820576613	-0.0493576694895814	0.117749574189951	0.0533123830556438	-0.0333639495548571	-0.0940256116915101	0.0519169726148627	-0.0524621649440423	-0.0252554303107389	0.00894407229303262	0.0179755924182015	-0.171309228392662	-0.123547523919187	-0.200325741152943	0.0203845358237771	0.195704413289123	0.33481392924386	0.172245040977018	0.0187936935675838	0.146431419700791	-0.0667258733556733	-0.257486575991691	-0.00037090172728043	0.338607314331481	0.473999715608819	1.45716771982052e-16	-9.54097911787244e-18	-2.96637714392034e-16
ADD_SUGARS	-0.0763051229501666	0.144313845498613	0.0138785817927172	-0.126973934953047	-0.234490470591666	-0.210590378642117	-0.274593962876558	0.168388422734735	0.304800253049038	0.0539487979935802	0.170136738179625	-0.0409272795194162	0.322405764161682	-0.097076275163015	0.0288104348895057	-0.0179562523949063	-0.172065384394724	0.20965653550924	-0.383456789852087	-0.216262236440085	0.30249115449515	-0.260416887347675	0.106335275670004	0.144578998519806	0.0139765356295407	-0.110949740030265	-0.0197161943746224	-0.0595843000835112	-0.19402403279489	1.38777878078145e-17	-1.21430643318376e-17	-6.59194920871187e-17
A_DRINKS	0.0617671736550063	-0.0857249600332445	-0.308883205317477	0.0636649469895193	-0.246496632952223	0.298029628343393	0.114120651166832	-0.128900609711123	-0.0620613308078779	-0.284453236844465	-0.141476479741777	0.251439885587894	-0.0297596029211308	-0.00684480270451496	0.00586769644802997	0.000377629294775887	-0.183331001963223	-0.00983183261986486	-0.00773066654216291	-0.234454995310678	0.346496187391356	0.119327396672702	0.0375082273569309	-0.0383109936424483	-0.203511582869537	0.12848336107579	0.391516545228548	-0.312241719566571	-0.081048305620849	5.89805981832114e-17	-5.42101086242752e-17	-6.93889390390723e-18
