"KCAL"	"PROT"	"CARB"	"SUGR"	"FIBE"	"TFAT"	"SFAT"	"MFAT"	"PFAT"	"CHOL"	"ATOC"	"ATOA"	"RET"	"VARA"	"ACAR"	"BCAR"	"CRYP"	"LYCO"	"LZ"	"VB1"	"VB2"	"NIAC"	"VB6"	"FOLA"	"FA"	"FF"	"FDFE"	"CHL"	"VB12"	"B12A"	"VC"	"VD"	"VK"	"CALC"	"PHOS"	"MAGN"	"IRON"	"ZINC"	"COPP"	"SODI"	"POTA"	"SELE"	"CAFF"	"THEO"	"ALCO"	"MOIS"	"S040"	"S060"	"S080"	"S100"	"S120"	"S140"	"S160"	"S180"	"M161"	"M181"	"M201"	"M221"	"P182"	"P183"	"P184"	"P204"	"P205"	"P225"	"P226"
1	0.872673423015677	0.860722766729707	0.577299286598514	0.570539829258632	0.91470305100613	0.799019214166635	0.912141366517173	0.758320311927584	0.716489441052523	0.58162218450232	0.0922889963682497	0.375629666877964	0.565236462515374	0.481415305624868	0.442156522332505	0.171122911565778	0.483905880259868	0.0208162357049238	0.63918400094719	0.766313103703404	0.786794903542899	0.597158414898618	0.638866530531941	0.239970810999542	0.633802306121721	0.551017764610204	0.844368115874056	0.450757743815271	-0.0534663398475638	0.197131449670641	-0.0285870600569568	0.254201038970136	0.650229131727392	0.844402412269163	0.715589841834094	0.733385761615538	0.679319986836737	0.606008463493755	0.850119888082738	0.698813113117465	0.788970641263878	0.443758487854479	0.288490953374228	0.447629278438486	0.467730991581866	0.487206218485418	0.500375165181927	0.131809015467664	0.392975765702512	0.00848101542611596	0.491823254516575	0.852460570444675	0.81464836304533	0.670246338184981	0.909858429651302	0.568382532683697	0.274315072605141	0.735186860715938	0.82219237161516	-0.00274376692245571	0.255747449681869	-0.0688936363932593	-0.0285679021968406	-0.0635744392411515
0.872673423015677	1	0.652224201190063	0.329799023626229	0.607090418524776	0.784135914838818	0.643432238066397	0.803831586458209	0.645789578427382	0.698594839776681	0.50324665966685	0.0672135850183179	0.210160851893644	0.559875713025985	0.595211267925573	0.537490892928762	0.2719926731763	0.584388714142391	0.037660373747641	0.628657100296843	0.681623317353381	0.845772427880523	0.62163699358707	0.552383749150101	0.0808289540653927	0.66205717034915	0.431792326468598	0.88573354730957	0.447893895208399	-0.16843571358211	0.312494360698462	0.120317903209388	0.283035659219193	0.592300427644798	0.856743550691931	0.780512934149891	0.662118131148643	0.643439761526593	0.558852293521598	0.851684090106643	0.80214490151594	0.840861492039594	0.470060599711796	0.0705531588395505	0.448928152684656	0.512899429541356	0.232719711346639	0.265960196770409	0.0522466375905791	0.221900083933049	-0.0081734468884062	0.358842916279958	0.729059532766754	0.632759815804044	0.781956451706017	0.792084464182191	0.472734399864242	0.211461699665525	0.612898525491341	0.752122552365944	-0.00929843195136308	0.366478014097373	0.0729220683149419	0.127928075768553	0.0876498024770769
0.860722766729707	0.652224201190063	1	0.699694499222147	0.575701082022226	0.616810447142277	0.562377640219558	0.636640304723634	0.450842031612153	0.563557231288935	0.314696342702003	-0.00516696008129648	0.389272357193747	0.396249581543491	0.232588150925317	0.234442901053237	0.076333443167315	0.304882566921282	-0.0391033304258454	0.638324429095182	0.717803277097897	0.541108442767707	0.379549896005722	0.636767881837604	0.341409373549957	0.536359783018057	0.585684277725609	0.667347145933237	0.306129822771189	-0.0432737082541256	0.187563319324714	-0.113295918932482	0.101254760367205	0.616643534390295	0.668213495672061	0.594861031082833	0.67707925548489	0.585860426049971	0.518246186087407	0.711750098703854	0.571708274958145	0.553596635541715	0.422322443292164	0.317851533309714	0.188280298571972	0.453217129292452	0.465782031790041	0.46417780733175	0.103775375195729	0.342126909169433	-0.0214094214651304	0.369660304193227	0.588822753728359	0.580545637963741	0.430115286604246	0.638109324655854	0.360705072388195	0.129572124414002	0.435559684234495	0.558608197588901	-0.0277185797609225	0.0940932939381033	-0.159113622962705	-0.141301918208719	-0.161190030952504
0.577299286598514	0.329799023626229	0.699694499222147	1	0.107098167226902	0.444558122051831	0.526851459725027	0.420417765897538	0.238156708097275	0.491448041988458	0.14097828426592	0.0024934194923996	0.533547363195296	0.438076019910287	0.0849723719958286	0.211418662106366	0.195666341365683	0.217426574494379	0.0694161223545794	0.255438971539009	0.5707320266699	0.249264492224888	0.23437012774476	0.242590304838674	0.170454348183873	0.159586339592315	0.236647047339355	0.426294076853859	0.418753508575167	0.106102109303605	0.148004950832215	-0.0614146890810382	0.0830433089808416	0.543678449012139	0.406681064200787	0.22685192494295	0.344430897019209	0.455921549714978	0.249829768720539	0.338351653497412	0.310841459050317	0.258097563653412	0.330420885748903	0.464974311012593	0.0660011110919621	0.160432545432393	0.615349784434052	0.609905989314921	0.167825653564934	0.459279490744523	0.0049678647550329	0.476366949880383	0.508024260375745	0.546086056770917	0.379118340495274	0.419070678744791	0.177415130989488	0.0652612878061708	0.227122648227961	0.350441975744824	-0.0647835742128887	0.0590343910027651	-0.135844433041528	-0.130376491072288	-0.157717097667563
0.570539829258632	0.607090418524776	0.575701082022226	0.107098167226902	1	0.404241448850694	0.272021532611035	0.455466751046635	0.345034594202485	0.192725768170446	0.463240285001298	0.0337140165278975	0.0456475965643053	0.423794690304959	0.529334630068864	0.478179973241799	0.255433979939995	0.576001406868224	0.16890901431807	0.484551504910649	0.505611167793576	0.392106029958068	0.376356620820815	0.639941933975215	-0.0291217275366578	0.884225069808615	0.457601768464288	0.583902438408601	0.12774903751819	-0.0809770118134649	0.338001946177487	-0.135980996024388	0.312318355827151	0.371548685189225	0.630842616737938	0.862390025898903	0.668128344179084	0.510592065065876	0.684479231285184	0.615392076375157	0.76920378515033	0.36639661137388	0.423703374617513	0.0525295930535353	0.331380252071925	0.526356348255348	0.0602988785252006	0.0874952996625957	0.0053939441485406	0.0711133001932321	-0.000507853270236003	0.10898833404044	0.330751860349494	0.245873427070225	0.292870481461886	0.46032093385007	0.0936362667997188	-0.0989668449234705	0.341848860367531	0.403095562576295	-0.114608088404242	-0.088337972205025	-0.181739822650167	-0.129355117428502	-0.178259099163612
0.91470305100613	0.784135914838818	0.616810447142277	0.444558122051831	0.404241448850694	1	0.885677011057439	0.976752849132411	0.858685219914094	0.686944438722799	0.639362437358671	0.156548006815791	0.362346887051723	0.574597541099161	0.512130294052023	0.459869698498815	0.187104778488348	0.464868071641693	0.0356806261558612	0.506043329438155	0.658664868862691	0.755259402166203	0.580182807568439	0.481809846423195	0.14148434257434	0.51384871733864	0.401206463439146	0.761854951585055	0.447706534210651	-0.00329794661499826	0.0862811855656223	-0.0141935904905472	0.285631573967644	0.560437752497555	0.760340029948909	0.599724752811653	0.598123555076652	0.601764322113382	0.513805579919828	0.76930372974414	0.572482370219124	0.752405678078675	0.32012596774194	0.277036813472819	0.440731693399026	0.327459020461584	0.510828142919753	0.52967426770366	0.17229515090293	0.434503676827842	0.0506659552125539	0.547649038074718	0.933181212127076	0.894596599453613	0.662473372818767	0.976335929191429	0.653462864980194	0.384110890478278	0.83471115223967	0.892191949344635	-0.00769821752590498	0.300480070562816	-0.0468058755120626	0.00759952097108185	-0.0411288498915042
0.799019214166635	0.643432238066397	0.562377640219558	0.526851459725027	0.272021532611035	0.885677011057439	1	0.848915606644085	0.560473566659191	0.651670420998999	0.477539524173337	0.277812722055231	0.519060764963955	0.580114276783767	0.413631061292695	0.366158347955656	0.234133714634508	0.438621151827635	-0.0340772149135466	0.465708140940576	0.628708409610646	0.579327790806953	0.418829990197831	0.394195184435771	0.182025814332131	0.361266757476169	0.350778566699304	0.637085729492207	0.458936897637519	0.0547523265850838	0.0548378688893046	0.025532044318283	0.150398679566938	0.587806217690871	0.602513333198102	0.440119197179048	0.475329096131568	0.497572162908341	0.337254792754893	0.668074245632921	0.451453356863441	0.610547819223166	0.309724467366034	0.365787261515035	0.28137376806738	0.297064887512665	0.732775901925956	0.781989028927801	0.448331757493061	0.743348413316429	0.288492768348715	0.849271075756041	0.957980873470703	0.954933183795693	0.709906942268106	0.845700667379759	0.51402399577524	0.279017487794665	0.530043776670614	0.705331614540716	-0.0274345190897766	0.271601113865753	-0.013912723638097	0.0229964874271515	-0.0230371480300743
0.912141366517173	0.803831586458209	0.636640304723634	0.420417765897538	0.455466751046635	0.976752849132411	0.848915606644085	1	0.801110148334557	0.6729330607465	0.583219641556119	0.162453165196608	0.328726457719417	0.588566255075393	0.574438782844097	0.493415584804512	0.226357089198029	0.518340741608356	0.0643251942409208	0.490454083531458	0.641853845949736	0.763244238068116	0.585756097305008	0.449485080788017	0.0801381786605026	0.52390742170002	0.356067738478307	0.771640865957661	0.398338738310937	-0.0279557663004001	0.155515206977417	-0.0489319705952329	0.307347805728663	0.549675463661153	0.730835852890857	0.626814159071796	0.568164917249649	0.564173360112359	0.469869208919891	0.823393030556578	0.602258174503316	0.696350704702221	0.321303858422368	0.243022292729731	0.382529067043471	0.312733113689534	0.482761372514437	0.483796222770822	0.103766827245654	0.367666061397184	-0.0110791904876017	0.487393901372361	0.917596642407117	0.856736449312552	0.675056332506822	0.999339465704708	0.676063393520063	0.391091440488922	0.773565138636744	0.892226796631413	-0.000607836779694054	0.275343120629581	-0.0944772749507354	-0.0164821798945003	-0.0792163540494681
0.758320311927584	0.645789578427382	0.450842031612153	0.238156708097275	0.345034594202485	0.858685219914094	0.560473566659191	0.801110148334557	1	0.534227823769797	0.700684836608074	-0.0169189006376923	0.125768901814726	0.382675432904477	0.391172111899254	0.386573514851546	0.0305906810129212	0.290093834676706	0.0737099998546213	0.367865235999159	0.495378835922353	0.6829365294128	0.561043882103672	0.448961086021317	0.116662996434132	0.494444080972162	0.369285098577436	0.643197033622774	0.333603790314276	-0.0339979390628334	0.00826807733444845	-0.0655704038164807	0.327266058527584	0.36571362542735	0.722961165913326	0.534855092879054	0.568897980273351	0.560374918807977	0.596030071740022	0.585257491229946	0.470528623632294	0.718238211835255	0.198257058632385	0.148879539487427	0.544863384920867	0.263370677199927	0.162576680266837	0.173989293930011	-0.0510440040934828	0.0885720663849926	-0.102781954456897	0.155690912215017	0.651982918653875	0.621917544567788	0.36696699724934	0.805431396519161	0.593419164564315	0.384199015903597	0.996545425307288	0.831346180822905	-0.00497248689292021	0.237286945888982	-0.0533021232080795	-0.0329841274724276	-0.04955499607602
0.716489441052523	0.698594839776681	0.563557231288935	0.491448041988458	0.192725768170446	0.686944438722799	0.651670420998999	0.6729330607465	0.534227823769797	1	0.288007795935187	-0.00837845026468733	0.402634367518735	0.399568836561168	0.231629393429818	0.22883656634519	0.0827610839248367	0.233054624076801	-0.0105622325910988	0.386831033607186	0.529409675194224	0.564371503880514	0.422836054023782	0.313693288041322	0.0981067361937761	0.322600647522709	0.263823126813155	0.851297347684368	0.329110389211063	-0.0846724809980126	0.179805769903502	0.0715810212295506	0.141188929083389	0.50968921585399	0.605849106945493	0.386741695751034	0.445961935371348	0.413793566834394	0.242100580843403	0.56518578936761	0.43545953939112	0.726790774274832	0.258035091624802	0.0381943545681994	0.199563715356388	0.248019752633222	0.388423986218056	0.405331771785411	0.0908303284591939	0.322658246682765	-0.0172251142042037	0.409583144964924	0.717564167318866	0.648046619761814	0.670286687724251	0.66138714985205	0.42976657546558	0.32673444245373	0.502422012251191	0.636186741246066	-0.0896215469401846	0.500053963263318	0.0113988256147925	0.0536074384613674	0.059167527992476
0.58162218450232	0.50324665966685	0.314696342702003	0.14097828426592	0.463240285001298	0.639362437358671	0.477539524173337	0.583219641556119	0.700684836608074	0.288007795935187	1	0.430405066952086	0.245421782964598	0.48495225128196	0.484455542064809	0.424635249447703	0.129545214997942	0.466716251883714	0.132150074160385	0.245538737695868	0.428230538061413	0.513977742674951	0.471099306929036	0.556442017716532	0.17120788824275	0.605893908109825	0.466415359833716	0.474604160401604	0.343366781705263	0.19184376936366	0.183074411171008	-0.0905816935446153	0.283977993232356	0.332716276491016	0.647619207926998	0.564828072993099	0.59130604955417	0.503801825054002	0.627082926619975	0.421563406187805	0.482167254893938	0.511558836826773	0.207598698610741	0.235984708420014	0.716906799758271	0.345957991220333	0.184288409591684	0.199119214480331	0.0165797831109343	0.137653272322546	-0.00636379242939072	0.22738864728682	0.517815109585007	0.541609624886133	0.357435610899922	0.589996214448783	0.281440675827432	0.134496069959429	0.720204243800081	0.452361869368669	-0.0311704333149907	0.00527316008453214	-0.11404603281028	-0.0790787910274666	-0.109693047116086
0.0922889963682497	0.0672135850183179	-0.00516696008129648	0.0024934194923996	0.0337140165278975	0.156548006815791	0.277812722055231	0.162453165196608	-0.0169189006376923	-0.00837845026468733	0.430405066952086	1	0.243630820250069	0.1961750150054	0.125760446398866	0.0738352278871817	0.104632749050534	0.114452305730779	-0.00987354645208732	0.0329680547721177	0.0741105997215683	0.134775427544492	0.0674174749977148	0.107244212146768	0.135792734343155	0.0428794871435109	0.126110098495309	-0.017416067929321	0.162163238453058	0.235550849281431	0.213179358597268	-0.0485908811619139	0.0227640586159217	0.159577454159338	-0.011256715150631	0.113155408182559	0.0334867051094981	0.0815369587794461	0.0175633702043003	0.0767891838502104	0.0499149967418253	0.0367928344000932	0.12966445433963	0.19061084905773	0.0875500370884194	0.161160718745888	0.193390275679057	0.208443462499082	0.068543804624342	0.169770756235408	0.0584056861751943	0.257931177114095	0.249548551778948	0.309841844000045	0.245588329858988	0.164800972102891	0.0436635048300879	0.15412633697938	-0.0196896569974807	0.0605212263953231	-0.0477921865177308	-0.0819557102634363	-0.0591519493919416	-0.0207453892011149	-0.0618757022767838
0.375629666877964	0.210160851893644	0.389272357193747	0.533547363195296	0.0456475965643053	0.362346887051723	0.519060764963955	0.328726457719417	0.125768901814726	0.402634367518735	0.245421782964598	0.243630820250069	1	0.59646293423471	0.115822480467383	0.0806313276274779	0.0881808228326845	0.134197981619766	-0.154123296658163	0.342951445345637	0.633901742091331	0.186584675713801	0.174710874459475	0.348612438579493	0.448682160345171	0.0589924968767952	0.410707428984993	0.33754906802824	0.557920616687873	0.440231952335302	0.0465322960102067	0.0930451523564782	-0.141989821847061	0.664238663783	0.331709701233868	0.216757876182186	0.424629822247439	0.460248753555958	0.152680433912388	0.167921166140807	0.189241822596489	0.18675974748617	0.0871031928261944	0.495348418205743	0.024664131015168	0.0840877705212272	0.719450168100902	0.763922243099752	0.171614490140054	0.549389040955232	-0.0009744007385033	0.558012691367832	0.484315302248821	0.488105125556321	0.295478474342806	0.335732042769433	0.134623326154503	0.0663441004671662	0.119996152744077	0.225876118595498	-0.140632516980711	0.031078206021486	-0.120615051549985	-0.105466277001999	-0.138718417215622
0.565236462515374	0.559875713025985	0.396249581543491	0.438076019910287	0.423794690304959	0.574597541099161	0.580114276783767	0.588566255075393	0.382675432904477	0.399568836561168	0.48495225128196	0.1961750150054	0.59646293423471	1	0.784000976910112	0.845294286292284	0.368376603460183	0.736424582706437	0.300787475838528	0.328575553075639	0.679602848868667	0.450570929734927	0.42948308134193	0.435440871471161	0.144697919446294	0.445649460467318	0.367325783753036	0.58863138219151	0.583684687402095	0.155171522605889	0.40816159187781	0.001848176001097	0.410839180213027	0.582110703622806	0.545233731347869	0.615839366160276	0.584945372121553	0.695731116303881	0.524899427363938	0.567207127701442	0.669268908968131	0.317762797784218	0.337216202250821	0.443255900942076	0.319543232642861	0.321031387834809	0.441823925807454	0.503003351099228	0.216449441612792	0.436927207240248	0.116697988222792	0.492545431575564	0.593318249155304	0.505977516159657	0.475862675437472	0.591545024764341	0.246398361873032	0.0279180758613907	0.362801895698144	0.553280496060364	-0.0226862056426576	0.00352753969630565	-0.075780904346936	-0.0925129121431493	-0.12128054038759
0.481415305624868	0.595211267925573	0.232588150925317	0.0849723719958286	0.529334630068864	0.512130294052023	0.413631061292695	0.574438782844097	0.391172111899254	0.231629393429818	0.484455542064809	0.125760446398866	0.115822480467383	0.784000976910112	1	0.857656434414283	0.33021884257719	0.834770007661669	0.278839245108663	0.216606681104633	0.36219556359307	0.483313359348662	0.431087304639283	0.306861558164542	-0.0942024514578358	0.490403102240235	0.190117499666544	0.507627585771348	0.31530859089036	-0.0251955223614922	0.421610650271473	-0.0398897650596351	0.430519028436917	0.272423385067958	0.44336129452476	0.574124001763024	0.439121605342319	0.443961727736082	0.415644363979402	0.608624117734823	0.630512767188981	0.298182340270445	0.253345293930534	0.143350115871806	0.415303649689343	0.206019829372521	0.10880155856555	0.14103704536211	0.10101048798852	0.159554520525751	0.0860585814657256	0.24907907041523	0.479163219823577	0.338190317181496	0.456427447529581	0.573720622653133	0.237369649844257	-0.0203909135660783	0.373597303198646	0.510086073035246	0.0393223455050619	0.00434075171977749	-0.0542572149793965	-0.0199164711870115	-0.0654332504199045
0.442156522332505	0.537490892928762	0.234442901053237	0.211418662106366	0.478179973241799	0.459869698498815	0.366158347955656	0.493415584804512	0.386573514851546	0.22883656634519	0.424635249447703	0.0738352278871817	0.0806313276274779	0.845294286292284	0.857656434414283	1	0.392187016639948	0.802314740903153	0.501448564941876	0.173344492831211	0.4313202745505	0.419162795918249	0.406350337043646	0.307430976108555	-0.113776532112266	0.507573365319241	0.183688684259134	0.499227214443065	0.360473313500397	-0.107030039806733	0.472853277566943	-0.0612542177569288	0.623162412979343	0.282513034086799	0.451968001798009	0.616734072231824	0.441037270377755	0.574436019516436	0.567208447386583	0.579235234688499	0.704102213097935	0.262976219841935	0.375370149621924	0.240965916447391	0.36519780902548	0.362076777331739	0.0698794979755016	0.118277248431393	0.163207077333115	0.182647983213584	0.15326508087063	0.239626874895709	0.399537804730877	0.297292131852852	0.375987967739485	0.492585844890032	0.211349969158127	-0.00546893764973494	0.365477600719048	0.534359466439193	0.0676733391862592	-0.0188344383210808	-0.00633240208427745	-0.0498150410644815	-0.0567293458794858
0.171122911565778	0.2719926731763	0.076333443167315	0.195666341365683	0.255433979939995	0.187104778488348	0.234133714634508	0.226357089198029	0.0305906810129212	0.0827610839248367	0.129545214997942	0.104632749050534	0.0881808228326845	0.368376603460183	0.33021884257719	0.392187016639948	1	0.581821582052423	0.0842614178471708	0.119392984830843	0.32249386579108	0.132462943988038	0.211642082808715	0.125786399372137	-0.0550666815914218	0.224074982749299	0.071346214268664	0.227241834206273	0.163489152665301	0.0282967114568956	0.3551727080153	0.00383608599039493	0.123669044881005	0.401366322196803	0.290353338908529	0.369213718414677	0.165596018246443	0.157449004695517	0.112220452679708	0.200187082338315	0.407338655981556	0.0278736796204148	0.113617128082221	-0.0719818728700534	0.139803625842759	0.188214910512915	0.20507848576446	0.250208581780912	0.0883412495200575	0.224531904341593	0.0518821868659093	0.26173400776838	0.230239269673063	0.181846695929461	0.315290066444474	0.222085191646588	-0.0429345715545104	-0.0291645875185094	0.0254037705389944	0.129876156267572	-0.0925806699936016	-0.0514858224738204	-0.130162297404998	-0.0507830743956231	-0.120563239350628
0.483905880259868	0.584388714142391	0.304882566921282	0.217426574494379	0.576001406868224	0.464868071641693	0.438621151827635	0.518340741608356	0.290093834676706	0.233054624076801	0.466716251883714	0.114452305730779	0.134197981619766	0.736424582706437	0.834770007661669	0.802314740903153	0.581821582052423	1	0.178836149484442	0.235064861416086	0.412779354661514	0.433723364449511	0.440525051404276	0.340786152728631	-0.0858244228542007	0.529955622273904	0.21754259136022	0.513403864626199	0.33662302185854	-0.0156725308219288	0.398213947879261	-0.0442734581469448	0.310282070343349	0.342356986526932	0.522830581192394	0.625435783021268	0.456930424642296	0.497725352731679	0.48064103239316	0.572136707923679	0.686832950223376	0.261687476353465	0.241921351061995	0.219203703245592	0.412251120449028	0.291505568601643	0.255013521207053	0.270459538338797	0.156579690047018	0.25908044556315	0.120399642954424	0.340466812979674	0.463874816302808	0.371374945167823	0.456265728902831	0.515907475253612	0.173034313363338	-0.147278158851907	0.275107224114404	0.419809872576272	0.0195111322242709	-0.0266592206246741	-0.0729080349270448	-0.041618068512583	-0.0919395517936713
0.0208162357049238	0.037660373747641	-0.0391033304258454	0.0694161223545794	0.16890901431807	0.0356806261558612	-0.0340772149135466	0.0643251942409208	0.0737099998546213	-0.0105622325910988	0.132150074160385	-0.00987354645208732	-0.154123296658163	0.300787475838528	0.278839245108663	0.501448564941876	0.0842614178471708	0.178836149484442	1	-0.0856125638112475	0.145046159616883	0.00695835367683053	0.0832444337626862	0.109089652155179	-0.204330500515381	0.328385981295857	0.00804597218306083	0.0940246090693487	-0.0552621076244478	-0.0892396385179123	0.501492045423355	-0.0994321892319219	0.933288711584316	-0.0029026805714493	0.000178326688217996	0.243152341676576	0.0984104384378875	0.0176777923578418	0.179018218326691	0.153300555638464	0.363540976257024	-0.0468113271372862	0.245706977026246	0.0861425542679528	0.119538103209406	0.254666493166089	-0.113404555345087	-0.0988469223546085	-0.0799323339359357	-0.102080276537417	-0.0562037626504454	-0.0883864530102137	0.0140850265812011	-0.0444349969401375	0.0315802536858776	0.0655477702700356	-0.0528863153043552	-0.0466927249317308	0.0687604748583223	0.141201485674183	-0.0427184968975269	-0.0748846064036709	-0.0790630655756724	-0.0563136772775188	-0.0646668019509396
0.63918400094719	0.628657100296843	0.638324429095182	0.255438971539009	0.484551504910649	0.506043329438155	0.465708140940576	0.490454083531458	0.367865235999159	0.386831033607186	0.245538737695868	0.0329680547721177	0.342951445345637	0.328575553075639	0.216606681104633	0.173344492831211	0.119392984830843	0.235064861416086	-0.0856125638112475	1	0.663655610248222	0.558737365500187	0.319758965483619	0.717508843463152	0.537033385548542	0.471095268318345	0.712729522272272	0.513618394895304	0.360063896011134	0.105109219529844	0.147102613519889	0.371980157045395	0.0733160565577765	0.553829211302613	0.558917028717357	0.545284092473174	0.676488514048804	0.498897075411189	0.364072157398667	0.625441729893702	0.528712944650907	0.653394417028009	0.27210291379645	0.157105971740701	0.102462461717374	0.423608218864988	0.287186461702755	0.339335575557973	0.0173588780825427	0.224267465142286	-0.0669007279556846	0.334044467922562	0.519088761810018	0.445292661046757	0.542890430289073	0.484331529184	0.189719969614106	0.0467534953613962	0.332905035170682	0.468523814653644	-0.166620764592471	0.465075671442153	0.239809252204931	0.370623804558356	0.280462416235555
0.766313103703404	0.681623317353381	0.717803277097897	0.5707320266699	0.505611167793576	0.658664868862691	0.628708409610646	0.641853845949736	0.495378835922353	0.529409675194224	0.428230538061413	0.0741105997215683	0.633901742091331	0.679602848868667	0.36219556359307	0.4313202745505	0.32249386579108	0.412779354661514	0.145046159616883	0.663655610248222	1	0.642564218252888	0.544706346000811	0.710543737374794	0.407029959737368	0.57853879778587	0.661209313293945	0.689138912833717	0.601447559364078	0.203563543074081	0.288064547012779	-0.0343888575733057	0.285165635213697	0.834632510323432	0.768495530259642	0.720806646333828	0.812836364930733	0.737438145993361	0.550629168862865	0.649997466245846	0.726229691209758	0.521011632200969	0.459802983466023	0.333732531034536	0.307517013118127	0.550926886232939	0.550492961538504	0.600419677785384	0.095583171519692	0.42505929456956	-0.045830906821329	0.46982522365525	0.658688312284306	0.624470880743329	0.520536112912628	0.643168698568336	0.292151582168615	0.0655573303876507	0.48425920446488	0.596985373525753	-0.142358348683564	0.0374667997530797	-0.198336418636996	-0.157919645408522	-0.210949306383695
0.786794903542899	0.845772427880523	0.541108442767707	0.249264492224888	0.392106029958068	0.755259402166203	0.579327790806953	0.763244238068116	0.6829365294128	0.564371503880514	0.513977742674951	0.134775427544492	0.186584675713801	0.450570929734927	0.483313359348662	0.419162795918249	0.132462943988038	0.433723364449511	0.00695835367683053	0.558737365500187	0.642564218252888	1	0.810969136067604	0.546454654664316	0.249155990123773	0.503561989656507	0.486475737834642	0.69217380494578	0.503025621700389	0.149794380810933	0.147379261821343	0.00624215172776757	0.238062703335631	0.467643152263229	0.711591099709537	0.631327550501703	0.618443209390666	0.566034860245381	0.41929734545152	0.725343832065788	0.606451503996936	0.724172813381302	0.371785072451654	0.0993772216237972	0.503944280821026	0.408444437685901	0.166498362522226	0.211346115911645	0.0245180676702865	0.164915273307247	-0.022310506025548	0.270961754689228	0.655663967422533	0.580955797030832	0.636648581569344	0.755658897447639	0.570603671350586	0.317356331241251	0.663330543984249	0.723309070266427	-0.0102882174723056	0.216089004033975	-0.033573449404332	0.00882422656380918	-0.0241576393266345
0.597158414898618	0.62163699358707	0.379549896005722	0.23437012774476	0.376356620820815	0.580182807568439	0.418829990197831	0.585756097305008	0.561043882103672	0.422836054023782	0.471099306929036	0.0674174749977148	0.174710874459475	0.42948308134193	0.431087304639283	0.406350337043646	0.211642082808715	0.440525051404276	0.0832444337626862	0.319758965483619	0.544706346000811	0.810969136067604	1	0.440472802743137	0.131598681432925	0.468820770442544	0.367801024609759	0.593100464591113	0.630575054059555	0.40355821622725	0.179729138042085	-0.0149658871963017	0.235965426033599	0.383105362609801	0.59508041203936	0.583312584254057	0.569407903703564	0.547969723739548	0.402531445012152	0.483200286908811	0.555672528617188	0.454078268880499	0.298658450241386	0.104949917917104	0.618599615996925	0.268513226765019	0.0977744281989355	0.154073192360266	0.016820581215965	0.122369802829572	-0.0181299798584205	0.198416598207734	0.480832771897544	0.421874121053327	0.470605436369032	0.580089854033769	0.381257791166532	0.122012973286181	0.551816365384859	0.573082902291457	-0.0570639839121961	0.0610165842403682	-0.0706893281435439	-0.0649966114823969	-0.0785601514481371
0.638866530531941	0.552383749150101	0.636767881837604	0.242590304838674	0.639941933975215	0.481809846423195	0.394195184435771	0.449485080788017	0.448961086021317	0.313693288041322	0.556442017716532	0.107244212146768	0.348612438579493	0.435440871471161	0.306861558164542	0.307430976108555	0.125786399372137	0.340786152728631	0.109089652155179	0.717508843463152	0.710543737374794	0.546454654664316	0.440472802743137	1	0.668517805818437	0.737654806657924	0.965336287344574	0.538779794500047	0.341022077534281	0.182509008907737	0.264006415537203	-0.0649145626499832	0.254683930920552	0.562060452719338	0.610497422119011	0.68419383693776	0.876415331151848	0.5977542030709	0.611766446211007	0.537512026125746	0.619286919768783	0.528447668269152	0.318918394127352	0.228467070321537	0.461906550018422	0.619912378959999	0.273833932993595	0.322888346651506	0.0337464968692373	0.228284623606167	-0.0459381091731154	0.25447872989175	0.431970019258084	0.392846544721493	0.318329666555913	0.45243205359862	0.148055874034505	-0.0188360197629544	0.450624055306231	0.427043362841034	-0.119482658128228	-0.0227823520393578	-0.147499759400723	-0.11739939102264	-0.141659009512003
0.239970810999542	0.0808289540653927	0.341409373549957	0.170454348183873	-0.0291217275366578	0.14148434257434	0.182025814332131	0.0801381786605026	0.116662996434132	0.0981067361937761	0.17120788824275	0.135792734343155	0.448682160345171	0.144697919446294	-0.0942024514578358	-0.113776532112266	-0.0550666815914218	-0.0858244228542007	-0.204330500515381	0.537033385548542	0.407029959737368	0.249155990123773	0.131598681432925	0.668517805818437	1	-0.00742860481972214	0.839431236619685	0.04464497544179	0.324576979242968	0.414900727795513	-0.0755553313080548	0.043097574325918	-0.172484338598108	0.409897314332208	0.135103513524502	0.0672397621988483	0.490512763873293	0.305626024588458	0.104437458819404	0.0979041077152347	-0.00823996598920877	0.238346355584909	-0.0333629010964471	0.235383840969881	0.111017013028984	0.273978285346886	0.29686891454503	0.340476645846195	0.0572549662286823	0.237646048383716	-0.0373100795191694	0.217763702956833	0.159778470359072	0.182784066234324	0.0488039461225919	0.0834788377107466	0.0300802206411634	0.0823228575091384	0.122586334468962	0.0771339408477513	-0.00734201897874949	-0.025630311107222	-0.0387203891659854	-0.0578380242078056	-0.0512253660389243
0.633802306121721	0.66205717034915	0.536359783018057	0.159586339592315	0.884225069808615	0.51384871733864	0.361266757476169	0.52390742170002	0.494444080972162	0.322600647522709	0.605893908109825	0.0428794871435109	0.0589924968767952	0.445649460467318	0.490403102240235	0.507573365319241	0.224074982749299	0.529955622273904	0.328385981295857	0.471095268318345	0.57853879778587	0.503561989656507	0.468820770442544	0.737654806657924	-0.00742860481972214	1	0.536427737586519	0.670830845445392	0.155402238301735	-0.129948422585338	0.426137486691158	-0.130932446497682	0.493370187736482	0.377157291738782	0.695108032431458	0.856125293283129	0.730408532751214	0.521477889337893	0.730711306828325	0.623420929561567	0.832178502938219	0.4941968719275	0.454897858662023	0.0889613461876207	0.53085698071541	0.582986001947678	0.0944677449475212	0.121152680053571	-0.00891670320012529	0.0883204414318302	-0.027473499556383	0.1431067527416	0.430146239114208	0.363174236196455	0.38428611909561	0.524923434859736	0.162062158147801	-0.0956192613188492	0.492466416724791	0.49307477464426	-0.155228996864359	-0.0137709955841731	-0.165988357771284	-0.106367993141498	-0.146788307384401
0.551017764610204	0.431792326468598	0.585684277725609	0.236647047339355	0.457601768464288	0.401206463439146	0.350778566699304	0.356067738478307	0.369285098577436	0.263823126813155	0.466415359833716	0.126110098495309	0.410707428984993	0.367325783753036	0.190117499666544	0.183688684259134	0.071346214268664	0.21754259136022	0.00804597218306083	0.712729522272272	0.661209313293945	0.486475737834642	0.367801024609759	0.965336287344574	0.839431236619685	0.536427737586519	1	0.409310429067509	0.3622016068418	0.278274685011662	0.166880610716782	-0.0326056775709961	0.125642277674732	0.553648826871935	0.493076369499549	0.523266212124102	0.812414471673922	0.543484764914417	0.483764736769983	0.426712660070085	0.449057527122359	0.470230460580982	0.221136304926479	0.248586881952995	0.376085060967768	0.549091082372714	0.302831590576056	0.353720929919408	0.0438848271102871	0.248660258485323	-0.0472406237385339	0.260694799050158	0.370813347762146	0.350346323619318	0.248899270140523	0.359396504717762	0.118651672108898	0.0148637588539028	0.372586694191274	0.339195309508763	-0.0892029679687749	-0.0255746570399569	-0.12132274869351	-0.106257368013488	-0.121349567797557
0.844368115874056	0.88573354730957	0.667347145933237	0.426294076853859	0.583902438408601	0.761854951585055	0.637085729492207	0.771640865957661	0.643197033622774	0.851297347684368	0.474604160401604	-0.017416067929321	0.33754906802824	0.58863138219151	0.507627585771348	0.499227214443065	0.227241834206273	0.513403864626199	0.0940246090693487	0.513618394895304	0.689138912833717	0.69217380494578	0.593100464591113	0.538779794500047	0.04464497544179	0.670830845445392	0.409310429067509	1	0.459218268344471	-0.121719815745641	0.321681793143624	0.0923487362446834	0.303753281456308	0.582240814842838	0.812583439653124	0.751664349998353	0.680386865560646	0.619058074941518	0.551175821734227	0.739626401995412	0.78737787438232	0.76236247075699	0.420205076751275	0.0881627460899491	0.426274792000968	0.448324468896741	0.298904253675321	0.330473772375693	0.0888134821446884	0.278036938224227	0.00676597488968624	0.370055076388114	0.715253389031806	0.607554415075182	0.667140462887275	0.763150835286424	0.494401349127227	0.204061110247307	0.613496087482039	0.73733451000317	-0.0407140900334611	0.364461106610021	0.0275116786886361	0.0349426670615424	0.0496695012099182
0.450757743815271	0.447893895208399	0.306129822771189	0.418753508575167	0.12774903751819	0.447706534210651	0.458936897637519	0.398338738310937	0.333603790314276	0.329110389211063	0.343366781705263	0.162163238453058	0.557920616687873	0.583684687402095	0.31530859089036	0.360473313500397	0.163489152665301	0.33662302185854	-0.0552621076244478	0.360063896011134	0.601447559364078	0.503025621700389	0.630575054059555	0.341022077534281	0.324576979242968	0.155402238301735	0.3622016068418	0.459218268344471	1	0.467179107818125	0.00681064632006788	0.339419990948871	0.0404257184571392	0.523440659317558	0.48264326322326	0.389974325449801	0.48031353895281	0.70271054427217	0.377643872481543	0.305191063951211	0.409120531256339	0.34843043300755	0.326196073280539	0.448536384271542	0.367976563709311	0.246612211736635	0.390802836068084	0.436938776133255	0.137239960602154	0.345903318339904	0.0305103034100269	0.424318964416031	0.462439834691166	0.438107014802816	0.42103695632103	0.39170203645993	0.335969024402464	0.0243543402252522	0.309483273325894	0.425655189908422	0.211875770245552	0.124216605052752	0.266906579403841	0.117881176522297	0.183477885568303
-0.0534663398475638	-0.16843571358211	-0.0432737082541256	0.106102109303605	-0.0809770118134649	-0.00329794661499826	0.0547523265850838	-0.0279557663004001	-0.0339979390628334	-0.0846724809980126	0.19184376936366	0.235550849281431	0.440231952335302	0.155171522605889	-0.0251955223614922	-0.107030039806733	0.0282967114568956	-0.0156725308219288	-0.0892396385179123	0.105109219529844	0.203563543074081	0.149794380810933	0.40355821622725	0.182509008907737	0.414900727795513	-0.129948422585338	0.278274685011662	-0.121719815745641	0.467179107818125	1	-0.173988366505493	0.0386980749754395	-0.167257754339233	0.163528751120445	-0.0659080984108784	-0.0478365183153691	0.173871095895264	0.103284135011875	-0.15008797552892	-0.201006959046485	-0.157958847199685	-0.172714784111826	-0.155568619304633	0.170949986207538	0.0807936178513539	-0.14533264290683	0.176555367571626	0.22627937644309	0.00826264857437068	0.129900131773457	-0.0352120007983051	0.116797897441362	0.037055656449627	0.0443263768634545	-0.0333555869071883	-0.0205080263362379	-0.0956236491895347	0.0312502226880459	-0.0151247440945319	-0.104211836331102	-0.169452350463497	-0.156086295447215	-0.149207737772371	-0.0966573559436715	-0.142875422208169
0.197131449670641	0.312494360698462	0.187563319324714	0.148004950832215	0.338001946177487	0.0862811855656223	0.0548378688893046	0.155515206977417	0.00826807733444845	0.179805769903502	0.183074411171008	0.213179358597268	0.0465322960102067	0.40816159187781	0.421610650271473	0.472853277566943	0.3551727080153	0.398213947879261	0.501492045423355	0.147102613519889	0.288064547012779	0.147379261821343	0.179729138042085	0.264006415537203	-0.0755553313080548	0.426137486691158	0.166880610716782	0.321681793143624	0.00681064632006788	-0.173988366505493	1	-0.0336366175540043	0.496306533951036	0.262618841077393	0.243191232628777	0.428670044268326	0.307368412588977	0.166097801220115	0.2406380923912	0.290558623569787	0.57670721185171	0.129953425734751	0.172141772500392	-0.0252151744581791	0.199507018004378	0.256758857729356	-0.0368757012489141	-0.00452023328941348	-0.0847762626105743	-0.0334958566723716	-0.075422569827885	0.014429927875591	0.11741393923611	0.0259205890474322	0.296153837767225	0.150286962909202	-0.121317504466001	-0.228868803487132	-0.00199586251203428	0.138417749204941	-0.195122528621817	0.00327746353963396	-0.115430185204212	-0.0243149215777989	-0.087844109660066
-0.0285870600569568	0.120317903209388	-0.113295918932482	-0.0614146890810382	-0.135980996024388	-0.0141935904905472	0.025532044318283	-0.0489319705952329	-0.0655704038164807	0.0715810212295506	-0.0905816935446153	-0.0485908811619139	0.0930451523564782	0.001848176001097	-0.0398897650596351	-0.0612542177569288	0.00383608599039493	-0.0442734581469448	-0.0994321892319219	0.371980157045395	-0.0343888575733057	0.00624215172776757	-0.0149658871963017	-0.0649145626499832	0.043097574325918	-0.130932446497682	-0.0326056775709961	0.0923487362446834	0.339419990948871	0.0386980749754395	-0.0336366175540043	1	-0.105371517426618	-0.00468435765461205	0.0395030432345877	-0.0476324473595702	-0.0748548164391697	-0.0346343816731777	-0.120836748839135	-0.0482981822651992	0.0493287411229646	0.259779336952326	-0.0589663205951404	0.0283943548813115	0.0121027626058579	-0.137492028255663	-0.0450578632391324	-0.00475777769753965	-0.00728176991881798	-0.00455685487850144	-0.001997639988543	0.136781388192141	0.0351540726333016	-0.0124841130943742	0.301230365272287	-0.0653350053812784	0.0812797376501982	-0.00798035466492775	-0.113302265501471	-0.0431944237252318	0.211710007285974	0.743629428702336	0.89569977533797	0.897856345674315	0.927461405029089
0.254201038970136	0.283035659219193	0.101254760367205	0.0830433089808416	0.312318355827151	0.285631573967644	0.150398679566938	0.307347805728663	0.327266058527584	0.141188929083389	0.283977993232356	0.0227640586159217	-0.141989821847061	0.410839180213027	0.430519028436917	0.623162412979343	0.123669044881005	0.310282070343349	0.933288711584316	0.0733160565577765	0.285165635213697	0.238062703335631	0.235965426033599	0.254683930920552	-0.172484338598108	0.493370187736482	0.125642277674732	0.303753281456308	0.0404257184571392	-0.167257754339233	0.496306533951036	-0.105371517426618	1	0.118933430829952	0.206982154660027	0.432109746187787	0.270786677349396	0.189726026395671	0.338524092790317	0.384831754764562	0.538728376127542	0.173236132014721	0.346985251055474	0.15216003182803	0.245210080315062	0.370213043647565	-0.0535589666204666	-0.0357535805105413	-0.0647830359273203	-0.0459945289947998	-0.0563443773272319	-0.0116945895927332	0.220961723743051	0.145344312062343	0.172214054365867	0.307542190775563	0.137489019042798	0.0437241683161711	0.311903628920115	0.428435048139048	0.0025506459717298	-0.00725109666413812	-0.0646796455551862	-0.0549514564561759	-0.0558279165120364
