"PROT"	"TFAT"	"CARB"	"MOIS"	"ALC"	"CAFF"	"THEO"	"SUGR"	"FIBE"	"CALC"	"IRON"	"MAGN"	"PHOS"	"POTA"	"SODI"	"ZINC"	"COPP"	"SELE"	"VC"	"VB1"	"VB2"	"NIAC"	"VB6"	"FOLA"	"FA"	"FF"	"FDFE"	"VB12"	"VARA"	"RET"	"BCAR"	"ACAR"	"CRYP"	"LYCO"	"LZ"	"ATOC"	"VK"	"CHOLE"	"SFAT"	"S040"	"S060"	"S080"	"S100"	"S120"	"S140"	"S160"	"S180"	"MFAT"	"M161"	"M181"	"M201"	"M221"	"PFAT"	"P182"	"P183"	"P184"	"P204"	"P205"	"P225"	"P226"	"VITD"	"CHOLN"	"VITE_ADD"	"B12_ADD"
1	0.531297942639204	-0.256265057118954	-0.0796092712731202	0.339956384295682	0.161574873913234	0.245776093333367	-0.114128424208253	-0.73520354291699	0.307315428703372	-0.292234385227485	-0.115321934804596	0.896982341711244	0.138689941501064	0.506954583405181	0.695648947942662	-0.479962956026074	0.891645012222464	-0.549662827639692	-0.18339633304761	0.811075132709912	0.661455639896659	0.0383356887624344	-0.537725166343216	-0.398414142868166	-0.395485278430723	-0.505882030327415	0.714156201564118	0.0904934867041339	0.260705146599054	-0.244298031508764	-0.154211413134708	-0.166121489331166	-0.159120925980317	-0.227424281198474	-0.266720096846577	-0.212065711090338	0.914778508752759	0.537108770777633	0.422522824993632	0.431787147792658	0.336054897658437	0.420507159701346	0.170177638284619	0.487913891587225	0.593392094013911	0.509524944239379	0.528279767289604	0.794195803884899	0.483750930103857	0.727127777255644	0.270823891469834	0.227568655205459	0.147117055529283	0.00345310340949221	0.516178633429126	0.91941721196518	0.566793438730585	0.740922712098995	0.646321595428042	0.710944828490566	0.905424236060268	-0.671835084368587	-0.63375431531139
0.531297942639204	1	0.450772988016088	0.0475916552589967	0.723441088968247	0.627125620140592	0.805154891900061	0.558029823338863	-0.116797823160475	0.814344118794357	0.0721422578163203	0.142275706313133	0.747880470268936	0.432183716649954	0.208058186380296	0.684586047499686	-0.133949703466523	0.495468545422144	-0.306184695585539	0.438384667252076	0.714210987103272	0.644138820930111	0.0371558160945717	-0.0837993154901314	-0.0184563469196691	-0.130265063532643	-0.0626830051442613	0.0683283276435229	0.205092116376505	0.523986071673173	-0.422843900284077	-0.429959418320405	0.0655602339969659	0.555822843169912	-0.215538983987305	0.356548046422898	-0.206190719815516	0.490924405384787	0.960865378673092	0.880810430380215	0.860442881379341	0.812985155985659	0.839759668477932	0.67018726142034	0.895235258305102	0.976977784239824	0.948081951045214	0.977789078080752	0.8291221365711	0.974288463149258	0.477094211916469	-0.267159707796539	0.730650802950588	0.75687588670124	0.340548725112655	-0.0362490567611389	0.48308292148937	-0.112449797957474	0.102965632139588	-0.0460261411898363	0.218559462688004	0.360810484709029	-0.337658838953248	-0.345005878016292
-0.256265057118954	0.450772988016088	1	0.449119749308918	0.701078411615957	0.70168448848675	0.757847156400106	0.87214915249036	0.40942433721075	0.527462865926073	0.762118044577226	0.209967853466419	0.0397749979816732	0.0600910847324196	0.142282769170319	0.159090921256368	0.197965343416752	-0.0130515471679703	-0.058607891213554	0.622904299192449	0.034054430119055	0.266364689786539	0.0509956066434348	0.606824299177003	0.724263874629427	0.0122803751454914	0.673527264652206	-0.286362665480674	0.134142003269479	0.264588893030333	-0.169761788174749	-0.0382278459292521	-0.100811057158729	0.683904046764173	-0.204142894640785	0.3502540979144	-0.210428542112762	-0.295204917779296	0.466632961557891	0.351740982506609	0.340125131595135	0.394940727017977	0.331112417357271	0.525125340201061	0.416448421033129	0.42399124639988	0.546721886299842	0.362298017215079	-0.00330721977956412	0.393216829275623	-0.188429943729613	-0.230154327064161	0.437221994430263	0.531093572512635	0.212826711574652	-0.408075690576624	-0.30321853058591	-0.459785731633968	-0.46423109818723	-0.518380742142974	-0.461522856396364	-0.399187141253666	0.214957757171073	0.245116052882889
-0.0796092712731202	0.0475916552589967	0.449119749308918	1	0.409856827235212	0.412329061543872	0.14609644213971	0.26134516967553	0.0984750699967074	-0.00488744596730049	0.420573225905099	0.0893326053019152	-0.0694991335256802	0.150300709648198	0.385062909505302	-0.137681260910674	0.215599357834383	0.183972762986118	0.0239375648423787	0.370503783906457	-0.0386189515354119	0.248302498072712	0.0263507996270254	0.192841239427466	0.19782984699741	0.0602786487963769	0.201507319173758	0.00721663809465407	-0.16120244575693	-0.221745932086377	0.00910321147954788	0.198853001657013	0.0881295472787956	0.160965345379154	-0.0907622434740897	0.0231412506813285	-0.0812657586741517	-0.0959523657892618	-0.0164698857619954	-0.227324086249328	-0.244619795417934	-0.144913294413403	-0.243501539897912	-0.0141892568008715	-0.128150382553951	-0.0098869854682037	0.0708133926297616	0.0750360553994551	-0.0600373539762838	0.0767725985022215	0.0122448371696144	0.157041917797197	0.0924801067955197	0.11911635433862	-0.0307994181279213	-0.0528499292585485	-0.0891020483790422	-0.0227136312853493	-0.107013917839092	-0.0648387135431271	-0.119144628795915	-0.0648886278441918	-0.0153524974712419	-0.00267729414972213
0.339956384295682	0.723441088968247	0.701078411615957	0.409856827235212	1	0.886162716999375	0.776730708845904	0.639689539156465	-0.251518141710865	0.589521389710043	0.362254551483436	-0.172177736653342	0.460718337788653	-0.0076796072650602	0.458796314798591	0.513917751106464	-0.268146248444836	0.482348316292368	-0.498915338102577	0.449140173704812	0.380638067961633	0.727708489491683	-0.15494002016145	-0.0325177808980028	0.267947179597393	-0.481516736992388	0.0792255414497479	0.0651203420993728	-0.0607091453843689	0.25359159975587	-0.553649167783795	-0.283550767392257	0.0455320919424956	0.617535679888118	-0.573829711444477	-0.0109907459900826	-0.57204863585755	0.232259670917751	0.751286612655434	0.546571811802324	0.546601354721437	0.452981788427542	0.507823794994819	0.404737377696523	0.659196502983966	0.75652905236819	0.833946072225087	0.669444164964762	0.545767474368505	0.662069324237546	0.244344937908535	0.0429611348585845	0.441505711259666	0.486714816304171	0.0838373568641034	-0.0508956347733993	0.248706247125678	-0.100898818487758	-0.00344632875366565	-0.125030689392288	-0.0814123382052925	0.0892004628552908	-0.355301383008934	-0.332109491843386
0.161574873913234	0.627125620140592	0.70168448848675	0.412329061543872	0.886162716999375	1	0.72626340088811	0.629723450623242	-0.185285023267097	0.554094931267861	0.365723030377354	-0.236222316799162	0.281659737361485	-0.0883386530329224	0.318365620802111	0.459326956831653	-0.311572622120352	0.23989648961631	-0.520207430539398	0.456479745811041	0.301318012766394	0.564597359955191	-0.129936558330191	0.0451576502561845	0.35454021139445	-0.469142562688315	0.16331581903371	-0.123693959091623	-0.0846181475743641	0.245937220595948	-0.584762887832945	-0.333225342347696	-0.0775137429335312	0.738651814197457	-0.57256726239331	-0.0853862256217922	-0.573757590405557	0.0796545694196854	0.692966156991414	0.549410845582239	0.543962055510871	0.46712722317091	0.513286404672141	0.428593793554221	0.644428129909758	0.67746096354957	0.769882483246012	0.552389842684276	0.478311231665985	0.541893704430904	0.123836910600542	0.058150887970536	0.332885817425291	0.387452745964749	0.0632530252945472	-0.142588622614045	0.107186967743191	-0.216846562127934	-0.14317147588079	-0.259629424950717	-0.229322930330646	-0.0922657881487305	-0.158803623298064	-0.123979604304884
0.245776093333367	0.805154891900061	0.757847156400106	0.14609644213971	0.776730708845904	0.72626340088811	1	0.648904779824739	-0.00534500691209486	0.680148880601217	0.350228175947946	0.192421772076531	0.510226478615311	0.0839763417476106	0.413375535124683	0.465004125706502	0.0220896535815554	0.402754714076154	-0.459258383480895	0.503956006654717	0.42624950545716	0.486651248747978	-0.165413373180544	0.205030944690207	0.342505381490896	-0.15105382419942	0.263805121100258	-0.0557969563384444	0.112899120071024	0.383696102881694	-0.406124833500681	-0.219217722657982	-0.184889784549972	0.697993437368958	-0.403614628519976	0.295261969216911	-0.413008086389327	0.220943491522371	0.810226380827069	0.711442373724514	0.725018535192904	0.663324166865353	0.683699193037081	0.598902408372525	0.745103920675591	0.802432681867939	0.849094870100758	0.711496934392092	0.458771703719944	0.723931385571332	0.226454408838153	-0.138300509580508	0.64860395282832	0.701567843590144	0.256224980922735	-0.134209890836119	0.245891161828946	-0.16358043978941	-0.0526351465399875	-0.171007123411296	-0.0941166891797493	0.0597612974441024	-0.204057942551824	-0.238902806075359
-0.114128424208253	0.558029823338863	0.87214915249036	0.26134516967553	0.639689539156465	0.629723450623242	0.648904779824739	1	0.40523619935876	0.707348894775836	0.684341576236793	0.30570166450656	0.205077711789201	0.198910098531505	-0.143704680810791	0.359519508215756	0.0821610096802595	-0.00551999545903541	0.0570726310615947	0.43509553356764	0.308491338598249	0.326439526656369	0.317222639278969	0.531619790957721	0.669412329455212	-0.0452302390161202	0.603768849297757	-0.237342754389259	0.299034509218412	0.439062903451013	-0.090160294368777	-0.20982534828939	0.044523394108981	0.527030071158518	0.0833497079966579	0.369847282154126	0.0355224083971567	-0.175223517026031	0.606287567947935	0.54859140365588	0.519826530399671	0.612528255869681	0.540724561621363	0.778561351149788	0.614782596795513	0.549947541715079	0.636497760056613	0.488716201982539	0.194065615167922	0.511515687246215	-0.111729725195634	-0.363205305923075	0.396409653688874	0.487564296314758	0.176025818888995	-0.397648001123979	-0.217484401985627	-0.507353941507761	-0.440254782471272	-0.526409186946016	-0.313197673206649	-0.264021943907996	0.197852173915173	0.328991339345341
-0.73520354291699	-0.116797823160475	0.40942433721075	0.0984750699967074	-0.251518141710865	-0.185285023267097	-0.00534500691209486	0.40523619935876	1	0.100225137073072	0.504887925072935	0.527799093465285	-0.459766512653787	0.454317962675803	-0.511065359382978	-0.406954251043367	0.673315944650866	-0.655755996389881	0.763553531748994	0.409247590913937	-0.376364119509732	-0.453545877194668	0.381274196037226	0.79042083421797	0.470450248554814	0.758898067455663	0.699428746673327	-0.446316770048833	0.345967027350512	0.125756201849148	0.516773407537937	0.23299755780849	0.0851339942206025	0.182878442278454	0.585790732034022	0.756000547815723	0.630595365115182	-0.619430491393067	-0.20942225683584	-0.106425352736358	-0.150805371969767	0.0828230849434157	-0.114094366381579	0.260960874253933	-0.18590978875609	-0.250006626268578	-0.233860537786114	-0.113013920768057	-0.479977459104886	-0.061191036024429	-0.474621038204021	-0.532740510422289	0.232930535739952	0.3030521398299	0.353857876849868	-0.525152729980391	-0.674687718587384	-0.562222715528605	-0.637723309602234	-0.567411981015453	-0.409645875813232	-0.575313490829759	0.761414731785558	0.742079207091136
0.307315428703372	0.814344118794357	0.527462865926073	-0.00488744596730049	0.589521389710043	0.554094931267861	0.680148880601217	0.707348894775836	0.100225137073072	1	0.306586742147622	0.38814482508783	0.615172152649421	0.385802940979456	-0.0799677545927708	0.722659953448707	-0.288130155356805	0.197244436053965	-0.121033916628539	0.37369476366315	0.665469942553582	0.339308464175554	0.0346767847926155	0.0563456122966948	0.101979534665042	-0.0541729148049016	0.0759246292579952	-0.0978446460748533	0.434447423636226	0.699441714410204	-0.223701014859392	-0.427685604485785	0.116105223000543	0.46380642109009	0.001129138144638	0.307061537930808	-0.0348881090511367	0.227511753447943	0.878317396970194	0.892281116205002	0.864402971369422	0.917550181038488	0.865739567144483	0.866342915468146	0.908260520057413	0.841506124269596	0.841823000991423	0.808306059833969	0.643424339564933	0.816035784591557	0.131299466204043	-0.326118638573319	0.380038771335365	0.454060803955622	-0.00764921276671461	-0.292969687414138	0.187927377178782	-0.328037656474771	-0.142854363188445	-0.289247367586302	-0.0221842938866565	0.100798393556129	-0.208542576433491	-0.128270859683642
-0.292234385227485	0.0721422578163203	0.762118044577226	0.420573225905099	0.362254551483436	0.365723030377354	0.350228175947946	0.684341576236793	0.504887925072935	0.306586742147622	1	0.256267150447274	-0.0761188107755054	0.0914008758243479	0.12394645949747	0.12121818378891	0.201256944810452	-0.0847762303687012	0.230558669400512	0.421462721955469	-0.104956842898216	0.100842787546701	0.253590296172928	0.719242437545144	0.716335789570829	0.235981913738276	0.745151682816123	-0.0288075612058954	0.479952417149071	0.413476552241536	0.283814022277137	0.349417803290446	-0.262913012212535	0.20891072029451	0.113917919821909	0.188011285638954	0.173338884926505	-0.299648704922803	0.0877424183448996	-0.0201278877088295	-0.0620110737616689	0.11200357855694	-0.017436202426017	0.34963676182153	0.0692141645846525	0.0513865773131405	0.149223893290207	-0.0322004406303252	-0.248102011896318	-0.010027336988108	-0.255686327361045	-0.0728036212833985	0.224225440388152	0.279263895655912	0.175123367882336	-0.273114789516203	-0.325957385886891	-0.27656152238359	-0.360419036386913	-0.337818201935088	-0.348680261639735	-0.298245836841696	0.346928234327108	0.487198919582814
-0.115321934804596	0.142275706313133	0.209967853466419	0.0893326053019152	-0.172177736653342	-0.236222316799162	0.192421772076531	0.30570166450656	0.527799093465285	0.38814482508783	0.256267150447274	1	0.166864566174023	0.420039626473363	-0.1278559133239	-0.0482494393702295	0.490992088927542	-0.0226668323054865	0.375363860002152	0.0315863203352028	0.272759227489446	-0.284795473693797	0.123328991556404	0.339512477965377	0.06976859655602	0.5323470765565	0.250601254768201	-0.100448787340898	0.435494313989719	0.249862067403445	0.509779693387902	0.119039662432951	0.140344879845153	-0.149296459938765	0.677246762091229	0.502227856849944	0.606656271500431	-0.0319785261164787	0.123315055829901	0.237152891933234	0.238092493503002	0.46135251452301	0.269644366538717	0.600050681130821	0.186857799034139	0.0783075445168769	0.0393984575205272	0.167442628091895	-0.0764903201568651	0.198902041566399	-0.126054840960825	-0.262714480893898	0.12537378376144	0.179886416274082	-0.102121253102775	-0.229026914383632	-0.0622516249060486	-0.181644672221381	-0.183445234302549	-0.162479299610831	-0.0370752121817214	-0.00303838740102734	0.0721764259749185	0.135146699428952
0.896982341711244	0.747880470268936	0.0397749979816732	-0.0694991335256802	0.460718337788653	0.281659737361485	0.510226478615311	0.205077711789201	-0.459766512653787	0.615172152649421	-0.0761188107755054	0.166864566174023	1	0.260762034437545	0.385934898771233	0.820514153409253	-0.369510846835014	0.817580229597429	-0.461606119380912	-0.0430040716918284	0.923264572939757	0.575943344753104	0.0757703726275893	-0.271434080854711	-0.205761029960322	-0.194444022608247	-0.257550301468595	0.568747703131385	0.355816365631703	0.525315254948532	-0.130696203914112	-0.112943645074946	-0.103071929071142	0.04173713760659	-0.0922547970143881	0.0340721316697466	-0.10470754876028	0.878368826322065	0.760644041664466	0.684689055128694	0.682044050009922	0.636601362951988	0.676999024519293	0.505378682127971	0.720894408181404	0.791768837406524	0.719129276410003	0.728295482343511	0.833659652176746	0.703853678483591	0.575457270048228	-0.052391751417407	0.407456083721413	0.372886245807074	0.0888352096367292	0.200364557654311	0.852272559607645	0.26910242460576	0.492533518322772	0.37430970356391	0.552901010384953	0.819378427197954	-0.563454010747671	-0.495059937666135
0.138689941501064	0.432183716649954	0.0600910847324196	0.150300709648198	-0.0076796072650602	-0.0883386530329224	0.0839763417476106	0.198910098531505	0.454317962675803	0.385802940979456	0.0914008758243479	0.420039626473363	0.260762034437545	1	-0.154840779708394	0.077788343158136	0.358786097111137	0.0385054372022593	0.520073643039953	0.522377816319129	0.316388419039663	0.220215979690454	0.529474287584894	0.193780007872944	-0.116507231503541	0.551582032120046	0.0837426363226672	0.122492761915523	0.266763682012518	0.233649027380423	0.195862412858829	-0.134025731733005	0.063677306477321	0.115272086010637	0.444861320957288	0.699899159787605	0.580995348061305	0.116374089583624	0.249498102233224	0.246451424291327	0.188865402265954	0.393412748667785	0.214175109343036	0.351153422716202	0.20122069794961	0.281837510149312	0.181677363063874	0.5066317968894	0.341505894536919	0.516704717382425	0.331826095388147	-0.26274945721809	0.573954383716536	0.562947600313189	0.506864308667794	0.0357253862027051	0.0688031877868903	-0.0210158396140121	0.0547286640700591	0.0464633701139721	0.331206105398637	0.196536445413162	0.239779382742351	0.157924615895444
0.506954583405181	0.208058186380296	0.142282769170319	0.385062909505302	0.458796314798591	0.318365620802111	0.413375535124683	-0.143704680810791	-0.511065359382978	-0.0799677545927708	0.12394645949747	-0.1278559133239	0.385934898771233	-0.154840779708394	1	0.135611645751651	-0.017285241606497	0.761087484612476	-0.590828920480109	0.110892199968549	0.168720064873204	0.537998048818903	-0.322466120748092	-0.190128267764365	-0.0540927076218279	-0.27595447654972	-0.147069065398453	0.552935734387005	-0.152008589102773	-0.091764884647007	-0.211399651106839	0.24949991417181	-0.367269864810157	0.0398288663350673	-0.533926526705218	-0.292580959332131	-0.451591553265218	0.476758705353673	0.161001678135446	-0.0609546349676606	-0.0222249252600951	-0.110033376247911	-0.0698645757388493	-0.19031558913611	0.038024389441276	0.221884344233842	0.230154455899287	0.135191348385593	0.230625580214016	0.109177408545465	0.476077211961592	0.603093509463685	0.272799871409819	0.213731311252479	0.0535394658905617	0.511371091029824	0.556677162520838	0.603704694340858	0.560652225432642	0.560635875079886	0.299411760994675	0.458365270893629	-0.49364039644744	-0.552613346547989
0.695648947942662	0.684586047499686	0.159090921256368	-0.137681260910674	0.513917751106464	0.459326956831653	0.465004125706502	0.359519508215756	-0.406954251043367	0.722659953448707	0.12121818378891	-0.0482494393702295	0.820514153409253	0.077788343158136	0.135611645751651	1	-0.655527862796698	0.51101278793917	-0.424291835504842	0.0322606442359087	0.77199436585381	0.454873638011093	-0.000566197015290751	-0.253035325718595	-0.120056717515873	-0.293400702290811	-0.212268780984923	0.258783900812076	0.467821787112458	0.739473574004317	-0.248319685832017	-0.223333893323614	-0.115289077998629	0.130678583613204	-0.189091875626135	-0.141666660006178	-0.225524928848633	0.657408270173448	0.781371086931432	0.72012453484925	0.687836215376705	0.639617405340309	0.722750882176505	0.541686170638325	0.775351315558695	0.780820067831455	0.763880490368844	0.648225176497111	0.74495927638475	0.628740768738325	0.308953145361489	-0.181545554621927	0.234152817423786	0.242348911477854	-0.0444460657799553	-0.0528208995083182	0.619626074526547	-0.0375208474707848	0.188297427618508	0.0483096230350954	0.246870810121822	0.552402577050968	-0.465585438964069	-0.32571195922827
-0.479962956026074	-0.133949703466523	0.197965343416752	0.215599357834383	-0.268146248444836	-0.311572622120352	0.0220896535815554	0.0821610096802595	0.673315944650866	-0.288130155356805	0.201256944810452	0.490992088927542	-0.369510846835014	0.358786097111137	-0.017285241606497	-0.655527862796698	1	-0.208307150817768	0.552857884211578	0.238827481820648	-0.354532134113353	-0.203644042725136	0.259902695637429	0.555544686126768	0.262841486987806	0.639797138369814	0.465558167004937	-0.175968270056209	0.00317600194862454	-0.252456832134284	0.415800873386815	0.310907163853158	0.0373081149868783	-0.00625377307470017	0.468693888278715	0.616593878549399	0.520688679723041	-0.343237040289443	-0.319398305503765	-0.306139751708204	-0.309062829602867	-0.166834926938191	-0.298126206832867	-0.0186442757191754	-0.369975704916871	-0.311107128757309	-0.32783812017604	-0.150808013047573	-0.461325377214517	-0.115811140576092	-0.0700159222673791	-0.179982169484529	0.423905018276739	0.429039915665922	0.49807496069132	-0.0335892806970785	-0.329731265991872	-0.0952151198771128	-0.223816491988243	-0.11452953803414	-0.101939477831609	-0.25581434732055	0.451397913110727	0.375097751339216
0.891645012222464	0.495468545422144	-0.0130515471679703	0.183972762986118	0.482348316292368	0.23989648961631	0.402754714076154	-0.00551999545903541	-0.655755996389881	0.197244436053965	-0.0847762303687012	-0.0226668323054865	0.817580229597429	0.0385054372022593	0.761087484612476	0.51101278793917	-0.208307150817768	1	-0.57431296756753	-0.118356774138311	0.678744867103937	0.725030071316965	-0.0302096617235229	-0.346838120772316	-0.191381459758915	-0.359053671341481	-0.302087205640091	0.733143738822898	0.0261715807653124	0.1325699962095	-0.186787767262924	0.0444788726271518	-0.178150560958028	-0.11346756202665	-0.282732358850762	-0.222173057110363	-0.271940739133665	0.831451793372679	0.469223266187764	0.279096300582319	0.303468272975451	0.206556607839004	0.275373793109668	0.119746993336541	0.374440743677766	0.528034516359633	0.484664692754126	0.457570609727532	0.618449005849488	0.421143848430826	0.705535064479387	0.354674191516468	0.337046522797422	0.263508569415411	0.0657154876937093	0.538384721544293	0.857125355195615	0.603419308951062	0.709875532798366	0.647699346054138	0.621611682079854	0.828409549499049	-0.676716493168605	-0.638788970658484
-0.549662827639692	-0.306184695585539	-0.058607891213554	0.0239375648423787	-0.498915338102577	-0.520207430539398	-0.459258383480895	0.0570726310615947	0.763553531748994	-0.121033916628539	0.230558669400512	0.375363860002152	-0.461606119380912	0.520073643039953	-0.590828920480109	-0.424291835504842	0.552857884211578	-0.57431296756753	1	0.153417454570993	-0.379893748800691	-0.399994265957019	0.406920236893276	0.430477901391971	0.0540685749141244	0.73187712581199	0.305541471716688	-0.290626363869376	0.317216917564839	0.093956622952683	0.521269553980239	0.140865351353914	0.318236018360979	-0.238978422241867	0.709835778687518	0.468123136149087	0.771709302109291	-0.516610966501899	-0.42576480334263	-0.323042930957343	-0.386398142264129	-0.18148003775631	-0.329915713162172	-0.0214292085518364	-0.398194593073489	-0.443977176228976	-0.471485461998275	-0.244489457770872	-0.448762005095504	-0.214544587882795	-0.268119103324204	-0.36459399665647	0.0655783398084766	0.0865044034400003	0.284655129038912	-0.228340456625182	-0.573554216186587	-0.308189591648036	-0.394750910564735	-0.297955656896303	-0.140953167400308	-0.37209561025823	0.506963902940486	0.560592366398025
-0.18339633304761	0.438384667252076	0.622904299192449	0.370503783906457	0.449140173704812	0.456479745811041	0.503956006654717	0.43509553356764	0.409247590913937	0.37369476366315	0.421462721955469	0.0315863203352028	-0.0430040716918284	0.522377816319129	0.110892199968549	0.0322606442359087	0.238827481820648	-0.118356774138311	0.153417454570993	1	-0.0805000578699098	0.251367936449354	0.0911722756296009	0.334193349066249	0.266474769133054	0.217810716996336	0.320670232777332	-0.290619702833847	-0.110796213556251	0.0798063436580597	-0.35593568712472	-0.255767212338575	-0.242402190247621	0.708691722115805	-0.283447266438406	0.487065978751863	-0.143319778649292	-0.270015157957278	0.328373003204065	0.214530683993723	0.183224058420628	0.283468958765112	0.204408391389938	0.229497676883869	0.218176911786219	0.333678125040846	0.382259804819789	0.430564271812684	0.0640170194608591	0.461539229102096	-0.024081679834773	-0.179733546418607	0.592672539473	0.652067517756635	0.452120106528266	-0.251263202996076	-0.266699287607451	-0.343912935952397	-0.352290773014052	-0.385927274926841	-0.32274632141436	-0.313266234252104	0.319877202160768	0.144538870245203
0.811075132709912	0.714210987103272	0.034054430119055	-0.0386189515354119	0.380638067961633	0.301318012766394	0.42624950545716	0.308491338598249	-0.376364119509732	0.665469942553582	-0.104956842898216	0.272759227489446	0.923264572939757	0.316388419039663	0.168720064873204	0.77199436585381	-0.354532134113353	0.678744867103937	-0.379893748800691	-0.0805000578699098	1	0.510508498172539	0.246427601964045	-0.240463374381426	-0.140757678951516	-0.236902167517148	-0.212220404621879	0.44211434139234	0.287452548399913	0.453242470327173	-0.130144940733244	-0.282819647602163	-0.067669937249348	0.0467345897883961	0.0817282558484877	0.0323541022972692	0.0294708572283214	0.762672697734496	0.761720755315668	0.737651572611793	0.735139725332	0.746807174421606	0.751815879189634	0.673869315438402	0.774071926194548	0.765648734550983	0.698063772305005	0.709424093761274	0.820392167136526	0.68466634946215	0.503172352079088	-0.0750398530242939	0.288289767433028	0.270171519498769	-0.00614855834912353	0.142426013201252	0.728001511581796	0.158131623142866	0.374546452457245	0.251407704317128	0.480842224704359	0.709967496596886	-0.434653961238936	-0.328669613976813
0.661455639896659	0.644138820930111	0.266364689786539	0.248302498072712	0.727708489491683	0.564597359955191	0.486651248747978	0.326439526656369	-0.453545877194668	0.339308464175554	0.100842787546701	-0.284795473693797	0.575943344753104	0.220215979690454	0.537998048818903	0.454873638011093	-0.203644042725136	0.725030071316965	-0.399994265957019	0.251367936449354	0.510508498172539	1	0.187369638213482	-0.215601795668615	0.0445481742894163	-0.478862593186945	-0.125772155416109	0.478017298757153	-0.124301282417168	0.133489002871125	-0.475842739107081	-0.320110642618893	-0.0908643918596415	0.240057517126346	-0.400425607619088	-0.107952370807273	-0.324572320395477	0.457828484103155	0.587474252427178	0.361044401194635	0.354248638400691	0.255818474308409	0.305224798133025	0.18416512080688	0.492204344184906	0.642371906851641	0.636145800715799	0.601585276648216	0.687285547071895	0.563008085139444	0.779413287349573	0.373132517754361	0.520763032097442	0.465631720488226	0.303169372842286	0.566922019050136	0.492715768187984	0.457874748375606	0.547323314916735	0.449442790338773	0.509308552311044	0.444009600071948	-0.425325657769097	-0.407138732933736
0.0383356887624344	0.0371558160945717	0.0509956066434348	0.0263507996270254	-0.15494002016145	-0.129936558330191	-0.165413373180544	0.317222639278969	0.381274196037226	0.0346767847926155	0.253590296172928	0.123328991556404	0.0757703726275893	0.529474287584894	-0.322466120748092	-0.000566197015290751	0.259902695637429	-0.0302096617235229	0.406920236893276	0.0911722756296009	0.246427601964045	0.187369638213482	1	0.509491673213682	0.450449252429446	0.255264829534165	0.505990056038727	0.326793069225196	0.225896169014601	0.0594630122225521	0.385772276068883	0.104318019208141	-0.268074326914199	-0.0735305180213582	0.544303447980471	0.386129454247677	0.630204899168515	0.0118766051331317	-0.0371313929904713	-0.0392860397662555	-0.0821147485090716	0.107850692685538	-0.0257463246383829	0.267059471502684	-0.0200673092655704	-0.0328852929141584	-0.0757143611416747	0.0129527927822446	0.0366807523684319	0.0100766769203029	0.150031231326595	-0.176128187178629	0.247694552690964	0.203314369624199	0.501748704174682	0.0811687264310464	-0.0623102242585327	0.00797692261793481	0.0287877935758451	0.0525658820547878	0.277299460064818	0.134529668313806	0.595150464954279	0.66313919915037
-0.537725166343216	-0.0837993154901314	0.606824299177003	0.192841239427466	-0.0325177808980028	0.0451576502561845	0.205030944690207	0.531619790957721	0.79042083421797	0.0563456122966948	0.719242437545144	0.339512477965377	-0.271434080854711	0.193780007872944	-0.190128267764365	-0.253035325718595	0.555544686126768	-0.346838120772316	0.430477901391971	0.334193349066249	-0.240463374381426	-0.215601795668615	0.509491673213682	1	0.849565072719912	0.557605281074042	0.980004398961715	-0.10236056262011	0.382979009787662	0.170112070831187	0.48991062700928	0.459284035702588	-0.284811403783847	0.289485402081747	0.346741993537115	0.563207720680005	0.41019280926681	-0.442874014780141	-0.133834324181762	-0.114261830589056	-0.141992164057765	0.0299931105075254	-0.12442392078299	0.253263312174514	-0.134297251800414	-0.169514265580326	-0.111645464431094	-0.179446260424826	-0.447027395948972	-0.142090172715669	-0.365372117267175	-0.3567067575917	0.299798694094959	0.335786867073346	0.481443927783121	-0.40286676136065	-0.495872107114203	-0.38203872791975	-0.460677960930961	-0.399643188579089	-0.330040308237454	-0.410988304432373	0.762928928645947	0.804362013051173
-0.398414142868166	-0.0184563469196691	0.724263874629427	0.19782984699741	0.267947179597393	0.35454021139445	0.342505381490896	0.669412329455212	0.470450248554814	0.101979534665042	0.716335789570829	0.06976859655602	-0.205761029960322	-0.116507231503541	-0.0540927076218279	-0.120056717515873	0.262841486987806	-0.191381459758915	0.0540685749141244	0.266474769133054	-0.140757678951516	0.0445481742894163	0.450449252429446	0.849565072719912	1	0.0358787357315828	0.937526223011181	-0.0438398063002076	0.123878450351428	0.0517125935987516	0.152914526372732	0.237026496147859	-0.373391776481754	0.427389534149176	0.0211948721932884	0.238503966289304	0.0474424270986394	-0.411452232926006	0.024777995686555	-0.0105916008183772	-0.00904875804906394	0.0754566949808437	-0.00580521400336551	0.300003776273007	0.0410669300364409	-0.0230941593228855	0.0849246317719542	-0.152396956128255	-0.328991342222024	-0.130442410550905	-0.326841562159813	-0.122219178085518	0.165766185861851	0.206009251160958	0.297802057365686	-0.298026550587867	-0.441226921461481	-0.319113374098544	-0.395839434285718	-0.384751831313308	-0.399271915646637	-0.434329974197177	0.619041241024366	0.690935821765616
-0.395485278430723	-0.130265063532643	0.0122803751454914	0.0602786487963769	-0.481516736992388	-0.469142562688315	-0.15105382419942	-0.0452302390161202	0.758898067455663	-0.0541729148049016	0.235981913738276	0.5323470765565	-0.194444022608247	0.551582032120046	-0.27595447654972	-0.293400702290811	0.639797138369814	-0.359053671341481	0.73187712581199	0.217810716996336	-0.236902167517148	-0.478862593186945	0.255264829534165	0.557605281074042	0.0358787357315828	1	0.38130877789152	-0.129481139465029	0.526619661384193	0.237480356608098	0.684996665596351	0.494981434275973	0.0506597888116995	-0.12092428898802	0.622039328563133	0.69204801820524	0.700866809246893	-0.195780736053757	-0.293448300557421	-0.20139147402483	-0.256523007192226	-0.0632529305283215	-0.228433677716507	0.00662392340022086	-0.320429554296005	-0.285844134742213	-0.34548221076979	-0.0999109344798889	-0.330406363102461	-0.0635990115063316	-0.179680393980333	-0.483335726435947	0.306272998183145	0.311673192148526	0.44236838889954	-0.296372210094344	-0.249178778897995	-0.224349213635426	-0.253310523904346	-0.15495098383694	-0.000320546853919432	-0.0994862072355494	0.472644877449376	0.437240767578679
-0.505882030327415	-0.0626830051442613	0.673527264652206	0.201507319173758	0.0792255414497479	0.16331581903371	0.263805121100258	0.603768849297757	0.699428746673327	0.0759246292579952	0.745151682816123	0.250601254768201	-0.257550301468595	0.0837426363226672	-0.147069065398453	-0.212268780984923	0.465558167004937	-0.302087205640091	0.305541471716688	0.320670232777332	-0.212220404621879	-0.125772155416109	0.505990056038727	0.980004398961715	0.937526223011181	0.38130877789152	1	-0.0853031602556603	0.299772660532627	0.132298972684131	0.380853688053348	0.391498205833107	-0.327791677842726	0.35154535340395	0.237575417322513	0.46096124254001	0.28913075464207	-0.448544297393828	-0.0791922611061406	-0.0794133179535379	-0.0972198482241426	0.0482444119762784	-0.084287261927993	0.280638554843598	-0.0730744189220902	-0.120930565231954	-0.0419109039419442	-0.176260278703168	-0.419507821914508	-0.14333035839871	-0.364698703303321	-0.281416895564025	0.259630463061867	0.298675215104612	0.429246464531343	-0.378252724126643	-0.494714908914615	-0.372964646878032	-0.453944215325477	-0.4094998861899	-0.368906749388167	-0.436049729903366	0.736733753804039	0.791680595600386
0.714156201564118	0.0683283276435229	-0.286362665480674	0.00721663809465407	0.0651203420993728	-0.123693959091623	-0.0557969563384444	-0.237342754389259	-0.446316770048833	-0.0978446460748533	-0.0288075612058954	-0.100448787340898	0.568747703131385	0.122492761915523	0.552935734387005	0.258783900812076	-0.175968270056209	0.733143738822898	-0.290626363869376	-0.290619702833847	0.44211434139234	0.478017298757153	0.326793069225196	-0.10236056262011	-0.0438398063002076	-0.129481139465029	-0.0853031602556603	1	0.188419061474864	0.065745067829809	0.249856548404189	0.388874204533432	-0.339948024021773	-0.351869989309731	-0.01349231779158	-0.174687491495819	0.101130597066378	0.686039132416231	0.0251731598994164	-0.0876912924773492	-0.0764640991362374	-0.0822276655779703	-0.104830868219061	-0.127500312479691	-0.0176049020006815	0.093807766027766	0.00901160190094871	0.0296711811960162	0.362613154545707	-0.0129190336184607	0.558492768456284	0.435387300059847	0.11116040732344	-0.0103315882757915	0.166280901010411	0.593954852974832	0.675465210890918	0.736184435462385	0.776538007991036	0.785697806642025	0.722515970924231	0.774536892568117	-0.245756295312084	-0.206430059393573
0.0904934867041339	0.205092116376505	0.134142003269479	-0.16120244575693	-0.0607091453843689	-0.0846181475743641	0.112899120071024	0.299034509218412	0.345967027350512	0.434447423636226	0.479952417149071	0.435494313989719	0.355816365631703	0.266763682012518	-0.152008589102773	0.467821787112458	0.00317600194862454	0.0261715807653124	0.317216917564839	-0.110796213556251	0.287452548399913	-0.124301282417168	0.225896169014601	0.382979009787662	0.123878450351428	0.526619661384193	0.299772660532627	0.188419061474864	1	0.8710243566456	0.614703342798723	0.441584258842867	0.02116075500498	-0.1989024519577	0.510176109843469	0.285938501334865	0.532179604354017	0.250450708034258	0.208609916763651	0.277141911774119	0.21092196736041	0.339977802466948	0.252431825390349	0.426955018191506	0.249575968366798	0.195800934783211	0.146794870518518	0.153712429616465	0.149290683810525	0.160337253361973	-0.0357197382146249	-0.401497418759641	0.225898756178473	0.23182633760536	0.193997753286433	-0.244541101580971	0.179311491001217	-0.157820142825637	-0.0634517049457791	-0.0649621122839961	0.141707632220396	0.253568034105867	0.0560011773457946	0.268760749634324
0.260705146599054	0.523986071673173	0.264588893030333	-0.221745932086377	0.25359159975587	0.245937220595948	0.383696102881694	0.439062903451013	0.125756201849148	0.699441714410204	0.413476552241536	0.249862067403445	0.525315254948532	0.233649027380423	-0.091764884647007	0.739473574004317	-0.252456832134284	0.1325699962095	0.093956622952683	0.0798063436580597	0.453242470327173	0.133489002871125	0.0594630122225521	0.170112070831187	0.0517125935987516	0.237480356608098	0.132298972684131	0.065745067829809	0.8710243566456	1	0.149816191241909	0.040330431904026	0.0208850502391895	0.100468341753572	0.174313660247586	0.156169495062743	0.193057110706439	0.314891573589775	0.564357063617789	0.606230813838675	0.541961112964471	0.580684786753842	0.57516650549361	0.571185591191638	0.595280941953119	0.546691543518626	0.519491717700454	0.458818008221319	0.433346812430298	0.458372317442511	0.101327692068638	-0.367232036720072	0.36468220227541	0.389407008152757	0.19648009480715	-0.228361647393534	0.26594168048043	-0.222633313024658	-0.0682789081608294	-0.146854078801319	0.0811429110126386	0.242508641515291	-0.161155964306728	0.041765970401572
-0.244298031508764	-0.422843900284077	-0.169761788174749	0.00910321147954788	-0.553649167783795	-0.584762887832945	-0.406124833500681	-0.090160294368777	0.516773407537937	-0.223701014859392	0.283814022277137	0.509779693387902	-0.130696203914112	0.195862412858829	-0.211399651106839	-0.248319685832017	0.415800873386815	-0.186787767262924	0.521269553980239	-0.35593568712472	-0.130144940733244	-0.475842739107081	0.385772276068883	0.48991062700928	0.152914526372732	0.684996665596351	0.380853688053348	0.249856548404189	0.614703342798723	0.149816191241909	1	0.778438313223948	0.034005259343673	-0.572026648147157	0.791860885551505	0.342866350195417	0.800299665470737	-0.0192697426464073	-0.478285305766906	-0.393086146520861	-0.424093519323212	-0.216074369577882	-0.391607321780405	-0.0222907681917287	-0.434666124123827	-0.479437152620329	-0.538940562352325	-0.414126971241877	-0.385735478807652	-0.399642381996359	-0.23382797355807	-0.231629259723928	-0.142841670161782	-0.167993589760338	0.0601936116336384	-0.127917346741299	-0.0862654569761699	0.0260179882699807	-0.0283940177035912	0.0916670818294907	0.159881730793103	0.106854106566498	0.382519462855347	0.4879198712436
-0.154211413134708	-0.429959418320405	-0.0382278459292521	0.198853001657013	-0.283550767392257	-0.333225342347696	-0.219217722657982	-0.20982534828939	0.23299755780849	-0.427685604485785	0.349417803290446	0.119039662432951	-0.112943645074946	-0.134025731733005	0.24949991417181	-0.223333893323614	0.310907163853158	0.0444788726271518	0.140865351353914	-0.255767212338575	-0.282819647602163	-0.320110642618893	0.104318019208141	0.459284035702588	0.237026496147859	0.494981434275973	0.391498205833107	0.388874204533432	0.441584258842867	0.040330431904026	0.778438313223948	1	-0.197010190305188	-0.380608097545899	0.27064075246792	0.11984924229992	0.322290218810555	0.106803010002155	-0.492190977814376	-0.537625554940899	-0.551225975095517	-0.466535818094613	-0.543378917345745	-0.337090760598787	-0.543388541853784	-0.463468598878117	-0.472936960233755	-0.480324402348043	-0.422624916038377	-0.471904083424574	-0.21417824370639	-0.0650019517141043	-0.0531187183606422	-0.0961563536314885	0.154100814887979	-0.0825547562606355	0.0732437429187952	0.138217936355669	0.057193094245873	0.18443765122128	0.0780817504605596	0.183912851697989	0.248629740292705	0.296523732861683
-0.166121489331166	0.0655602339969659	-0.100811057158729	0.0881295472787956	0.0455320919424956	-0.0775137429335312	-0.184889784549972	0.044523394108981	0.0851339942206025	0.116105223000543	-0.262913012212535	0.140344879845153	-0.103071929071142	0.063677306477321	-0.367269864810157	-0.115289077998629	0.0373081149868783	-0.178150560958028	0.318236018360979	-0.242402190247621	-0.067669937249348	-0.0908643918596415	-0.268074326914199	-0.284811403783847	-0.373391776481754	0.0506597888116995	-0.327791677842726	-0.339948024021773	0.02116075500498	0.0208850502391895	0.034005259343673	-0.197010190305188	1	-0.122465890525295	0.234772551863489	0.115064596058949	0.115720435527746	-0.133529558930332	0.045106912893866	0.103336070609251	0.0839646578814867	0.022252616642393	0.0331919965994038	0.0200011717520249	0.0659410778599989	0.0347557497053932	0.0205592603931886	0.191408843723693	0.121555312344219	0.194755389109607	-0.0643956736110842	-0.282868439599082	-0.127938865386733	-0.0826708946704439	-0.249788963978425	-0.190902634505208	-0.156014575556729	-0.230205007203617	-0.174357144076504	-0.189392755876056	-0.0181634397748096	-0.149341010629156	-0.320868390968323	-0.242852171389198
