"PROT"	"TFAT"	"CARB"	"MOIS"	"ALC"	"CAFF"	"THEO"	"SUGR"	"FIBE"	"CALC"	"IRON"	"MAGN"	"PHOS"	"POTA"	"SODI"	"ZINC"	"COPP"	"SELE"	"VC"	"VB1"	"VB2"	"NIAC"	"VB6"	"FOLA"	"FA"	"FF"	"FDFE"	"VB12"	"VARA"	"RET"	"BCAR"	"ACAR"	"CRYP"	"LYCO"	"LZ"	"ATOC"	"VK"	"CHOLE"	"SFAT"	"S040"	"S060"	"S080"	"S100"	"S120"	"S140"	"S160"	"S180"	"MFAT"	"M161"	"M181"	"M201"	"M221"	"PFAT"	"P182"	"P183"	"P184"	"P204"	"P205"	"P225"	"P226"	"VITD"	"CHOLN"	"VITE_ADD"	"B12_ADD"
1	0.550051008916537	-0.163013834442429	0.0961222960158791	0.24085911622248	0.17955464011925	0.180820918174232	-0.113594780606965	-0.404509038530951	0.349236421548937	0.0338374677870652	0.297094827029493	0.898192167731369	0.430822185404323	0.484394106039519	0.594111081925154	0.00157023402482742	0.892510384420783	-0.312521353505629	0.050196653034664	0.763314595594983	0.692961850950754	0.345206499296652	-0.189985294584801	-0.211852372963676	-0.0494214401114143	-0.20686452159309	0.636483679267455	0.0889367481726583	0.174905138352381	-0.155986080270067	-0.19401017731547	0.00631140534636803	0.016782826691372	-0.0815376758533792	-0.017424035096637	-0.0545678305599675	0.81337065055915	0.545649210636115	0.420643621662636	0.414469332186311	0.336116996254164	0.428257624762491	0.163496720548357	0.498145461036125	0.597957510778376	0.502468961884099	0.543576865338033	0.751275805780655	0.505528197160054	0.531989258767015	0.10932596778725	0.262778160884604	0.207581151372871	0.167105067198699	0.353591740866668	0.744895905881236	0.4119628145782	0.549070129253129	0.474664752276965	0.564327818655305	0.869124538867916	-0.401510150058737	-0.473281907695223
0.550051008916537	1	0.44438611758282	0.0641401366077126	0.496751506186416	0.515539720148859	0.68564845657475	0.463891526501006	-0.0125213014563774	0.528998178674541	0.140295834786876	0.27754938376197	0.676333563679027	0.442734732557685	0.28064858016077	0.485267770331283	0.166834817838273	0.516131906313386	-0.109023416869132	0.387020779097199	0.612283427707234	0.610093486995025	0.253114244411031	0.0807066080173382	0.0733157690156196	0.0417410194127221	0.0803815043869607	0.180483633772605	0.117141686832815	0.25792286116558	-0.268537396979206	-0.269935462629083	0.0784971299466229	0.48891129316285	-0.162299614766682	0.434573162235017	-0.10639823798769	0.538601295227937	0.925230740411878	0.794473579666231	0.771924746389194	0.684131407615137	0.742440015433048	0.561849264358996	0.80752185422303	0.952272370087461	0.904018162163521	0.961388338383882	0.783525472084239	0.957752773236091	0.461067461032748	-0.1037945079145	0.735106715758651	0.751620349082877	0.502246877642669	0.0763308001645966	0.50331949283298	0.0498566424903722	0.220317016065926	0.110552954388123	0.304094116003364	0.440948159076279	-0.175844738776462	-0.226032966333672
-0.163013834442429	0.44438611758282	1	0.319093696553432	0.535096361505043	0.571893756175425	0.708531990859081	0.824057855557605	0.412207153774614	0.354236221908992	0.549698991999327	0.217986720998638	0.0719230022356258	0.102710386101204	0.212333010750081	0.127463511104805	0.247395125533532	0.0326370118830697	-0.0104684660071307	0.535537189132171	0.0651503686539602	0.236367086758656	0.0471578786789959	0.485582632469875	0.549011618002295	0.105153086078008	0.527438517492174	-0.14808182652835	0.0949418467488712	0.168942151409269	-0.140725597398551	-0.069961359420438	0.0287925109296257	0.562927253291742	-0.131806203839881	0.277312417431607	-0.141748316239694	-0.210291729604105	0.441209348621897	0.324572418296237	0.297441356762878	0.293259278031897	0.270400294717668	0.329444268409855	0.345702651066037	0.411898136739988	0.534144538953862	0.376240846442802	0.00319030723400389	0.407116716415171	-0.0696388398927332	-0.136931095692612	0.364904070223985	0.435008579148406	0.213240065204479	-0.238409639363558	-0.215303607114839	-0.305438173334237	-0.298130790661485	-0.332731611440099	-0.307156205281128	-0.29252086710394	0.09572604428687	0.147500040294897
0.0961222960158791	0.0641401366077126	0.319093696553432	1	0.298937723836381	0.381900337256005	-0.00929362082575523	0.187491962631302	0.0791144369318798	0.122270050528413	0.312397879180204	0.346565544697636	0.078728496518014	0.266530269850669	0.25549101971165	0.213485843171711	0.243177349797167	0.162046856095776	-0.100115251092326	0.23942976150952	0.274900640512148	0.124903168228119	0.0918761202096749	0.184141378673332	0.126764918866433	0.159586082287672	0.17028661426863	0.121389184136107	0.0169454397013319	-0.0893626213531468	0.243481579951071	0.172260928007467	0.0684216347243204	0.258618307473786	0.197692158245499	0.00144240029487717	0.166960777522969	-0.0302531726256051	0.036876078301915	-0.166872708276644	-0.165644918400427	-0.103643669224443	-0.0662555820703114	-0.0436908806614035	-0.0620660047866474	0.0562715099573726	0.096841362083534	0.0706415448355668	-0.0187229666256577	0.0692566935381951	-0.0585807961501639	0.133610648003356	0.0679137668463078	0.0851279499597112	0.0218830837226315	-0.0960644753825938	0.0135109047592492	-0.0537314128880348	-0.0599381899227978	-0.0634203526468185	-0.149665854429999	0.0339673533067015	-0.0440268774686056	-0.0107278668920851
0.24085911622248	0.496751506186416	0.535096361505043	0.298937723836381	1	0.731842857700956	0.503058648776361	0.300837975794403	-0.147006105552821	0.443213542601412	0.224531216791129	-0.0777107350338033	0.347579401769572	0.0149396321700454	0.315256148281607	0.334720307529638	-0.18164430701084	0.360875099399736	-0.464497520923149	0.368390385465468	0.327057911320261	0.464349635423991	-0.0891130762272031	0.0633681362282555	0.267580573218416	-0.263783105696824	0.139553043346966	-0.0691959066923976	-0.0604920920826361	0.123827378529574	-0.444045766147271	-0.284867747450143	0.0531444547498315	0.542283747159672	-0.374757453209275	-0.105303885693085	-0.417355569425693	0.132424867002265	0.623187140840939	0.43539756387072	0.446905099246783	0.365335822142438	0.41096907143237	0.346121902212678	0.530686833550783	0.62015759678708	0.693609676431829	0.43112595531101	0.361211600535083	0.431989164405362	-0.0527877828643943	-0.111078424807532	0.16945060371415	0.224712001304485	-0.0206622252171986	-0.224182870433571	0.1336527369889	-0.237954434145793	-0.160865561271705	-0.257149231243964	-0.21834184820954	0.0161659676759612	-0.188656508959979	-0.214154893250319
0.17955464011925	0.515539720148859	0.571893756175425	0.381900337256005	0.731842857700956	1	0.470413997221551	0.409774427593775	-0.130935787945975	0.446933311101176	0.223191072067817	0.0148707095747527	0.25594757063107	-0.0555632927673234	0.277475424308083	0.394383089919402	-0.15567742489644	0.24478584090887	-0.428183798662722	0.31649798207444	0.312247440492	0.417008310635876	-0.0168892650860471	0.0927721976271389	0.342434232509047	-0.317532648249246	0.18677134491784	-0.0552484661811511	-0.0939825769969573	0.0625253678021637	-0.39967800847648	-0.197509633014627	0.0218218509964391	0.576125531684014	-0.38700058249215	-0.0710773919015409	-0.403271926896673	0.0492626157212932	0.619992703759957	0.467753346751416	0.49090731377548	0.403398779378204	0.502855891972271	0.399763018233565	0.602183145064026	0.595702886527159	0.651580900194348	0.408185588472035	0.454248914823957	0.392625353752964	-0.00846222553885993	0.0672934455726088	0.258688362215876	0.296907913730623	0.139351009278255	-0.108162953687867	0.0759679836671432	-0.151115096256812	-0.0866980500790433	-0.181455956615707	-0.224117371088373	-0.110680667911592	-0.0329596430861974	-0.0526929313321813
0.180820918174232	0.68564845657475	0.708531990859081	-0.00929362082575523	0.503058648776361	0.470413997221551	1	0.609703754497808	0.0695743179817897	0.484723629612368	0.260133289038056	0.132572791593846	0.392406709476201	0.0188680859100991	0.390270388088942	0.236702794607	0.113898591763628	0.316811890232199	-0.31258937501829	0.379640320930425	0.344313775386072	0.276274651498306	-0.100295112364473	0.235511956847951	0.300779871963875	0.000317907035902308	0.268154294261152	-0.00499359612227791	0.0957440213786094	0.227710372215058	-0.273465390113192	-0.142231609046255	-0.0320299187069398	0.527059150705327	-0.241227915249206	0.306110857454965	-0.265044751977122	0.270462079179874	0.704027426601609	0.638153211083152	0.612244669991546	0.526578878569846	0.552489840085671	0.45631735408765	0.6008752868923	0.684258144750678	0.771763701651245	0.619393118162824	0.308966212434289	0.639094758370107	0.124034125380686	-0.0623477462555899	0.458450776326313	0.504046575262399	0.207368226319521	-0.0638817452401215	0.279957326248111	-0.095054822343031	-0.015798431470894	-0.0848348833219645	-0.040173351238423	0.114604625707848	-0.0867191458213807	-0.157306066683595
-0.113594780606965	0.463891526501006	0.824057855557605	0.187491962631302	0.300837975794403	0.409774427593775	0.609703754497808	1	0.303752740906035	0.30632513404514	0.278826902072723	0.149834782039621	0.113102558297102	0.0880660263225558	-0.0715042031692086	0.0616742802200826	0.102856714086752	-0.0322727651662394	0.101349634912912	0.25189524022031	0.160695224886003	0.163578253190275	0.107442200802569	0.272717429794012	0.388020539249109	-0.0550891276103491	0.325954503304965	-0.0843029311426046	0.0424036046301016	0.0910508190815066	-0.0832380458221634	-0.163061236863403	0.084725497449824	0.394982137899123	0.0404474906710104	0.371899120928019	0.0131040700791935	-0.123648485480865	0.432567693954655	0.377982639272343	0.345278544648178	0.349979380504407	0.328624522895653	0.419755014499223	0.361051851647809	0.395824556453381	0.495989938686991	0.439978986060572	0.0617015029534883	0.466618742988759	0.0491584012030768	-0.165204460279565	0.360141417376518	0.415735002695496	0.22927271819929	-0.15373351907109	-0.160221702798812	-0.253260693715275	-0.226339902562093	-0.249871837219894	-0.134803015503675	-0.177796141574277	0.152825289746267	0.178326514571993
-0.404509038530951	-0.0125213014563774	0.412207153774614	0.0791144369318798	-0.147006105552821	-0.130935787945975	0.0695743179817897	0.303752740906035	1	0.0257024203761144	0.536134087106259	0.523847035922061	-0.187660658246583	0.395177746148652	-0.350757287775497	-0.0603489455881939	0.598085356986853	-0.363402829325902	0.657650292189765	0.325375863891924	-0.198417440443616	-0.137478980347378	0.288546894689833	0.597451143161665	0.281527396761295	0.692097227916269	0.506099888863647	-0.224698371021658	0.288608552411992	0.197432956110773	0.321298723023543	0.0835179913674881	0.258948912684624	0.179272308024237	0.418781884475892	0.397945575054231	0.448182465001413	-0.393022364204431	-0.120152993428256	-0.0474592726478165	-0.11113158173397	-0.0227540056945619	-0.103593899091402	-0.0275418752007667	-0.12383183673181	-0.123456810050655	-0.12932777167481	-0.000684742466685384	-0.237675680877897	0.0326108064410825	-0.138551030231234	-0.183372481907018	0.174552745834651	0.203607730559502	0.255837833991963	-0.152476567636447	-0.423899024300807	-0.247918505366943	-0.293141790430129	-0.248240359242911	-0.211210931800343	-0.318687093952842	0.327415562415239	0.404106264385542
0.349236421548937	0.528998178674541	0.354236221908992	0.122270050528413	0.443213542601412	0.446933311101176	0.484723629612368	0.30632513404514	0.0257024203761144	1	0.299888731159592	0.309922870531145	0.579000365910962	0.225076401646787	0.0811113555883761	0.63814326519615	-0.0666475942589594	0.320502902548516	-0.258034324835447	0.299815496244176	0.609401041234211	0.21959637299183	0.102841406408323	0.22439529972148	0.191971657560504	0.134167551281146	0.220617865531396	0.137383978855882	0.396586169039647	0.500954051744298	-0.085950756690938	-0.182487186928421	0.00611020841031222	0.432010297346363	-0.0207048301766816	0.165024923542891	-0.0546632923752857	0.235573865717608	0.696708553484293	0.691515418774786	0.650134928528505	0.673194993515245	0.647341912700997	0.611791414618572	0.718425664419801	0.654382367400119	0.68960651142678	0.501678601731243	0.470830716605265	0.511091653119287	-0.163064260012115	-0.277884010396209	0.0785478709597294	0.136391677995241	-0.11377007003642	-0.366787237855073	0.218219366635269	-0.32869609259363	-0.17060716090686	-0.280729799710966	-0.0885184390014518	0.127654670764022	-0.0653654353918231	-0.0555922116836359
0.0338374677870652	0.140295834786876	0.549698991999327	0.312397879180204	0.224531216791129	0.223191072067817	0.260133289038056	0.278826902072723	0.536134087106259	0.299888731159592	1	0.416740601822173	0.157474396180377	0.287590142700775	0.215862697263947	0.501207403887907	0.392773193171527	0.1309763391578	0.205632212354224	0.490419313361676	0.0892997640626265	0.249081481442748	0.403682827675288	0.696954873965433	0.527649086855607	0.521185697890178	0.662124471255184	0.145749773382703	0.630198296074006	0.637484516791431	0.192818813803802	0.175454881228717	-0.0404953832170785	0.255618412968346	0.11747828130433	0.0551653809563973	0.144008522782008	-0.0734962058815612	0.167802277343517	0.110338724509715	0.00202300527392248	0.0546173542281953	0.06339777146893	0.0252282243851655	0.155007596550477	0.158866297595599	0.210060881691034	0.0790663838046404	0.0113311876258137	0.0878038987666671	-0.0867279667840705	-0.00131612250502753	0.118599091595621	0.137483239656525	0.1201318230787	-0.0942948458328096	-0.0860264455835231	-0.110425902046421	-0.113501863594444	-0.122846639539817	-0.166149601197835	-0.0432393670693214	0.014347563179236	0.305884941637108
0.297094827029493	0.27754938376197	0.217986720998638	0.346565544697636	-0.0777107350338033	0.0148707095747527	0.132572791593846	0.149834782039621	0.523847035922061	0.309922870531145	0.416740601822173	1	0.438750889314283	0.627135224611293	0.0992042684612397	0.352121996702601	0.661021748197663	0.273014774141242	0.233703052764921	0.26569196501716	0.413965556476101	0.195474065060917	0.35379016722031	0.3122819493275	0.0286766006579719	0.527439923830709	0.22065698439737	0.181892318852221	0.199536054902232	0.118578035574746	0.273652007950595	-0.0194516226995534	0.327261149871962	0.134975054628413	0.413787927146655	0.209160545861452	0.408372262720686	0.12427980667836	0.209486353448384	0.180638211660353	0.163145122615814	0.205374477823675	0.206415527318829	0.133402115199088	0.194903210605546	0.224156625558603	0.170677507484706	0.280726447877719	0.197916026361378	0.287713992850668	0.116017930333972	-0.00893334149555552	0.243499069510744	0.250238343489963	0.168822868367248	0.046093471235892	0.115527018157434	0.0405997601986923	0.0715933290418602	0.0598988666261131	0.0708771569105171	0.231957499055927	-0.0957533056423601	-0.0557166698929086
0.898192167731369	0.676333563679027	0.0719230022356258	0.078728496518014	0.347579401769572	0.25594757063107	0.392406709476201	0.113102558297102	-0.187660658246583	0.579000365910962	0.157474396180377	0.438750889314283	1	0.489658326524051	0.353135527886482	0.677466613853846	0.0272813959703265	0.804042728519788	-0.298264743530066	0.149766109302948	0.819891740443686	0.606969039837555	0.327276578656843	-0.0443264121150546	-0.103590210237862	0.0622131707668176	-0.0688860902594889	0.508969895725655	0.266742230228031	0.359767790723097	-0.105616957628342	-0.192640880272196	0.0172827010639459	0.171217481834041	0.0138497790497986	0.077299955047207	0.00255093097729949	0.738360420792596	0.709042041836013	0.634251906066195	0.598589286492123	0.529331002347977	0.600528157462423	0.364607925396956	0.667155265526794	0.735668018339886	0.671765979571099	0.667999630035245	0.748213524879393	0.647606489462155	0.406703252446498	-0.0726491393469113	0.300063879147765	0.282185943623324	0.139397399324235	0.147159262988593	0.649371887536181	0.18854049043145	0.353685823920733	0.267151623030491	0.422679776434776	0.759602330023607	-0.385674111503335	-0.385633858607921
0.430822185404323	0.442734732557685	0.102710386101204	0.266530269850669	0.0149396321700454	-0.0555632927673234	0.0188680859100991	0.0880660263225558	0.395177746148652	0.225076401646787	0.287590142700775	0.627135224611293	0.489658326524051	1	0.0611678831308817	0.302164246615835	0.514345510311216	0.316972013270003	0.376535564332749	0.424397345371052	0.393036651951095	0.508086242649322	0.602222918263529	0.172099383215375	-0.132831785873973	0.50237472012681	0.0666274901766702	0.289300854684426	0.197989045089586	0.191798823993364	0.109118571413704	-0.157022316554699	0.187539467338324	0.228504013763827	0.28861038875021	0.348829531872364	0.366635444534868	0.246971687177922	0.291596980243376	0.216815378447151	0.157208430311209	0.22571476065169	0.153114393270283	0.0869684794034519	0.218130896923919	0.352577604335941	0.248490982221477	0.526584930829308	0.429537799516897	0.519811677498655	0.467755454972578	-0.0128009510637664	0.354345422537074	0.334980757574686	0.284802566334583	0.229112094468642	0.204866135717676	0.197579572386838	0.257803548052337	0.244455613111262	0.392558808937237	0.401044417000374	-0.141793899811762	-0.072994419053769
0.484394106039519	0.28064858016077	0.212333010750081	0.25549101971165	0.315256148281607	0.277475424308083	0.390270388088942	-0.0715042031692086	-0.350757287775497	0.0811113555883761	0.215862697263947	0.0992042684612397	0.353135527886482	0.0611678831308817	1	0.16396976206902	0.188124262289314	0.702715133457704	-0.399320350363017	0.259030776879984	0.234513632486348	0.496993259098359	-0.040108785243299	0.016768621763636	0.0647014954543241	-0.0643451919067261	0.0333634652469488	0.429416239556143	-0.0464910068676373	-0.0158571737968036	-0.122984719864703	0.185164822115439	-0.144980050634679	0.0994806149553662	-0.359936496233272	-0.086751322432816	-0.282293481452532	0.439757174926051	0.227081397377248	0.0119777425793574	0.0352963220451816	-0.0120951469994464	0.0085256599092373	-0.0811092667232161	0.111723262215038	0.279213851817686	0.283735166147343	0.206208304434078	0.253261935245418	0.185163451679608	0.317007104479118	0.350197533588922	0.28926427759286	0.25798448231197	0.142961983442219	0.318903327558612	0.50478862815736	0.417743150385086	0.400085062927404	0.38524204582259	0.23128045807799	0.421900276428105	-0.320226653961334	-0.395262539268883
0.594111081925154	0.485267770331283	0.127463511104805	0.213485843171711	0.334720307529638	0.394383089919402	0.236702794607	0.0616742802200826	-0.0603489455881939	0.63814326519615	0.501207403887907	0.352121996702601	0.677466613853846	0.302164246615835	0.16396976206902	1	-0.00247953306687844	0.43551242461015	-0.251282381248096	0.267066825688684	0.631573334437611	0.349708984018728	0.331082030617494	0.193520380269418	0.10981438391238	0.194701061473157	0.169687385649193	0.214601485025438	0.506112666162741	0.579524057973862	0.0119321065283319	-0.04544220277085	-0.0186326327672885	0.280839199840493	0.0211055999839357	-0.0524075785453467	-0.0201710089594803	0.456904865015415	0.611980216600558	0.540233537021386	0.465912907349129	0.451783214705594	0.574738253097449	0.320202563637884	0.613075232699107	0.604320223765265	0.593447407273775	0.456528198748998	0.582610429964491	0.446831830763353	0.00512619070128517	-0.118875584897914	0.103226897921647	0.117893296279283	0.0170948827374757	-0.138411275407903	0.415099377890834	-0.123048321816523	0.0110246441650761	-0.0857758274074936	-0.00308497676494396	0.414604059468834	-0.232857721550273	-0.0689968494672083
0.00157023402482742	0.166834817838273	0.247395125533532	0.243177349797167	-0.18164430701084	-0.15567742489644	0.113898591763628	0.102856714086752	0.598085356986853	-0.0666475942589594	0.392773193171527	0.661021748197663	0.0272813959703265	0.514345510311216	0.188124262289314	-0.00247953306687844	1	0.139599621297354	0.458709708895844	0.39827087252443	0.00558185273662894	0.217131556689248	0.477819004168613	0.559636415296952	0.27473724854424	0.630679763903464	0.477245013408728	0.155391951736526	0.104617205196235	-0.0119534903589392	0.300167123661136	0.167218473731015	0.202215039035887	0.146962516406167	0.319070929038229	0.451099330194979	0.394716546673131	-0.0465434083387766	-0.0464488576459093	-0.0992361285957496	-0.122205600162656	-0.0213169632183035	-0.0939598368320221	-0.0332534396443274	-0.115756163695602	-0.0106362507506939	-0.058352647817317	0.141528113207443	-0.0750555498785058	0.15738833825257	0.207576242863662	-0.012208393006382	0.459580621713418	0.448955694773998	0.493640256680479	0.161212791796996	-0.0440966876125166	0.0917346360979752	0.0502054383974795	0.0904412280625921	0.104592351513134	0.0663347277092093	0.208578134043384	0.237269282204443
0.892510384420783	0.516131906313386	0.0326370118830697	0.162046856095776	0.360875099399736	0.24478584090887	0.316811890232199	-0.0322727651662394	-0.363402829325902	0.320502902548516	0.1309763391578	0.273014774141242	0.804042728519788	0.316972013270003	0.702715133457704	0.43551242461015	0.139599621297354	1	-0.333978545085245	0.135525535388202	0.65294778994612	0.745888583368957	0.29972115344634	-0.047253515933685	-0.0181504469992452	-0.0645112440585455	-0.0400230069456623	0.692204263839972	0.0437959694259562	0.129581157270586	-0.186413680174251	-0.100547056039218	-0.0549945550579746	0.0470617762845676	-0.194598982581672	0.0294873435420162	-0.151602172699841	0.709177449975961	0.498001001691073	0.330465251629158	0.344817070704309	0.272869533376883	0.329429419707702	0.149514338609561	0.432606078288739	0.548352364369235	0.488501000361956	0.46837234605121	0.615095045411969	0.435368098400455	0.508366846402438	0.165127379562552	0.319632915657022	0.269508823743123	0.199147120499494	0.367119595301449	0.6748616184271	0.439098697329286	0.540388292671627	0.47949871649746	0.519818916345039	0.760530388516912	-0.355812101410235	-0.434078028350743
-0.312521353505629	-0.109023416869132	-0.0104684660071307	-0.100115251092326	-0.464497520923149	-0.428183798662722	-0.31258937501829	0.101349634912912	0.657650292189765	-0.258034324835447	0.205632212354224	0.233703052764921	-0.298264743530066	0.376535564332749	-0.399320350363017	-0.251282381248096	0.458709708895844	-0.333978545085245	1	0.000165433678873576	-0.347015929153982	-0.0485250985498824	0.368566410381459	0.277468015529004	-0.0053484215818823	0.516739703960553	0.185922562178635	-0.00939604826543822	0.174288295132518	0.0872776303590386	0.271367641941519	0.0745054081964481	0.26092303547905	-0.188913227119746	0.335270617734322	0.386129076107558	0.441251267827444	-0.309845592071517	-0.298322439203138	-0.214658960374995	-0.25503417254013	-0.136312134604355	-0.245166279867295	-0.104858065095931	-0.269593308934301	-0.281804402389553	-0.365967904640502	-0.0430105331217124	-0.173137477206352	-0.0324261524142824	0.162291146452274	-0.0948682898963428	0.161325928553809	0.142322762602772	0.324973921366597	0.132642978819089	-0.382744615919798	0.0233567846439928	-0.0384526641888021	0.0311861999457731	0.127015165087633	-0.175749855279268	0.298502149858387	0.344295106784721
0.050196653034664	0.387020779097199	0.535537189132171	0.23942976150952	0.368390385465468	0.31649798207444	0.379640320930425	0.25189524022031	0.325375863891924	0.299815496244176	0.490419313361676	0.26569196501716	0.149766109302948	0.424397345371052	0.259030776879984	0.267066825688684	0.39827087252443	0.135525535388202	0.000165433678873576	1	0.142853427811502	0.304943437309824	0.259049452767316	0.408486558676651	0.319964716732491	0.290729226172599	0.391789086066548	-0.0273673820278542	0.110384522155824	0.195720495652076	-0.15677473808645	-0.114106718386355	-0.10000351765012	0.427097751569277	-0.126361086221338	0.13288798513682	-0.0467242244614209	-0.0858137685268027	0.351504527255894	0.23837358491509	0.187368970243622	0.252716658378363	0.216204991450967	0.156099809317142	0.254185912363853	0.355705806348872	0.406142932908253	0.336629171253019	0.108834794551532	0.355237585037789	-0.0100603769784552	-0.0133374621478375	0.371539062775773	0.411804743720355	0.254899424703506	-0.123380832414172	-0.0414130339634836	-0.161566083757355	-0.132344702044813	-0.17505905172585	-0.178963331742276	-0.097698560792152	-0.000437524418638194	0.180718484493983
0.763314595594983	0.612283427707234	0.0651503686539602	0.274900640512148	0.327057911320261	0.312247440492	0.344313775386072	0.160695224886003	-0.198417440443616	0.609401041234211	0.0892997640626265	0.413965556476101	0.819891740443686	0.393036651951095	0.234513632486348	0.631573334437611	0.00558185273662894	0.65294778994612	-0.347015929153982	0.142853427811502	1	0.395901492081827	0.293738841335374	0.00597486644094185	-0.0357036608250599	0.0585347283237166	-0.00986439763359501	0.322501860783841	0.228757164875394	0.250476239654375	0.0557354992492366	-0.179947004905346	0.0278143577346418	0.233997887459209	0.228613142669727	0.115521111253967	0.153732587848749	0.732537433276715	0.684247942993978	0.603838230927364	0.585952013917354	0.540847952951892	0.609203223282378	0.419326099719114	0.637998870302034	0.699596288487949	0.653776244410461	0.602786909571909	0.683371412957473	0.585130420732126	0.213823396414788	0.010528457134933	0.225300950140958	0.219149290875341	0.0756579997341713	0.0234178641579713	0.695248031999164	0.0715338367559684	0.230610628642111	0.134864013653152	0.25448330177356	0.691642295022554	-0.2462127158391	-0.264401133190078
0.692961850950754	0.610093486995025	0.236367086758656	0.124903168228119	0.464349635423991	0.417008310635876	0.276274651498306	0.163578253190275	-0.137478980347378	0.21959637299183	0.249081481442748	0.195474065060917	0.606969039837555	0.508086242649322	0.496993259098359	0.349708984018728	0.217131556689248	0.745888583368957	-0.0485250985498824	0.304943437309824	0.395901492081827	1	0.523933137726205	0.051697977102836	0.137876434660982	-0.104957157464749	0.0837511086762439	0.504655445276253	-0.0270343657250112	0.137455865617339	-0.387312527200925	-0.260811055254087	0.107067834420009	0.256864247503051	-0.321131580681246	0.12291573928286	-0.245069355445613	0.38504453553503	0.527827125011699	0.335466143477898	0.322184968844722	0.256503701929063	0.273081464732239	0.169192998850841	0.469112974951013	0.584722823436594	0.518087032603202	0.588270985630365	0.681909755790287	0.547607331775515	0.711733847643709	0.234847515608292	0.436464564314047	0.386864919106068	0.355932933589415	0.531224173157394	0.351665528748132	0.47012566716609	0.532072367877747	0.474430330391855	0.536526730973056	0.448906871850814	-0.206891993016995	-0.244599919854067
0.345206499296652	0.253114244411031	0.0471578786789959	0.0918761202096749	-0.0891130762272031	-0.0168892650860471	-0.100295112364473	0.107442200802569	0.288546894689833	0.102841406408323	0.403682827675288	0.35379016722031	0.327276578656843	0.602222918263529	-0.040108785243299	0.331082030617494	0.477819004168613	0.29972115344634	0.368566410381459	0.259049452767316	0.293738841335374	0.523933137726205	1	0.551447604130903	0.469658523321792	0.335227339883721	0.542280245057349	0.471451053709434	0.302877941789573	0.272835950836062	0.179384906627699	0.0574597833036438	-0.0213762318529863	0.162545797791807	0.211445945273295	0.410615717544316	0.308194065608883	0.143529365615308	0.136580331686403	0.099855763470194	0.0422666827501278	0.174067586838252	0.0924858147920565	0.176361697141661	0.154052246293333	0.163712852944536	0.0769532085585136	0.242731455607222	0.292455988414568	0.227576278451558	0.374837856174897	-0.00617350101339411	0.321844586488033	0.276257712168875	0.452303237693298	0.256321268083951	0.061493073958745	0.200008653795507	0.242005357548669	0.234701196779823	0.380480179481378	0.287160012421522	0.351784652147889	0.514179319756448
-0.189985294584801	0.0807066080173382	0.485582632469875	0.184141378673332	0.0633681362282555	0.0927721976271389	0.235511956847951	0.272717429794012	0.597451143161665	0.22439529972148	0.696954873965433	0.3122819493275	-0.0443264121150546	0.172099383215375	0.016768621763636	0.193520380269418	0.559636415296952	-0.047253515933685	0.277468015529004	0.408486558676651	0.00597486644094185	0.051697977102836	0.551447604130903	1	0.839394450878258	0.630721070589225	0.980147595741721	0.12623129978032	0.532547966193397	0.450396628092014	0.353644567291566	0.360340635486623	-0.0807870823242306	0.359815104414167	0.18340610502596	0.437788129199801	0.26019635909675	-0.18286926387209	0.0398154411274852	0.0533393601598397	-0.0052923695999265	0.140626852654358	0.0237978557353511	0.199354622132527	0.0407538803354125	0.0203713631731196	0.0457172093545091	-0.0199460474583977	-0.167629989443569	0.00381936022664144	-0.178211812371925	-0.159697278456999	0.275709774835643	0.293330635023062	0.376426587816879	-0.213703013475472	-0.209371532930198	-0.204336510140834	-0.206178730340918	-0.201713251089407	-0.158844385846521	-0.175309655584901	0.516524114507682	0.712533282309636
-0.211852372963676	0.0733157690156196	0.549011618002295	0.126764918866433	0.267580573218416	0.342434232509047	0.300779871963875	0.388020539249109	0.281527396761295	0.191971657560504	0.527649086855607	0.0286766006579719	-0.103590210237862	-0.132831785873973	0.0647014954543241	0.10981438391238	0.27473724854424	-0.0181504469992452	-0.0053484215818823	0.319964716732491	-0.0357036608250599	0.137876434660982	0.469658523321792	0.839394450878258	1	0.107696476443748	0.930477684294885	0.117065271806295	0.262718426867459	0.254011311391812	0.0852473152491516	0.25053167318491	-0.15950927934111	0.451197384606209	-0.105048390030618	0.315007894240969	-0.0588026918058718	-0.275536498994072	0.0999437408741675	0.0702429596683153	0.0534350834794006	0.156327925811695	0.0743499349337824	0.312253409161825	0.122327509201999	0.0578603497955079	0.132285102454679	-0.0653555472105773	-0.168980200934185	-0.0513374445909946	-0.183183638285456	-0.0451146820292498	0.212926568445522	0.234240341218805	0.294289029974199	-0.165755577028562	-0.274226363301292	-0.180669278009604	-0.194432188228089	-0.208592323596118	-0.223840774416614	-0.322133703336766	0.608442774315705	0.735460833201132
-0.0494214401114143	0.0417410194127221	0.105153086078008	0.159586082287672	-0.263783105696824	-0.317532648249246	0.000317907035902308	-0.0550891276103491	0.692097227916269	0.134167551281146	0.521185697890178	0.527439923830709	0.0622131707668176	0.50237472012681	-0.0643451919067261	0.194701061473157	0.630679763903464	-0.0645112440585455	0.516739703960553	0.290729226172599	0.0585347283237166	-0.104957157464749	0.335227339883721	0.630721070589225	0.107696476443748	1	0.464399906460749	0.0619334635619534	0.597193525945904	0.459858817868849	0.523424042178249	0.300234878027792	0.079747569688695	0.0156884304522617	0.483852643937164	0.350224817895111	0.558599321589997	0.0552601661398602	-0.0708631048369181	-0.00344890899773025	-0.0864442841949524	0.034229846399796	-0.0629796859640723	-0.0803982964371136	-0.101043800849981	-0.0465969414511451	-0.106259092166348	0.0555714794395252	-0.0676928694971644	0.0791241248312044	-0.0659515128165176	-0.229360307384414	0.199624533734151	0.201682006031804	0.268339710519299	-0.156277522130225	0.00471273457374822	-0.118095525378164	-0.10207578382969	-0.0735179383043888	0.0270313822756883	0.135373077791872	0.0776971511512182	0.254704577617442
-0.20686452159309	0.0803815043869607	0.527438517492174	0.17028661426863	0.139553043346966	0.18677134491784	0.268154294261152	0.325954503304965	0.506099888863647	0.220617865531396	0.662124471255184	0.22065698439737	-0.0688860902594889	0.0666274901766702	0.0333634652469488	0.169687385649193	0.477245013408728	-0.0400230069456623	0.185922562178635	0.391789086066548	-0.00986439763359501	0.0837511086762439	0.542280245057349	0.980147595741721	0.930477684294885	0.464399906460749	1	0.126897457463181	0.455105842938279	0.396377054852141	0.270046188717043	0.334273035237606	-0.112799359854028	0.406284079516469	0.0862786759431661	0.409816189591385	0.154764594108058	-0.225008615595392	0.0624510516653511	0.0611206005474775	0.0153205028063022	0.151304865969494	0.0427104013620462	0.248137210713292	0.0713921088347351	0.0338756655661543	0.0782874348551408	-0.038044142580977	-0.175792596574003	-0.0168828288421134	-0.187189396523804	-0.123694371708788	0.263389121388383	0.2830508344298	0.361121498545775	-0.204331131505449	-0.242249827461007	-0.203674110064431	-0.210140550598636	-0.212159431286338	-0.188997353017211	-0.236847369475219	0.570527773259361	0.749428760579948
0.636483679267455	0.180483633772605	-0.14808182652835	0.121389184136107	-0.0691959066923976	-0.0552484661811511	-0.00499359612227791	-0.0843029311426046	-0.224698371021658	0.137383978855882	0.145749773382703	0.181892318852221	0.508969895725655	0.289300854684426	0.429416239556143	0.214601485025438	0.155391951736526	0.692204263839972	-0.00939604826543822	-0.0273673820278542	0.322501860783841	0.504655445276253	0.471451053709434	0.12623129978032	0.117065271806295	0.0619334635619534	0.126897457463181	1	0.147362057128925	0.142939198253452	0.0496250477672974	0.117331147301114	-0.161968463671452	-0.108949914283238	-0.110681773486935	0.148996255670796	0.0697913364489294	0.429458760745776	0.119726766157352	0.0806720348831069	0.0924420280956397	0.143870799008737	0.0971223120289157	0.079299486629143	0.140327297489297	0.15445705385409	0.0676026531562492	0.1415409782117	0.313612817792518	0.110551095713041	0.442212744006506	0.14036706292103	0.19305876651303	0.11762121896189	0.25180700820943	0.373092053986719	0.367636517781987	0.475321537967709	0.539608473938068	0.537018754370074	0.590102110648035	0.573604992837927	-0.00296595008729504	-0.00735300911259435
0.0889367481726583	0.117141686832815	0.0949418467488712	0.0169454397013319	-0.0604920920826361	-0.0939825769969573	0.0957440213786094	0.0424036046301016	0.288608552411992	0.396586169039647	0.630198296074006	0.199536054902232	0.266742230228031	0.197989045089586	-0.0464910068676373	0.506112666162741	0.104617205196235	0.0437959694259562	0.174288295132518	0.110384522155824	0.228757164875394	-0.0270343657250112	0.302877941789573	0.532547966193397	0.262718426867459	0.597193525945904	0.455105842938279	0.147362057128925	1	0.924761006517761	0.513006264083907	0.398716459372473	-0.240867233528416	0.000892521245608141	0.368317988964225	0.121439286906741	0.362251985621806	0.213135007144053	0.181197732204454	0.285404865438749	0.15177788773159	0.210066762310235	0.188887871125969	0.174121328048644	0.237894681477906	0.163779561879125	0.142070016791076	0.083788246135223	0.127202695195907	0.0846411708800685	-0.0832907571602041	-0.11716997932284	0.031856571101288	0.0338083110600302	0.0403666757238199	-0.157130177989095	0.166809816846461	-0.0881975150897955	-0.0159707714440516	-0.0312093867651448	0.0491186058867559	0.176469558566545	-0.0691819533189605	0.303288725212585
0.174905138352381	0.25792286116558	0.168942151409269	-0.0893626213531468	0.123827378529574	0.0625253678021637	0.227710372215058	0.0910508190815066	0.197432956110773	0.500954051744298	0.637484516791431	0.118578035574746	0.359767790723097	0.191798823993364	-0.0158571737968036	0.579524057973862	-0.0119534903589392	0.129581157270586	0.0872776303590386	0.195720495652076	0.250476239654375	0.137455865617339	0.272835950836062	0.450396628092014	0.254011311391812	0.459858817868849	0.396377054852141	0.142939198253452	0.924761006517761	1	0.14948730498993	0.113878644776641	-0.213795592468493	0.140921946510026	0.105097708589143	0.050143884692678	0.0987907944109001	0.212761897030165	0.367792980308443	0.478693392631786	0.346433267684718	0.35193324448836	0.355082094752834	0.253136114682661	0.433891155399554	0.342775744308774	0.333062759730154	0.218976137520341	0.274143777706422	0.216007930043645	-0.0146553755139481	-0.163190406010056	0.0389902284622815	0.0494738944507527	-0.00122946865995187	-0.148567687196787	0.158472899102286	-0.110594357940557	-0.0102645884231841	-0.0569314491513018	0.0609163323221169	0.150546626428463	-0.150014790325401	0.198751716034838
-0.155986080270067	-0.268537396979206	-0.140725597398551	0.243481579951071	-0.444045766147271	-0.39967800847648	-0.273465390113192	-0.0832380458221634	0.321298723023543	-0.085950756690938	0.192818813803802	0.273652007950595	-0.105616957628342	0.109118571413704	-0.122984719864703	0.0119321065283319	0.300167123661136	-0.186413680174251	0.271367641941519	-0.15677473808645	0.0557354992492366	-0.387312527200925	0.179384906627699	0.353644567291566	0.0852473152491516	0.523424042178249	0.270046188717043	0.0496250477672974	0.513006264083907	0.14948730498993	1	0.72176265115171	-0.14316286109006	-0.324113145800197	0.770566492534664	0.209308449602049	0.760944720629478	0.0765235061112136	-0.348807195302971	-0.317156809853583	-0.368322202986075	-0.232923230454511	-0.29109668742996	-0.113061564655148	-0.34757847616994	-0.338671004570043	-0.375804179344301	-0.263045447300384	-0.281648741009342	-0.252926715372759	-0.185386403381731	0.0322862230451265	-0.00718182813449406	-0.0239769576474601	0.105397822563596	-0.0897875729761573	0.0682647516597181	0.00269190510378869	-0.0286734896793519	0.0333412743075347	-0.00361757894946308	0.125825650622104	0.148695382779257	0.328336374644413
-0.19401017731547	-0.269935462629083	-0.069961359420438	0.172260928007467	-0.284867747450143	-0.197509633014627	-0.142231609046255	-0.163061236863403	0.0835179913674881	-0.182487186928421	0.175454881228717	-0.0194516226995534	-0.192640880272196	-0.157022316554699	0.185164822115439	-0.04544220277085	0.167218473731015	-0.100547056039218	0.0745054081964481	-0.114106718386355	-0.179947004905346	-0.260811055254087	0.0574597833036438	0.360340635486623	0.25053167318491	0.300234878027792	0.334273035237606	0.117331147301114	0.398716459372473	0.113878644776641	0.72176265115171	1	-0.185717428102157	-0.193844343478067	0.178568018531952	0.0955702878342998	0.244719122421779	0.0333433138971541	-0.335549115218431	-0.389876979089648	-0.410479699474692	-0.282971371025908	-0.357517702950797	-0.108567072300969	-0.354870962172657	-0.322622751977434	-0.32964415629448	-0.305295843660953	-0.26871847770209	-0.307035681331505	-0.122342499965557	0.257222127168102	0.0194456631115049	-0.00638249675192394	0.10432763407868	0.0489211749567819	0.106467445966085	0.134659064745035	0.0603071259077024	0.133844619386605	-0.0419629348839516	0.0310309850237296	0.183108594418681	0.352419071686906
0.00631140534636803	0.0784971299466229	0.0287925109296257	0.0684216347243204	0.0531444547498315	0.0218218509964391	-0.0320299187069398	0.084725497449824	0.258948912684624	0.00611020841031222	-0.0404953832170785	0.327261149871962	0.0172827010639459	0.187539467338324	-0.144980050634679	-0.0186326327672885	0.202215039035887	-0.0549945550579746	0.26092303547905	-0.10000351765012	0.0278143577346418	0.107067834420009	-0.0213762318529863	-0.0807870823242306	-0.15950927934111	0.079747569688695	-0.112799359854028	-0.161968463671452	-0.240867233528416	-0.213795592468493	-0.14316286109006	-0.185717428102157	1	0.111356339222034	-0.0145912362933032	0.158499268318377	-0.10365574908056	-0.0104975339954945	0.0101977781763689	-0.0289538182428367	-0.0314632419795593	-0.0733644463723074	-0.0550117696878924	-0.0784210175953215	-0.0358033585870432	0.0373333264150256	0.00436355356148785	0.186055710380366	0.173959644091459	0.182113114079846	0.0802952992072903	0.0979469739099232	-0.0239922679797029	-0.0228226556511055	-0.0807212825694424	0.0955738321388107	0.0262536098859603	0.0469364114421702	0.0462498285236704	0.0511154640969341	0.024990592945296	0.00833468816015746	0.0614280426612625	-0.197822458543219
0.016782826691372	0.48891129316285	0.562927253291742	0.258618307473786	0.542283747159672	0.576125531684014	0.527059150705327	0.394982137899123	0.179272308024237	0.432010297346363	0.255618412968346	0.134975054628413	0.171217481834041	0.228504013763827	0.0994806149553662	0.280839199840493	0.146962516406167	0.0470617762845676	-0.188913227119746	0.427097751569277	0.233997887459209	0.256864247503051	0.162545797791807	0.359815104414167	0.451197384606209	0.0156884304522617	0.406284079516469	-0.108949914283238	0.000892521245608141	0.140921946510026	-0.324113145800197	-0.193844343478067	0.111356339222034	1	-0.2895369161271	0.344185587155939	-0.296883586279415	-0.0320580563255366	0.516136765907284	0.427240819174774	0.406077762561671	0.347413061768332	0.348009376021219	0.295787247856503	0.423210713765429	0.512420761244342	0.574210134614084	0.440555078431595	0.235784600341957	0.454820558711416	-0.0427304834278372	-0.114562673332616	0.318200221073419	0.366605800113732	0.225070868239063	-0.229235065665118	0.0184818747746141	-0.278204317937008	-0.231044736222382	-0.285393951828988	-0.248596194095739	-0.145644283853046	0.280837392101425	0.136756929518892
