"PROT"	"TFAT"	"CARB"	"MOIS"	"ALC"	"CAFF"	"THEO"	"SUGR"	"FIBE"	"CALC"	"IRON"	"MAGN"	"PHOS"	"POTA"	"SODI"	"ZINC"	"COPP"	"SELE"	"VC"	"VB1"	"VB2"	"NIAC"	"VB6"	"FOLA"	"FA"	"FF"	"FDFE"	"VB12"	"VARA"	"RET"	"BCAR"	"ACAR"	"CRYP"	"LYCO"	"LZ"	"ATOC"	"VK"	"CHOLE"	"SFAT"	"S040"	"S060"	"S080"	"S100"	"S120"	"S140"	"S160"	"S180"	"MFAT"	"M161"	"M181"	"M201"	"M221"	"PFAT"	"P182"	"P183"	"P184"	"P204"	"P205"	"P225"	"P226"	"VITD"	"CHOLN"	"VITE_ADD"	"B12_ADD"
1	0.531929480802589	-0.309392562707766	-0.209987653864153	0.297458747834917	0.160053463266208	0.268353780075867	-0.161174518961865	-0.690204048044885	0.119888452948103	-0.513455646135224	-0.169608430391324	0.855234570140395	0.0326034292200015	0.491966282227949	0.550892624716651	-0.252816031772131	0.901452369847847	-0.601096674289098	-0.454397791444722	0.762653248825653	0.80880233789595	0.0822850571698278	-0.499272835700683	-0.36994384641368	-0.391918907296817	-0.47357823872679	0.798319640686386	0.0310758254646445	0.102700970461622	-0.109736260556227	-0.00798908555902409	0.0608437419711329	-0.0704607745593075	-0.151523693865186	-0.0639656586574854	-0.157488076004312	0.933167475375432	0.481732400440604	0.406043737789743	0.425547757004387	0.24782575242567	0.353612080079497	0.0726962678499961	0.430127150061775	0.558071423853283	0.450948168670723	0.525995033262387	0.806240052452204	0.47365748839666	0.863362134242255	0.234894175385801	0.365474825894017	0.249679798106027	0.266400236235894	0.591839521091253	0.943567847231307	0.662910203598549	0.813139158035826	0.737726379871932	0.813367158757692	0.897172564197223	-0.685235588845794	-0.63976783838291
0.531929480802589	1	0.44416498687626	-0.173009279983085	0.746206796144614	0.610777025443881	0.807873078529538	0.522139690836901	-0.100605951069996	0.785553314809069	-0.0568141799952047	0.158064610486757	0.772096791983062	0.368127680618022	0.215745224847909	0.707106718189284	-0.0877804658700755	0.462184453312981	-0.383985978550608	0.354650804320908	0.735808019490547	0.695438467500056	-0.0181192531689627	-0.0368639133722847	0.094515444690395	-0.201735032835217	0.00809024563939477	0.118987318812864	0.156915421661485	0.470177921839611	-0.414821460432916	-0.404008484788154	0.111639562857421	0.713922930773392	-0.2574526115222	0.418477072896865	-0.216479983649682	0.48590561536234	0.969640867060809	0.943062046033315	0.941169241389065	0.868595230529683	0.938054711539873	0.660634249162212	0.920535592756237	0.984234723989607	0.947684807481754	0.977751873558761	0.827485757441544	0.97405759719862	0.397420042539989	-0.276653212997174	0.777180713152664	0.793766882722463	0.480049031945832	-0.0893063145337453	0.482979735815273	-0.143002294269508	0.0697219621570053	-0.0802673385660989	0.125088319448633	0.294994977044234	-0.295837174356694	-0.320406982081158
-0.309392562707766	0.44416498687626	1	0.345153810916155	0.681138744029537	0.680324213509168	0.753210910956038	0.850371605312707	0.383410475635261	0.685286484996977	0.725207756554715	0.428724725218652	0.121374364003731	-0.0826223678099786	0.114943384893522	0.36545589574654	0.0443785495520611	-0.10243392675863	-0.186009363696505	0.53971932610423	0.160727244742968	-0.0399330892243	-0.210601393023402	0.610985779360765	0.820671120122795	-0.0418505760653292	0.71042564008756	-0.436720936966757	0.243320903258573	0.409762182396588	-0.159826847834555	-0.0708053156425395	-0.172454300678944	0.709996802907351	-0.186689651859316	0.234943152603626	-0.223363162780084	-0.233353616032983	0.557714336175024	0.535859040778631	0.539984768542917	0.63172228641505	0.60073370911649	0.702104242322623	0.562757534220066	0.479642422933866	0.604923042679926	0.353252713176555	0.00499035322216165	0.392858858635223	-0.511856735554369	-0.327060503381716	0.249682818952309	0.38697308049118	-0.0908032020004224	-0.685455577714891	-0.23937365210938	-0.694061853713629	-0.650844231785421	-0.72329635065122	-0.700343891306196	-0.431450096965896	0.1881961418471	0.256671807489739
-0.209987653864153	-0.173009279983085	0.345153810916155	1	0.372205071598835	0.406942102649907	0.00869314513210612	0.165809568422864	-0.0893347776344125	-0.152600238875599	0.204628413138347	-0.0787681767347067	-0.221544836999421	-0.301137776161259	0.257647245284756	-0.225845430085196	-0.0454917193974273	0.0255944930660337	-0.282293029832097	0.137042547745229	-0.0948444534833176	-0.0776087323780091	-0.133968318362305	0.0341575195295237	0.303391559835282	-0.357474728736823	0.131894457405288	-0.156490796251595	-0.422441007767944	-0.495606492701006	-0.101401312191516	0.142045154186179	0.0279263202274645	0.184980513274554	-0.223346319143918	-0.223689230231905	-0.300641064643521	-0.113134077052395	-0.101431777375845	-0.235156854690752	-0.207864855921271	-0.140605734843988	-0.172876157065018	-0.021340730175848	-0.15495652285204	-0.131389991080091	-0.0163776243237477	-0.150977153672415	-0.206504249698342	-0.141388001215777	-0.475737934477697	0.0752533290037405	-0.353760836160725	-0.280621544166275	-0.497170568127107	-0.384041511312186	-0.115400192916788	-0.317848338178351	-0.382876263242082	-0.351127500217645	-0.479052259400836	-0.171673789551646	0.0839439891878158	0.0746606321477053
0.297458747834917	0.746206796144614	0.681138744029537	0.372205071598835	1	0.946557128190783	0.774918324611232	0.584862590600722	-0.277849158735646	0.633451749200394	0.208815061356298	-0.127428590251993	0.493913229329939	-0.159230162429508	0.411338350409194	0.677157686719941	-0.379625843233552	0.373940411448219	-0.626174195004025	0.324247488798	0.467541002308978	0.588542181212558	-0.35322630462825	-0.0591869122209029	0.31343228032526	-0.546069002290199	0.0721764677438991	-0.0770702641604249	0.00115007579337892	0.329399467228932	-0.539033685825417	-0.255047358494209	0.109911232888271	0.785007066753001	-0.578583708695394	-0.0391373717947406	-0.590506317312927	0.295256974691559	0.823802364181037	0.710839509315981	0.716838536958989	0.612130155851551	0.716830093949918	0.494829807909204	0.763025645526024	0.809791272647973	0.887016721773283	0.691285268739408	0.595461450948081	0.683927638593826	0.0320675858138418	-0.0816920974233278	0.382394056677278	0.447047668070474	0.0224737747417392	-0.307648816585475	0.312867590020934	-0.319370824483278	-0.180724021352444	-0.310683080042868	-0.269382943054626	0.0459678745699731	-0.37767032239243	-0.30789405405369
0.160053463266208	0.610777025443881	0.680324213509168	0.406942102649907	0.946557128190783	1	0.694020302560263	0.574054446898117	-0.27409342213554	0.58388154576723	0.276193518551397	-0.2057971839183	0.293767647096367	-0.229730830742539	0.369966289304418	0.58718993061622	-0.463094825180462	0.209092995619092	-0.629548279071197	0.359930550596516	0.335145617455453	0.559407474018247	-0.356826178599536	-0.086604177945548	0.359005289388316	-0.658640285653044	0.0705961963316618	-0.196985405730238	-0.092736432486916	0.253406392187177	-0.60343239760157	-0.350110656698145	-0.0136499312027206	0.769634169325733	-0.612929955904337	-0.194890306565236	-0.617597023059169	0.105551759716184	0.722162129549996	0.616928123847509	0.623004978571067	0.540909155749185	0.622266279633561	0.452369127694893	0.695874233314386	0.6961818133565	0.793208559630614	0.547480299279039	0.503951600074613	0.533965042116698	0.000341083812132456	0.140163349117722	0.215081097129614	0.284957175830165	-0.128967818063181	-0.223221716311611	0.148802955693007	-0.277614470926288	-0.19556799437779	-0.319253816642586	-0.336472586624145	-0.135347530547735	-0.282561313830738	-0.215679347392469
0.268353780075867	0.807873078529538	0.753210910956038	0.00869314513210612	0.774918324611232	0.694020302560263	1	0.589948325302362	-0.033931967427429	0.709626923040229	0.262786191235528	0.295447054574073	0.586339294280822	-0.0123485634401453	0.482044568849245	0.582540291429235	0.0067668987544714	0.405469362733628	-0.559657711894669	0.433089101383697	0.498683550764386	0.418646237337028	-0.337279264628972	0.2234157019007	0.422473895802533	-0.189653230953775	0.302835017746081	-0.0736943862917258	0.137362541723038	0.415729617194038	-0.391585737636744	-0.196898288605193	-0.27042478583303	0.766345000479346	-0.424980737032977	0.273625587588557	-0.427239813343706	0.275706024071191	0.845446309884838	0.79604426287642	0.822250078365868	0.760279558315965	0.82193918556648	0.636198447979554	0.798062157733378	0.828208901915261	0.872282854475819	0.713542033223659	0.463422211437257	0.728390777836312	0.113108004603228	-0.142590537116626	0.627984959082202	0.685303405115696	0.225620559328239	-0.228044712733758	0.309483485466551	-0.219949125888467	-0.0989472076093687	-0.220985408761445	-0.192905485451031	0.0513414686561597	-0.257150206948599	-0.291330114000734
-0.161174518961865	0.522139690836901	0.850371605312707	0.165809568422864	0.584862590600722	0.574054446898117	0.589948325302362	1	0.446537701594683	0.831274381595586	0.682227431371071	0.56078802478769	0.271676852935677	0.163607938409436	-0.210440008972449	0.50660841866195	0.0173516929402895	-0.0890961425971979	0.0427128762845785	0.311505537768992	0.446019027354996	0.118985584222501	0.224885156610676	0.617312661194917	0.829116920541796	-0.0437889429312331	0.718530267292498	-0.267110050929895	0.434061510834781	0.571532100055856	0.00364130834668688	-0.200144903338183	0.0780831848632209	0.522254648805374	0.193166805786237	0.298642231583593	0.14054589130163	-0.151278666343962	0.640141787312906	0.673691999314799	0.655514177387128	0.801156165122784	0.734675756886891	0.92649908571989	0.707974854460178	0.554376744478633	0.631056790950497	0.452593526825817	0.199242374599188	0.477357034032774	-0.344290275556989	-0.393755403919818	0.246225029339294	0.362072001732645	-0.026067042486235	-0.567817132700719	-0.195943594873956	-0.64439703163712	-0.553690208897897	-0.643364483616255	-0.465926329622867	-0.296875369224457	0.234047924132675	0.446112240410596
-0.690204048044885	-0.100605951069996	0.383410475635261	-0.0893347776344125	-0.277849158735646	-0.27409342213554	-0.033931967427429	0.446537701594683	1	0.27813000565908	0.588343973884509	0.65752174685997	-0.333661222169457	0.551309575661908	-0.596476196507325	-0.243358275931992	0.540482936429222	-0.666813437378121	0.751259779192194	0.505874232362523	-0.243288947119568	-0.635823361240089	0.435243729099971	0.834304322833708	0.525229224286574	0.777838826100299	0.75598355052201	-0.410219911658211	0.413815615909832	0.251760806471689	0.474000388195508	0.117693005360627	-0.103688699545241	0.089968952883284	0.597825016910534	0.690904880713563	0.64463349170287	-0.553772096525234	-0.130709941591657	-0.0103865501133506	-0.0478938578189621	0.249932077819176	0.0543298665488977	0.401575642120332	-0.0779060817225526	-0.189748668525935	-0.182110844178676	-0.0914067453704538	-0.459293491023573	-0.0287324496073308	-0.651447952714607	-0.642298182280086	0.121543320102273	0.215731265280173	0.201045052304873	-0.634021192022129	-0.629593953864799	-0.67122386502903	-0.694404221850305	-0.649875426188741	-0.493942161976096	-0.509682132779479	0.888275877366259	0.83309030607209
0.119888452948103	0.785553314809069	0.685286484996977	-0.152600238875599	0.633451749200394	0.58388154576723	0.709626923040229	0.831274381595586	0.27813000565908	1	0.347069505095948	0.423014396722871	0.527474478010598	0.338237795710073	-0.194946966939622	0.708072823549868	-0.217270026014841	0.0232271754069522	-0.111857233807338	0.365187453047516	0.605642016875933	0.308796035429518	0.0963466808971778	0.349956138474793	0.487270501091273	-0.0501194134192963	0.413219869151788	-0.14376335369887	0.413065046910035	0.660699840693787	-0.17485583070039	-0.377827681752063	0.164381858198716	0.679488064131815	-0.00474109425907241	0.441999069983747	-0.0138565478966151	0.0494442289822136	0.860341266521172	0.917587425201505	0.899417108316942	0.943786163101807	0.909603540511436	0.873354598580633	0.909920955582325	0.811249238186978	0.8284692499412	0.766212478693605	0.561004778036874	0.779471169491489	-0.0157485505160598	-0.403555836641771	0.414847685652725	0.495617005721599	0.113555956912314	-0.408685907064175	0.00645914249109872	-0.441600039084983	-0.257556270007996	-0.404087200290277	-0.155172990329793	-0.125618060428132	0.0288644736706293	0.108107814589224
-0.513455646135224	-0.0568141799952047	0.725207756554715	0.204628413138347	0.208815061356298	0.276193518551397	0.262786191235528	0.682227431371071	0.588343973884509	0.347069505095948	1	0.39903374108189	-0.16408648255057	-0.129818135302345	-0.0827233901194789	0.228065253684941	0.110145139890171	-0.338008367537566	0.17936723204305	0.231256389663084	-0.139233140505902	-0.345602388567561	0.119470148360719	0.848014425483122	0.912571928437852	0.25728335376057	0.905179301849366	-0.236976422668283	0.608198129989278	0.524814916782207	0.396323501164461	0.380182706068761	-0.333374036515427	0.138617838729466	0.234774862504575	0.116119756970787	0.229634090733167	-0.340558845039944	0.0563241173200452	0.0638721094025837	0.0336727859338363	0.235013824704023	0.127004421489051	0.467470127717313	0.112215474288911	-0.0180473620078722	0.081377377805577	-0.183063437079951	-0.360839496435001	-0.148806858626622	-0.654045315652649	-0.274268334411615	-0.0285203321212045	0.0704725578703426	-0.0963716639267563	-0.581878288246287	-0.375093137891024	-0.565208428921964	-0.612203184311962	-0.592654045533801	-0.601043735458156	-0.410337196403828	0.513866888406116	0.711407430430676
-0.169608430391324	0.158064610486757	0.428724725218652	-0.0787681767347067	-0.127428590251993	-0.2057971839183	0.295447054574073	0.56078802478769	0.65752174685997	0.423014396722871	0.39903374108189	1	0.2074763502136	0.394192998746912	-0.25343292120438	-0.0400106783843003	0.590842419538935	-0.0398324567145808	0.31664108001083	0.117595949487589	0.355247793705689	-0.303371699758608	0.468389602020017	0.760862731025127	0.625557688388615	0.499957884116136	0.741597973313409	-0.0300349532499149	0.357911847137741	0.186187102960998	0.467585576007479	0.0878485047053572	-0.183789749712952	0.0113499158196774	0.641447103515968	0.624867293979542	0.565495084476013	-0.119083031483817	0.172866812571478	0.277209186183198	0.291886793672806	0.522239405110327	0.356946108574128	0.694105060912571	0.242446069307092	0.109771585257015	0.102947504040983	0.136352234772222	-0.17434871812695	0.181742178227549	-0.252436800276658	-0.436771706532639	0.1856246634366	0.246671468494375	0.0471853379204848	-0.333531888340385	-0.179571181727966	-0.30745082061431	-0.284852396778857	-0.284079701493867	-0.134413746332864	-0.0880931281768218	0.438019431146667	0.470814471010924
0.855234570140395	0.772096791983062	0.121374364003731	-0.221544836999421	0.493913229329939	0.293767647096367	0.586339294280822	0.271676852935677	-0.333661222169457	0.527474478010598	-0.16408648255057	0.2074763502136	1	0.175779002177339	0.37196444317883	0.759429461273751	-0.141899050916544	0.81415997804799	-0.496667772710612	-0.228331785740752	0.900753150656651	0.675346939808006	0.12380771172176	-0.0693940687543919	0.0179793638789116	-0.157041555539751	-0.0421844648729877	0.657864103259601	0.344647705017181	0.433422748732775	0.0102600636166002	0.0375018372505295	0.0770978714313075	0.191917000391338	-0.0321055811737438	0.274212648457122	-0.0525052267698918	0.852560834083967	0.749340836174832	0.708316778594321	0.71845960596348	0.618897209687488	0.678618225895403	0.479116721473978	0.70952597982212	0.789032776062724	0.709093087291406	0.742841314838967	0.810150668763041	0.719304088520484	0.595406243217785	-0.16202338012568	0.556596074318095	0.503819592856488	0.339206545693703	0.177390436494376	0.821650807825499	0.276016160230685	0.48749890410567	0.380507100648984	0.558907229559461	0.752392966501476	-0.504541113611242	-0.423618890355367
0.0326034292200015	0.368127680618022	-0.0826223678099786	-0.301137776161259	-0.159230162429508	-0.229730830742539	-0.0123485634401453	0.163607938409436	0.551309575661908	0.338237795710073	-0.129818135302345	0.394192998746912	0.175779002177339	1	-0.46832131149487	-0.0463677496490432	0.408906403703292	-0.18431828320104	0.493504119992205	0.435598989753248	0.280129322477225	0.0584309167363122	0.66522579447166	0.207373948830862	-0.0983759835088962	0.514617245754195	0.104700993662748	0.064397706684803	0.137241017423489	0.0877751127053167	0.188075897555458	-0.238936552677436	0.0981006159685993	0.157081547117057	0.49869484575233	0.842009962587689	0.61381366223692	0.049072751876579	0.213767134202357	0.301688019423677	0.267459694404384	0.461555943078106	0.316482391906546	0.371761072292295	0.213024625131504	0.236174184679178	0.109857163061182	0.465017272203776	0.28440547985822	0.487166290234624	0.121784686774577	-0.488673146272785	0.497314999223761	0.493529692125046	0.583887053171662	-0.108265329665809	-0.0177475686991402	-0.18609367391038	-0.0792022264956268	-0.10041342205711	0.195943291579061	0.0956875975115035	0.552486787147515	0.352191740859052
0.491966282227949	0.215745224847909	0.114943384893522	0.257647245284756	0.411338350409194	0.369966289304418	0.482044568849245	-0.210440008972449	-0.596476196507325	-0.194946966939622	-0.0827233901194789	-0.25343292120438	0.37196444317883	-0.46832131149487	1	0.188824787578615	-0.0122542638508932	0.724518857896197	-0.839338972139626	-0.0558942381986769	0.156338649096008	0.427780716912705	-0.477012177080025	-0.237646449024109	-0.0363470666939794	-0.382426565294576	-0.176233393403995	0.390201158703509	-0.213811870406958	-0.160694883745506	-0.24144318299363	0.297911344463305	-0.552313743521387	0.140500308292096	-0.594724928152314	-0.275720905885654	-0.585700301700826	0.580802799731647	0.198756313103235	0.0251966052325463	0.0762304640607427	-0.0819814699615245	0.037418548983459	-0.184575762856751	0.078523358501873	0.25438615526971	0.271719232584984	0.112887750148566	0.205131150539269	0.0925769048919871	0.35464633341648	0.427969127250537	0.275299844262249	0.222633718431783	0.0898005839202706	0.325272533030786	0.666226913675621	0.437479974180597	0.419985479880684	0.413098367085039	0.172493454469398	0.476771446628017	-0.507985284031851	-0.591770399374119
0.550892624716651	0.707106718189284	0.36545589574654	-0.225845430085196	0.677157686719941	0.58718993061622	0.582540291429235	0.50660841866195	-0.243358275931992	0.708072823549868	0.228065253684941	-0.0400106783843003	0.759429461273751	-0.0463677496490432	0.188824787578615	1	-0.533234886057985	0.448135428315522	-0.430545983995042	-0.129334875949363	0.65368715721211	0.597150788220893	-0.0399768638213968	0.0400578332237582	0.245873131073802	-0.277074637231285	0.115545593158027	0.364522676457016	0.584525271586185	0.79468838585523	-0.076933613696001	-0.00441019345741653	0.149905945809091	0.347734484971405	-0.187938261616395	0.027272452338215	-0.184112524353522	0.53752492655658	0.780483081140627	0.750533956830004	0.724145088834325	0.617522521597296	0.694490267593897	0.514956123011489	0.787628184130312	0.7861868592104	0.775003489119733	0.633329186618383	0.741467355955149	0.606540510823	0.315224069753978	-0.151075973248102	0.3762918728997	0.370561824524527	0.177775770864808	-0.0510123553881799	0.507964787251461	0.000139697063989212	0.198029935382622	0.0687446466347461	0.232177675046944	0.371237571500363	-0.415724141251181	-0.194018918901236
-0.252816031772131	-0.0877804658700755	0.0443785495520611	-0.0454917193974273	-0.379625843233552	-0.463094825180462	0.0067668987544714	0.0173516929402895	0.540482936429222	-0.217270026014841	0.110145139890171	0.590842419538935	-0.141899050916544	0.408906403703292	-0.0122542638508932	-0.533234886057985	1	-0.0472888975578236	0.447114241372778	0.276894250075335	-0.112348916956449	-0.313744613864565	0.357086433675032	0.464515267473921	0.173941066005176	0.597631242536761	0.377399467237848	-0.0820150305869766	-0.0193693716189794	-0.217011986151065	0.312739217983056	0.166267549494251	-0.350820142647918	-0.141827198403911	0.480311232066094	0.530802312476518	0.511476568171902	-0.100471222664528	-0.222578224457629	-0.19216598860498	-0.178107952773816	0.0112865594231686	-0.0748224646597848	0.129531478488328	-0.260242557759126	-0.225909401121656	-0.264878782982683	-0.115616065685847	-0.433160831608475	-0.0690132284401369	-0.168330482177795	-0.305080049158489	0.404674443251834	0.41446006799884	0.479467849324008	-0.0953363212193822	-0.104154964990553	-0.16994988369013	-0.250552902979387	-0.163291611178617	-0.15932594146725	-0.00649001447860111	0.482982248359402	0.353977598549458
0.901452369847847	0.462184453312981	-0.10243392675863	0.0255944930660337	0.373940411448219	0.209092995619092	0.405469362733628	-0.0890961425971979	-0.666813437378121	0.0232271754069522	-0.338008367537566	-0.0398324567145808	0.81415997804799	-0.18431828320104	0.724518857896197	0.448135428315522	-0.0472888975578236	1	-0.701345562062698	-0.431157870479637	0.691500274094706	0.69079330442798	-0.0602229014205819	-0.3265599941199	-0.154177764838516	-0.381314900018866	-0.278934605085317	0.739117021608564	-0.00904669666833925	0.0153109369133083	-0.0728102702608916	0.177412028675315	-0.103357898747059	-0.0521786149295074	-0.207543234823082	-0.112161405724947	-0.253320772990999	0.916981320690019	0.430571684903705	0.31203369765889	0.352150374532641	0.186981014264143	0.306057680876482	0.0883022174358504	0.349968633865768	0.491386766907876	0.433516138752106	0.408388092154702	0.588155213292056	0.370947123590416	0.673895306705634	0.218007030522465	0.373641508591275	0.283507624078448	0.202376563040024	0.456407290580089	0.94076747690082	0.558447220066248	0.662091226639503	0.614415843619109	0.594480585710701	0.860823592665221	-0.699648422246948	-0.633673774431186
-0.601096674289098	-0.383985978550608	-0.186009363696505	-0.282293029832097	-0.626174195004025	-0.629548279071197	-0.559657711894669	0.0427128762845785	0.751259779192194	-0.111857233807338	0.17936723204305	0.31664108001083	-0.496667772710612	0.493504119992205	-0.839338972139626	-0.430545983995042	0.447114241372778	-0.701345562062698	1	0.111943994233032	-0.385964140349164	-0.605006668928911	0.524093762178086	0.418081521776319	0.0457775045092237	0.69534388668643	0.301638805596758	-0.327870944112686	0.279390618526728	0.0954941659564007	0.458027596917747	0.0203190299461271	0.289264452533409	-0.324836775098659	0.716676826279344	0.393377293379203	0.754884268443442	-0.541120324284792	-0.447868816936857	-0.30116597949712	-0.35355728694228	-0.145133280107107	-0.267682678617867	0.00855560114581947	-0.379860114866773	-0.482443817710077	-0.517417067782894	-0.325883649867022	-0.497046726729118	-0.288693419638218	-0.443777693972305	-0.522579580293643	-0.0858605838856774	-0.0518991845214957	0.214916851918278	-0.321479466068519	-0.61879709714144	-0.432954143751205	-0.478835487011922	-0.399784637462945	-0.229923649522482	-0.387182319126398	0.681492590077752	0.718210244789093
-0.454397791444722	0.354650804320908	0.53971932610423	0.137042547745229	0.324247488798	0.359930550596516	0.433089101383697	0.311505537768992	0.505874232362523	0.365187453047516	0.231256389663084	0.117595949487589	-0.228331785740752	0.435598989753248	-0.0558942381986769	-0.129334875949363	0.276894250075335	-0.431157870479637	0.111943994233032	1	-0.234326795101435	-0.121668342537655	-0.174833946538169	0.266110062206229	0.181112068038814	0.233577047984377	0.245371733368236	-0.618534968186895	-0.187616462887628	0.00417922630557778	-0.382162407597498	-0.335985760115151	-0.206091952725505	0.781697850961777	-0.282233968634306	0.533573401637876	-0.161119407992753	-0.395584229002535	0.288278524064389	0.287729863039737	0.278656546542082	0.384637809310021	0.331015028344438	0.258188527273636	0.226826646892183	0.27218339338805	0.309662287312821	0.373163992647892	-0.0321838648643187	0.420996149113922	-0.367974409592687	-0.335906078131994	0.455300902489308	0.554052903979252	0.323399467509255	-0.512786628123423	-0.376605230061115	-0.608363931747383	-0.593328454249713	-0.631055971815996	-0.595192398445097	-0.524746282887346	0.490337447848885	0.186837699612688
0.762653248825653	0.735808019490547	0.160727244742968	-0.0948444534833176	0.467541002308978	0.335145617455453	0.498683550764386	0.446019027354996	-0.243288947119568	0.605642016875933	-0.139233140505902	0.355247793705689	0.900753150656651	0.280129322477225	0.156338649096008	0.65368715721211	-0.112348916956449	0.691500274094706	-0.385964140349164	-0.234326795101435	1	0.702555605292943	0.36226394006265	-0.0440741741900204	0.144898561623611	-0.287643618858493	0.0214973247257118	0.543293168450608	0.219230333712499	0.30662838498628	-0.0168734743975342	-0.195269088248131	0.157320640721117	0.178505205547937	0.156385881024452	0.243805396413116	0.0973020863762655	0.675737889482617	0.751534361202517	0.741080853292171	0.754074583949679	0.731685947154364	0.736867980541687	0.671665292232922	0.768646398987246	0.760274343183556	0.6931180515447	0.729315448725963	0.797648971656198	0.702980778108545	0.556558249355742	-0.0694394851049362	0.401348642984386	0.369690238380522	0.159035289437768	0.191336532254611	0.642265113204568	0.210319040439372	0.396538280613815	0.28246759010929	0.499737611529374	0.599812013217909	-0.367407154077167	-0.237467022895567
0.80880233789595	0.695438467500056	-0.0399330892243	-0.0776087323780091	0.588542181212558	0.559407474018247	0.418646237337028	0.118985584222501	-0.635823361240089	0.308796035429518	-0.345602388567561	-0.303371699758608	0.675346939808006	0.0584309167363122	0.427780716912705	0.597150788220893	-0.313744613864565	0.69079330442798	-0.605006668928911	-0.121668342537655	0.702555605292943	1	0.0484847595854291	-0.530889999344917	-0.215769144420679	-0.66292045625066	-0.438424733648996	0.434986710418869	-0.11864149362208	0.152554495943295	-0.480648679626792	-0.390270871265465	0.0547055339924243	0.280792964299673	-0.327030299311126	-0.175463009790644	-0.296783936029125	0.678785519165428	0.679812264034212	0.589415511627167	0.596446816052675	0.440619545322545	0.566682727064203	0.266827568110703	0.644385215083386	0.729812285001906	0.672355362025101	0.661000712284941	0.877835958587584	0.606991771599405	0.778609226718838	0.350249587766704	0.460673606415991	0.390996230576808	0.294775314528528	0.509533790397695	0.728177405704416	0.410549375588777	0.537488693955993	0.424416875414477	0.491198533307611	0.564368482908618	-0.579422920379038	-0.506949863025061
0.0822850571698278	-0.0181192531689627	-0.210601393023402	-0.133968318362305	-0.35322630462825	-0.356826178599536	-0.337279264628972	0.224885156610676	0.435243729099971	0.0963466808971778	0.119470148360719	0.468389602020017	0.12380771172176	0.66522579447166	-0.477012177080025	-0.0399768638213968	0.357086433675032	-0.0602229014205819	0.524093762178086	-0.174833946538169	0.36226394006265	0.0484847595854291	1	0.33007951888155	0.186919818124595	0.334596389587334	0.291834158078638	0.375465060880093	0.341827186233765	0.0886904484855088	0.602514038846505	0.0777537095014548	0.0410435246195699	-0.414589910161979	0.882613908165526	0.417037063515362	0.906105484886677	0.107602248188968	-0.0771308315639636	-0.00188951687768242	-0.0376531864071539	0.221433709106905	0.0397875891187783	0.380469374744306	0.00242158851864729	-0.0800627642599856	-0.18547288344595	0.0163273893299541	0.0844127873078923	0.0131577463362356	0.107912959880655	-0.191790928452846	0.0670577877358294	0.0328237148699946	0.244775360143639	0.111729739026676	0.0290593192906467	0.0437698944524077	0.0648512205944538	0.100355425170395	0.333816638802952	0.247250260296758	0.533930215380149	0.636789001116545
-0.499272835700683	-0.0368639133722847	0.610985779360765	0.0341575195295237	-0.0591869122209029	-0.086604177945548	0.2234157019007	0.617312661194917	0.834304322833708	0.349956138474793	0.848014425483122	0.760862731025127	-0.0693940687543919	0.207373948830862	-0.237646449024109	0.0400578332237582	0.464515267473921	-0.3265599941199	0.418081521776319	0.266110062206229	-0.0440741741900204	-0.530889999344917	0.33007951888155	1	0.836028704807989	0.639389802503876	0.980055258290634	-0.161399139029032	0.641715134404453	0.438370414323301	0.616876835669592	0.425722050019079	-0.309415977700809	0.0361417594737041	0.535659661269233	0.523289368085397	0.525032609963568	-0.299719931634108	0.00189398848587511	0.0677642609259781	0.0460516361810103	0.314238777383825	0.144504279322265	0.538552840995606	0.0520236837741911	-0.0659753232035629	-0.0229098755437764	-0.114182396796786	-0.423667287578592	-0.0587950038582169	-0.634904177209575	-0.547369312073896	0.114312489924252	0.205280415086596	0.0765863654697945	-0.625150032756167	-0.370140632627053	-0.569544054353796	-0.588704080534243	-0.550192538167847	-0.466184370893237	-0.303265052184849	0.671950977789856	0.761170348952645
-0.36994384641368	0.094515444690395	0.820671120122795	0.303391559835282	0.31343228032526	0.359005289388316	0.422473895802533	0.829116920541796	0.525229224286574	0.487270501091273	0.912571928437852	0.625557688388615	0.0179793638789116	-0.0983759835088962	-0.0363470666939794	0.245873131073802	0.173941066005176	-0.154177764838516	0.0457775045092237	0.181112068038814	0.144898561623611	-0.215769144420679	0.186919818124595	0.836028704807989	1	0.112704736957417	0.928379014625141	-0.200901723892719	0.479112258379853	0.415459618545924	0.31995900498615	0.221706361076632	-0.303139619567759	0.210057724267954	0.282073219068345	0.157163859690523	0.214103041683155	-0.26199963698826	0.232009215974146	0.244193764457498	0.239198739931663	0.446347203179056	0.3276752358043	0.695177932273917	0.304294956687457	0.141645864977246	0.245446683342366	-0.0212453792415319	-0.236979042478672	0.0117970181238599	-0.552526171661566	-0.226213409941896	-0.0143471142576956	0.093802184446763	-0.212821440950093	-0.538604001676956	-0.293612343862178	-0.527750159523013	-0.553636311655773	-0.562812703443014	-0.545171636151759	-0.344767866892979	0.406163364770427	0.614628003175318
-0.391918907296817	-0.201735032835217	-0.0418505760653292	-0.357474728736823	-0.546069002290199	-0.658640285653044	-0.189653230953775	-0.0437889429312331	0.777838826100299	-0.0501194134192963	0.25728335376057	0.499957884116136	-0.157041555539751	0.514617245754195	-0.382426565294576	-0.277074637231285	0.597631242536761	-0.381314900018866	0.69534388668643	0.233577047984377	-0.287643618858493	-0.66292045625066	0.334596389587334	0.639389802503876	0.112704736957417	1	0.473872365366589	-0.0170044158590718	0.485695460834235	0.206825522285683	0.666290753461814	0.457895051366642	-0.13358745271465	-0.225651858602652	0.573163576493803	0.728110976050271	0.649318318406082	-0.181677041318757	-0.324188868878622	-0.222099878291723	-0.254445216194608	-0.0580237375882264	-0.199833669165152	-0.00038484055630045	-0.33493817766799	-0.320800223797327	-0.387475999729485	-0.178473166884743	-0.43859874998137	-0.124163603706759	-0.38145731106547	-0.675630586584081	0.224016081762316	0.238154839371656	0.433869291968511	-0.382304906743656	-0.264991042683807	-0.297240297020099	-0.296346389343124	-0.213459755534154	-0.0863734990710768	-0.0722630878287912	0.652091917646906	0.519537328461217
-0.47357823872679	0.00809024563939477	0.71042564008756	0.131894457405288	0.0721764677438991	0.0705961963316618	0.302835017746081	0.718530267292498	0.75598355052201	0.413219869151788	0.905179301849366	0.741597973313409	-0.0421844648729877	0.104700993662748	-0.176233393403995	0.115545593158027	0.377399467237848	-0.278934605085317	0.301638805596758	0.245371733368236	0.0214973247257118	-0.438424733648996	0.291834158078638	0.980055258290634	0.928379014625141	0.473872365366589	1	-0.183499563571957	0.608406404702655	0.447853348319343	0.533582386457605	0.367477442631668	-0.318455951189577	0.0997120660772438	0.46592589672157	0.410354975109043	0.434078747449196	-0.299814235450879	0.0843420847092383	0.133774500379958	0.117138885789234	0.373905505146466	0.215979654535118	0.616384519857955	0.144889867611635	0.00548174130405435	0.0723199760888865	-0.0862257513720658	-0.373772763387126	-0.0367663820878955	-0.630583471903937	-0.452309590862781	0.0711805269458019	0.172015303582092	-0.0256078595681791	-0.618211190303823	-0.358928648834366	-0.577335475370499	-0.599975416818178	-0.577151637641201	-0.513767211030968	-0.331902674900324	0.602804655334401	0.739397467158822
0.798319640686386	0.118987318812864	-0.436720936966757	-0.156490796251595	-0.0770702641604249	-0.196985405730238	-0.0736943862917258	-0.267110050929895	-0.410219911658211	-0.14376335369887	-0.236976422668283	-0.0300349532499149	0.657864103259601	0.064397706684803	0.390201158703509	0.364522676457016	-0.0820150305869766	0.739117021608564	-0.327870944112686	-0.618534968186895	0.543293168450608	0.434986710418869	0.375465060880093	-0.161399139029032	-0.200901723892719	-0.0170044158590718	-0.183499563571957	1	0.313769821664598	0.0956776423017517	0.467066472570021	0.505327509894241	-0.140167666900757	-0.49808077476019	0.236005668883258	0.0179331460723575	0.244390684339111	0.874198133620773	0.0548595716411118	-0.0107765544662281	-0.00886969535208777	-0.0449481996842328	-0.050348476066273	-0.0763167686978962	0.0216286965654154	0.133053753030709	0.00818831437697854	0.103145276990559	0.44254290974525	0.0610388567203902	0.616324829394046	0.149306111121682	0.140103505590627	0.00943096991353697	0.221454608302337	0.520094234580089	0.841010869207128	0.68831052725503	0.771091436353301	0.784184693629778	0.838046429884579	0.941927172683145	-0.30426262339704	-0.227680098970572
0.0310758254646445	0.156915421661485	0.243320903258573	-0.422441007767944	0.00115007579337892	-0.092736432486916	0.137362541723038	0.434061510834781	0.413815615909832	0.413065046910035	0.608198129989278	0.357911847137741	0.344647705017181	0.137241017423489	-0.213811870406958	0.584525271586185	-0.0193693716189794	-0.00904669666833925	0.279390618526728	-0.187616462887628	0.219230333712499	-0.11864149362208	0.341827186233765	0.641715134404453	0.479112258379853	0.485695460834235	0.608406404702655	0.313769821664598	1	0.874771135026923	0.647561568253184	0.496339015741459	-0.0272294713143647	-0.168351662922305	0.468177483305988	0.320247944012744	0.492620276418103	0.185540785721343	0.186274508237337	0.248915816450423	0.194070010553875	0.295813333649714	0.233628841008092	0.400715139348417	0.2384020615363	0.16998561628375	0.137468406047265	0.0684262934412824	0.0644119070620049	0.0794377491947007	-0.139521301957294	-0.494462425119468	0.220973853186065	0.224587069506612	0.290812764449432	-0.27621269888145	0.0970719272972495	-0.188941490016346	-0.0924574304155996	-0.100107020177013	0.080761765625892	0.178778023433253	0.213876281664434	0.466226079017239
0.102700970461622	0.470177921839611	0.409762182396588	-0.495606492701006	0.329399467228932	0.253406392187177	0.415729617194038	0.571532100055856	0.251760806471689	0.660699840693787	0.524814916782207	0.186187102960998	0.433422748732775	0.0877751127053167	-0.160694883745506	0.79468838585523	-0.217011986151065	0.0153109369133083	0.0954941659564007	0.00417922630557778	0.30662838498628	0.152554495943295	0.0886904484855088	0.438370414323301	0.415459618545924	0.206825522285683	0.447853348319343	0.0956776423017517	0.874771135026923	1	0.199291513534896	0.116700556088985	0.0847360728591817	0.207849310774866	0.13365340632603	0.228523046111856	0.171352551495323	0.160555847737713	0.523038596619952	0.578524592909532	0.524868227612551	0.525611806207125	0.548619532212053	0.523431542352184	0.567921781783237	0.501173536059596	0.493675382681911	0.369670476181476	0.324402050887554	0.373186566825392	-0.0131588935058816	-0.430806267415992	0.400828492222673	0.42469947214749	0.348673480492729	-0.271176363036877	0.10845447317865	-0.274262008142168	-0.131907301359291	-0.210140444242435	-0.0187174094564917	0.0558258456607847	-0.0160903748598273	0.233659157984484
-0.109736260556227	-0.414821460432916	-0.159826847834555	-0.101401312191516	-0.539033685825417	-0.60343239760157	-0.391585737636744	0.00364130834668688	0.474000388195508	-0.17485583070039	0.396323501164461	0.467585576007479	0.0102600636166002	0.188075897555458	-0.24144318299363	-0.076933613696001	0.312739217983056	-0.0728102702608916	0.458027596917747	-0.382162407597498	-0.0168734743975342	-0.480648679626792	0.602514038846505	0.616876835669592	0.31995900498615	0.666290753461814	0.533582386457605	0.467066472570021	0.647561568253184	0.199291513534896	1	0.772332166791584	-0.164710714162823	-0.670645955726615	0.784410017794652	0.313300324492463	0.772546695608775	0.0945789661784478	-0.437741420542846	-0.384796813974758	-0.412730297758149	-0.195595336972305	-0.367862793825597	0.025011826456464	-0.391636047774214	-0.44018895426355	-0.498528663803054	-0.429082461523687	-0.37073964945197	-0.412116124843615	-0.254093343207905	-0.33048082393066	-0.188600529373238	-0.217175302687633	0.0374260099074287	-0.127019789757184	-0.00540600187204723	0.0399588557183261	0.0134596933390251	0.11777752755838	0.201730127916277	0.252461976824141	0.486902140914687	0.607530520424347
-0.00798908555902409	-0.404008484788154	-0.0708053156425395	0.142045154186179	-0.255047358494209	-0.350110656698145	-0.196898288605193	-0.200144903338183	0.117693005360627	-0.377827681752063	0.380182706068761	0.0878485047053572	0.0375018372505295	-0.238936552677436	0.297911344463305	-0.00441019345741653	0.166267549494251	0.177412028675315	0.0203190299461271	-0.335985760115151	-0.195269088248131	-0.390270871265465	0.0777537095014548	0.425722050019079	0.221706361076632	0.457895051366642	0.367477442631668	0.505327509894241	0.496339015741459	0.116700556088985	0.772332166791584	1	-0.32703355499497	-0.51489248724389	0.248152332639961	0.0489447781913073	0.252439954272143	0.289479065670874	-0.427614071241783	-0.49251270391416	-0.502314945343424	-0.425632062897038	-0.485313900148037	-0.287054870438389	-0.479301028166978	-0.399293940261567	-0.4101044816653	-0.465771639299742	-0.381116759774798	-0.453716844756365	-0.268632945344207	-0.190773575848764	-0.128141273608036	-0.163587797020977	0.0295118008649989	-0.141460378588912	0.233858468547077	0.109797279990517	0.0670235761729861	0.177900504953315	0.0878431232631693	0.363625751605544	0.165536156867136	0.231798870570518
0.0608437419711329	0.111639562857421	-0.172454300678944	0.0279263202274645	0.109911232888271	-0.0136499312027206	-0.27042478583303	0.0780831848632209	-0.103688699545241	0.164381858198716	-0.333374036515427	-0.183789749712952	0.0770978714313075	0.0981006159685993	-0.552313743521387	0.149905945809091	-0.350820142647918	-0.103357898747059	0.289264452533409	-0.206091952725505	0.157320640721117	0.0547055339924243	0.0410435246195699	-0.309415977700809	-0.303139619567759	-0.13358745271465	-0.318455951189577	-0.140167666900757	-0.0272294713143647	0.0847360728591817	-0.164710714162823	-0.32703355499497	1	0.0430400381924339	0.0696009972445955	-0.0397637834257599	-0.000867851949347925	-0.0302006727895808	0.13439268783748	0.181709894113276	0.152628049767694	0.0593170235472984	0.136834362167738	0.0215307777964362	0.148747341647924	0.117813461602213	0.120296802143665	0.230641315216337	0.246620003462155	0.223098764515175	-0.0769504123480417	-0.417815487991911	-0.159610229471765	-0.13287358245829	-0.11849171078589	-0.274074487241077	-0.107737454484059	-0.315897104511703	-0.18512540875418	-0.235328593415726	-0.0132872131168397	-0.0286771240428077	-0.268185782053863	-0.111956193108449
