"PROT"	"TFAT"	"CARB"	"MOIS"	"ALC"	"CAFF"	"THEO"	"SUGR"	"FIBE"	"CALC"	"IRON"	"MAGN"	"PHOS"	"POTA"	"SODI"	"ZINC"	"COPP"	"SELE"	"VC"	"VB1"	"VB2"	"NIAC"	"VB6"	"FOLA"	"FA"	"FF"	"FDFE"	"VB12"	"VARA"	"RET"	"BCAR"	"ACAR"	"CRYP"	"LYCO"	"LZ"	"ATOC"	"VK"	"CHOLE"	"SFAT"	"S040"	"S060"	"S080"	"S100"	"S120"	"S140"	"S160"	"S180"	"MFAT"	"M161"	"M181"	"M201"	"M221"	"PFAT"	"P182"	"P183"	"P184"	"P204"	"P205"	"P225"	"P226"	"VITD"	"CHOLN"	"VITE_ADD"	"B12_ADD"
1	0.5748842270257	-0.184120111601633	-0.0128009332632283	0.178860684966235	0.0935375332017797	0.2228049766613	-0.0810032078589609	-0.324846728567087	0.189139399322974	-0.136735497554347	0.306125187883215	0.865149383262649	0.426515133491325	0.445618097326642	0.445316001742056	0.218982030215162	0.900193919384391	-0.275352731175121	-0.17569346470507	0.719717099154698	0.785067479066076	0.383529988727287	-0.18893826956562	-0.296818497799607	0.0175024195783678	-0.237116306635412	0.751030402780757	0.0452411954832181	0.0849404590838789	-0.0667765965023272	-0.177493499847678	0.154434921247918	0.064792629631176	0.0223767191388365	0.165382756292732	-0.00600328963917624	0.857734179850845	0.486232397034318	0.412934798002965	0.397460156026858	0.255233688911058	0.340504998479846	0.0593993093632321	0.425432810072357	0.561694780778823	0.438859320354168	0.597165446135303	0.774127066662791	0.553023225646782	0.754143410544568	0.083962432309951	0.382052674518848	0.300244535980492	0.347997189896001	0.527956545018343	0.765247207792766	0.572365598060231	0.666829198940655	0.631811606820793	0.736348582214428	0.878528795021766	-0.457992826664733	-0.591494379547958
0.5748842270257	1	0.431230502513108	-0.119190680371397	0.564355348973495	0.449459836595545	0.690115492633495	0.500130393760999	-0.0227748136216044	0.608428035513178	0.0150000759381805	0.288411668737306	0.711581095020735	0.40649594235827	0.328696427952008	0.423374109563962	0.199808147172639	0.544286429790993	-0.144011726199333	0.281593369807572	0.619002021844429	0.631117906584695	0.178152818704767	0.061755173751032	0.0716235582621535	0.0185521898677826	0.0667896435437331	0.290541637809389	0.0782200360181289	0.217172810489315	-0.29808962671591	-0.30117194275827	0.0718849883218799	0.582719434814456	-0.204955907306975	0.485051441906328	-0.128559866196448	0.576231198638555	0.939274209692688	0.852613728591251	0.845945969481901	0.733027228258376	0.818230230284063	0.549477665403238	0.827719455293834	0.967029416238994	0.908475550141889	0.965760523135223	0.787479005761897	0.961293093773677	0.457534745214135	-0.170454674756794	0.768184293180001	0.776452524721616	0.581616907638367	0.0505046730299346	0.535051090881386	0.0447848789587949	0.211305409426529	0.108240386497128	0.285552334031448	0.421626952540809	-0.23102565501286	-0.318509330381571
-0.184120111601633	0.431230502513108	1	0.24175040987685	0.6342462219958	0.579280539258805	0.695441558483252	0.848973307057469	0.393427157981189	0.595805144101156	0.537357121104783	0.383879781872641	0.1552689581778	0.0443153020923642	0.225192327650747	0.306417786990541	0.150839362606393	-0.0368244995230009	-0.153903745808741	0.506764596087329	0.211330535242449	0.00410322851288106	-0.170481633855402	0.492069882444848	0.60491532055132	0.125150365866977	0.555179156157287	-0.363714017400106	0.173042937421005	0.25201604043641	-0.12614877202649	-0.118439409530067	0.0128252057026767	0.622250598651391	-0.0914859631808737	0.169837989044021	-0.145963450472017	-0.115363032974465	0.540046468256426	0.495182886249548	0.47958426343563	0.485182237981528	0.513174640780085	0.451315169759232	0.483374469350779	0.480432025307591	0.608754726045957	0.361853067088553	0.0185171638508372	0.400664648216567	-0.335997923263955	-0.252325283057467	0.215938741213644	0.315415660644979	0.00143911244338888	-0.510076352584262	-0.127066656370849	-0.538319907865995	-0.473994231912447	-0.544776052643575	-0.519734436548418	-0.293203330554698	-0.0095280756841392	0.085806503506877
-0.0128009332632283	-0.119190680371397	0.24175040987685	1	0.273447006731558	0.297507233033651	-0.102632944775394	0.19805260545481	-0.0870757830958557	0.0603645542692499	0.101167143308213	0.248831012634414	-0.0360029333195896	0.138639007766771	0.143977129327323	0.0587295322651977	0.0488448952388519	0.00474288068232497	-0.250473513173245	0.0186694024626561	0.27616987728007	-0.0910027278614706	-0.0784055874220481	0.0197262069015141	0.0315857129898759	-0.000768403704125675	0.0239061651647775	-0.091401842930709	-0.049549187474767	-0.1569682502784	0.246767301515927	0.134977367083852	-0.0106432959180501	0.244765038623336	0.242181312243522	-0.132975205168892	0.117933251223883	-0.0318114351765909	-0.0764649586515339	-0.223545353644407	-0.204879945937456	-0.177134264833326	-0.151223402327331	-0.106571346675289	-0.153658804087801	-0.0721578956080876	-0.00489649964664951	-0.0864001311938408	-0.16336457152875	-0.0825077665021415	-0.25810341478957	0.0623603625536891	-0.191928552985847	-0.154305692860917	-0.270154477345354	-0.278054762341029	-0.000939048711711954	-0.213551076831459	-0.211095112871299	-0.213632967877472	-0.286343892354298	-0.0277557157932391	-0.115272196252825	-0.101141108666811
0.178860684966235	0.564355348973495	0.6342462219958	0.273447006731558	1	0.822886180348353	0.576563016403525	0.580848273527188	-0.204766997760899	0.492853514891139	0.0880834851147728	-0.0632899250649134	0.393120150197117	-0.0410133626831226	0.287817200063756	0.349307256173797	-0.303617997873224	0.258780738398022	-0.520970070506434	0.240947390622678	0.370436044001962	0.363720735883647	-0.251128250975628	-0.0918793372301168	0.248077551216108	-0.411128480713576	0.0172208684268338	-0.165601990621295	-0.0508370873951595	0.137410742177064	-0.485968365675071	-0.28289465293228	0.0799688249932195	0.690515851064892	-0.408414663690118	-0.0492921863679345	-0.487008128185968	0.14142861558911	0.710819029199871	0.606188912563794	0.615355644434048	0.501706209925044	0.612123830981721	0.425868530206149	0.645675625031482	0.683586861074115	0.772860054710855	0.539538230716445	0.44308885091061	0.53584421881047	-0.0200151240677623	-0.0730817230177006	0.136946823041597	0.200914270338306	-0.109133706095855	-0.252432598732736	0.138017349698	-0.2912484992263	-0.197836430044295	-0.289118533585729	-0.261804818273194	-0.0572074324365044	-0.224310275419307	-0.239188684854508
0.0935375332017797	0.449459836595545	0.579280539258805	0.297507233033651	0.822886180348353	1	0.460231087841111	0.521723938041788	-0.239650271388608	0.459163357301566	0.0614672149663404	-0.0976900144456319	0.189841399349534	-0.207885159573448	0.282996673141625	0.301246798271364	-0.353682147856364	0.148862350317883	-0.507185093252247	0.131977544756846	0.24864705686527	0.316514165482686	-0.318892295021051	-0.113890207550264	0.278690101562691	-0.477816485457246	0.0119457107679567	-0.160495235501292	-0.14045627508918	0.0251361961383795	-0.467631375946499	-0.243183951738474	-0.0122337082092704	0.569889511987733	-0.441816008091114	-0.191064945335537	-0.481853125909572	0.0323257428296872	0.604092568723196	0.516703858004212	0.555747636238325	0.444471863869741	0.573173963578667	0.402094796091268	0.619577197499657	0.561243661432529	0.627778394408371	0.356180314383379	0.424911750704057	0.33666918303805	-0.0555216521330103	0.116907215022188	0.133396214792071	0.176692442153661	-0.00944676508388396	-0.131371233050139	0.052890665091096	-0.178517119250463	-0.123364997153579	-0.211464802584891	-0.277205078366129	-0.201007826826492	-0.161574202336611	-0.205687626627582
0.2228049766613	0.690115492633495	0.695441558483252	-0.102632944775394	0.576563016403525	0.460231087841111	1	0.609259654794221	0.0535162822311575	0.651066699305972	0.231213183634993	0.238770840381699	0.477212973850207	-0.0273167521164362	0.486629062504388	0.350321910439527	0.1305522377087	0.361335669985985	-0.409666414587742	0.353580833282536	0.446302412181855	0.191000359530351	-0.22214522462726	0.277004131309565	0.38642563613852	0.0191471792418529	0.327640835051963	-0.0151048918098515	0.117246579463994	0.239799796683838	-0.263253228077758	-0.133122207876006	-0.0328884935889644	0.60263720538572	-0.244561067860997	0.302210276394638	-0.275537351516557	0.350524873528632	0.756942563829154	0.717581380935477	0.700763325410195	0.612919552316416	0.69741529667739	0.489092478044649	0.665370873542638	0.726751536089478	0.817750505908668	0.618610788896957	0.332168414725636	0.639769743241343	0.0170309727996424	-0.0739798612229622	0.435843275835137	0.485476328853885	0.166787819565025	-0.154303044541602	0.374198260834835	-0.155049261738446	-0.0553789853097263	-0.138222304938962	-0.12375936706854	0.13430946375636	-0.123561735081212	-0.215847655527663
-0.0810032078589609	0.500130393760999	0.848973307057469	0.19805260545481	0.580848273527188	0.521723938041788	0.609259654794221	1	0.361289394038468	0.70317674288522	0.337656637281426	0.400970518731323	0.258831439882549	0.125652495851465	-0.0580212040041407	0.299249188476216	0.0597909113410255	-0.0407228104627844	-0.057102574666413	0.284093998388718	0.438116041302501	0.0268840366382012	-0.0201715222024536	0.36214453240771	0.512550205824604	0.0185886040827417	0.431715168622596	-0.272449159390459	0.141229485286109	0.173644247855481	-0.00523979466573731	-0.186145587084802	0.210207203129366	0.542178276718983	0.145613895663619	0.263394365823089	0.0945900636503416	-0.0135083954782193	0.602624083311957	0.568650372059883	0.551202590654807	0.579076688719158	0.599820854481411	0.615294028146065	0.558341097350404	0.541072334163406	0.641737447939662	0.453328902757877	0.148237041907103	0.483715576360875	-0.277819063477135	-0.248139378571913	0.243173016030501	0.332726887907885	0.0383061790316578	-0.467612890611684	-0.0235135773126678	-0.513830148004904	-0.42012981232903	-0.496455760800581	-0.400526251275314	-0.164959100842522	0.085912177111515	0.159563037516602
-0.324846728567087	-0.0227748136216044	0.393427157981189	-0.0870757830958557	-0.204766997760899	-0.239650271388608	0.0535162822311575	0.361289394038468	1	0.176765601359707	0.59417776289116	0.610348848510204	-0.0545726880104308	0.450023270710401	-0.41690971948798	0.0871976590968351	0.481124129574077	-0.347667834101583	0.658163399001576	0.355116408724392	-0.0831037066586496	-0.195888704546529	0.348680443749179	0.606229129771021	0.25792942659599	0.678453807069441	0.520766679263532	-0.26638924379077	0.34731199557694	0.293909037874071	0.290062969075817	-0.0616326761640174	0.136378345281931	0.107156543279653	0.461266983218937	0.360551645110025	0.470750287790682	-0.296552809806881	-0.0701934016030658	0.0370376216443403	-0.034491857083442	0.072620403185978	-0.00599693738793403	0.00968885742221411	-0.0491241284985974	-0.0859950158055771	-0.0898317929846176	0.0134447874792207	-0.223198427899976	0.055163072708659	-0.235822172209	-0.310992283143988	0.0504972324950443	0.0898225253870339	0.130274662475655	-0.241546699366965	-0.387290738472915	-0.345988844852248	-0.358703073674513	-0.335004740483429	-0.256579833619696	-0.22010159345334	0.281686107303091	0.375086657729226
0.189139399322974	0.608428035513178	0.595805144101156	0.0603645542692499	0.492853514891139	0.459163357301566	0.651066699305972	0.70317674288522	0.176765601359707	1	0.310001773399765	0.306488007644637	0.489199720485079	0.155836668487785	-0.0229785274039248	0.645541948245641	-0.0158609383300601	0.121358714768119	-0.215815506409856	0.240449817144423	0.573903590071744	0.134152455751267	0.0599747142597667	0.468068245752617	0.500899141760789	0.19830102867256	0.503132009286267	0.0388511118691338	0.435446657385823	0.50411476271051	0.0073236301706864	-0.109191814359624	0.0534684207688724	0.607301547563695	0.0181380039260707	0.41517039757765	-0.0141977476565288	0.195290745301892	0.745900811060986	0.779347417190455	0.735630875651028	0.753605989246714	0.762861501614924	0.676979328126271	0.755859307732063	0.688846387370904	0.740199298300211	0.585779903842077	0.443121981251799	0.599134408700123	-0.117381362326686	-0.254791101592566	0.205556207645967	0.262710224338121	0.00342231422561094	-0.354984328402222	0.16364998193414	-0.299549881782826	-0.141817673699174	-0.24917625134342	-0.0898566704482374	0.00589703806368081	0.0893805241583816	0.102485040170374
-0.136735497554347	0.0150000759381805	0.537357121104783	0.101167143308213	0.0880834851147728	0.0614672149663404	0.231213183634993	0.337656637281426	0.59417776289116	0.310001773399765	1	0.389887769592644	0.0654462538659029	0.175772331843903	0.0710864879100664	0.576692474991498	0.31799623958704	-0.0776003600767345	0.219312609505821	0.347981252401539	0.00256772336262091	0.0140201720100141	0.305986497064456	0.778054474204757	0.600337139702956	0.58117735802119	0.758506025054915	-0.050405399753215	0.741902875473095	0.7483915159801	0.259374873277679	0.173199742309436	-0.165186689460777	0.17990988888949	0.203301447515559	-0.0127483261623435	0.153192804511958	-0.078749193365337	0.0990230421252554	0.15667673057387	0.0268348890659507	0.0690068052658741	0.0670036956247364	0.00674766347601929	0.13290578611206	0.0669921169804073	0.131322947256479	-0.0259871040381001	-0.103783595573389	-0.00883344779177309	-0.222692336750142	-0.132440655854518	-0.069861905468905	-0.0367090346641628	-0.067166097728281	-0.224121367813202	-0.131130291480985	-0.246562899455849	-0.240847799428039	-0.2438902535279	-0.247510310077527	-0.112198188336077	-0.0783468853218546	0.35293716080735
0.306125187883215	0.288411668737306	0.383879781872641	0.248831012634414	-0.0632899250649134	-0.0976900144456319	0.238770840381699	0.400970518731323	0.610348848510204	0.306488007644637	0.389887769592644	1	0.482825294010166	0.672912056824544	0.0154128420714956	0.278344942397863	0.697678916420942	0.280650079837592	0.240135656214318	0.231403494792929	0.512455006977896	0.204595122599553	0.441661693463126	0.43645682729934	0.102399526659633	0.575628436214226	0.34575177245236	0.149153202387025	0.214151793781965	0.127109576307653	0.335726053943471	-0.140859514007045	0.0626084281290909	0.184970441025069	0.569493334370944	0.313297823033884	0.499559017266972	0.190847227033246	0.225836742519222	0.235358853635324	0.205969087552732	0.231249882811622	0.208569093394067	0.124752537130592	0.198461935476236	0.236444083367986	0.205405972818864	0.301110240798198	0.0966650715364325	0.319195803199025	0.164734097352406	-0.180348461049537	0.252762236093129	0.256766095130884	0.233447552853981	0.0333356449247414	0.0900896816662306	0.00403427317783741	0.0304117538420779	0.0255478519214002	0.10903350015197	0.27932203242183	-0.154884553992178	-0.107128736679978
0.865149383262649	0.711581095020735	0.1552689581778	-0.0360029333195896	0.393120150197117	0.189841399349534	0.477212973850207	0.258831439882549	-0.0545726880104308	0.489199720485079	0.0654462538659029	0.482825294010166	1	0.475873232586393	0.308529207456063	0.595012879934118	0.211154230398496	0.792354376861342	-0.276281480688385	-0.00900004754144986	0.794457411695185	0.662984591527725	0.359550997754359	0.0647556348260421	-0.030413972892349	0.130547950092675	0.0345073755090161	0.5730558017764	0.262467534837379	0.30589514271463	0.00909429285326316	-0.149748315714906	0.103548770096991	0.275199783774161	0.123968996072536	0.280096106896973	0.0677203500425515	0.756061754353743	0.686001090540783	0.657178798184114	0.613836803526916	0.495124964674201	0.577843713077689	0.306137504325809	0.630040912892573	0.724599769457868	0.649927235281117	0.719902893951383	0.732292641867343	0.699210886635469	0.546131231740273	-0.125940965783566	0.421520985704433	0.387575027921517	0.30459595700296	0.244547972989895	0.637448045113045	0.283159855502041	0.41849296836021	0.360070353138994	0.51067859884072	0.729657357775572	-0.411468914408759	-0.428195385928018
0.426515133491325	0.40649594235827	0.0443153020923642	0.138639007766771	-0.0410133626831226	-0.207885159573448	-0.0273167521164362	0.125652495851465	0.450023270710401	0.155836668487785	0.175772331843903	0.672912056824544	0.475873232586393	1	-0.121401262485673	0.26359465274839	0.588520419635812	0.238795945104015	0.386361272773479	0.345472943173629	0.39196771702529	0.488284153573664	0.706713024162282	0.174244415694174	-0.216435563646012	0.506395827813165	0.050204301353835	0.302729658806657	0.145995972925114	0.140782080224927	0.107916907316795	-0.274191158314365	0.185947742261828	0.274973814710448	0.334921322279491	0.435873747502396	0.366488718834259	0.251806902096632	0.25119931347044	0.238606966536313	0.183660682142266	0.23911907090535	0.161791663165886	0.0509129192270378	0.186436406756634	0.315487274648663	0.194917782452379	0.514313034841588	0.36176226588871	0.515395140156781	0.470798338204231	-0.156434221917897	0.34024174803957	0.316824615042296	0.33981035549287	0.205311308203444	0.16594638798039	0.156821816445448	0.210380511864632	0.205648925133191	0.378059269595608	0.392313551309359	-0.14648057060377	-0.0768047645110479
0.445618097326642	0.328696427952008	0.225192327650747	0.143977129327323	0.287817200063756	0.282996673141625	0.486629062504388	-0.0580212040041407	-0.41690971948798	-0.0229785274039248	0.0710864879100664	0.0154128420714956	0.308529207456063	-0.121401262485673	1	0.162916628720853	0.232398017571026	0.660196607989614	-0.567096789094931	0.136516580109206	0.229514000941389	0.35737256362851	-0.191567990317914	0.00237821471446469	0.0607650636342399	-0.0635841850493086	0.0201599825508178	0.338940907064394	-0.0824843348422809	-0.0412752395186653	-0.166927566381978	0.154153059544183	-0.234710366798306	0.148565900984332	-0.368501160725293	-0.0434208763427099	-0.366797398494319	0.557804178500439	0.287116911518307	0.127910629656196	0.155925316185953	0.0555222111635899	0.132418923149453	-0.0478937850464434	0.158015430163338	0.331353169928557	0.346914902951432	0.238017389107154	0.217223454789544	0.228070955036458	0.265377670019376	0.188562193312398	0.344984874599478	0.322153494051948	0.208143667453263	0.189331545588669	0.604990063652426	0.288322031803601	0.293268043795145	0.277209980281022	0.16659311047023	0.445691164946235	-0.35843948434871	-0.460846516603513
0.445316001742056	0.423374109563962	0.306417786990541	0.0587295322651977	0.349307256173797	0.301246798271364	0.350321910439527	0.299249188476216	0.0871976590968351	0.645541948245641	0.576692474991498	0.278344942397863	0.595012879934118	0.26359465274839	0.162916628720853	1	0.0766343805904875	0.318583072498788	-0.170091662889549	0.0949440038182146	0.465079397232355	0.376294646235642	0.289370142616417	0.418856991871824	0.299080160342414	0.33707520768097	0.399047725757726	0.260842576218754	0.691165415283464	0.744237766132062	0.12445551292326	0.0844364524580192	-0.0320478830858605	0.427750085536895	0.0766787344548783	0.0103002872919838	0.0256256518804387	0.405119881049249	0.539199387875597	0.558913876786601	0.442276128721391	0.379534910168619	0.440254430572343	0.214912522142672	0.550440294312943	0.530303864334869	0.538766796828238	0.404456839563871	0.488646473211869	0.39228148492588	0.0771810283715936	-0.175824583056164	0.0660312468527259	0.0723412952877802	0.0153110186459834	-0.0853558944045791	0.338404955625728	-0.0838367104364478	0.00118200635830141	-0.0465093194895709	0.049083382032253	0.307418950889356	-0.326076984864332	-0.0613556687968815
0.218982030215162	0.199808147172639	0.150839362606393	0.0488448952388519	-0.303617997873224	-0.353682147856364	0.1305522377087	0.0597909113410255	0.481124129574077	-0.0158609383300601	0.31799623958704	0.697678916420942	0.211154230398496	0.588520419635812	0.232398017571026	0.0766343805904875	1	0.287294904737486	0.407578881057016	0.398898277298256	0.180135206755896	0.233404988352474	0.521659484435332	0.470470519978148	0.089683186294279	0.643853935376857	0.365550770738698	0.231046721403534	0.125900097068291	0.048833166134297	0.249921459736564	0.0225116379173603	-0.0306690489089414	0.0141808901296116	0.367127576434275	0.38877309083541	0.403804864340783	0.20434868463096	0.0309088480172748	0.0114367555775808	-0.0168837785570087	0.100361131814928	0.0237158329575206	0.0257816857001231	-0.0393031787034586	0.0616031107447535	0.00831413139100791	0.206714241512101	-0.052167084232613	0.229944766277594	0.239152153877534	-0.158052484891235	0.390067067886669	0.377014609697723	0.430756886505272	0.157891332119013	0.133651062596657	0.0594646841850081	0.0358524682053569	0.0716164800563205	0.136913859517238	0.308575110985699	0.0137282686344644	0.0543874537973613
0.900193919384391	0.544286429790993	-0.0368244995230009	0.00474288068232497	0.258780738398022	0.148862350317883	0.361335669985985	-0.0407228104627844	-0.347667834101583	0.121358714768119	-0.0776003600767345	0.280650079837592	0.792354376861342	0.238795945104015	0.660196607989614	0.318583072498788	0.287294904737486	1	-0.375184140114405	-0.116644066847147	0.66396019982385	0.715942728230776	0.247595640934302	-0.0969241039243032	-0.120777443449052	-0.026533874477243	-0.111862965460326	0.723630529899927	0.00355853739640069	0.0538097169209729	-0.125617081543594	-0.0752505573295879	0.0486529502297515	0.0374654711967928	-0.113448488832111	0.145468082159573	-0.153637646627728	0.842128277350206	0.477669245664304	0.380460603533301	0.393444043205007	0.259272220697296	0.349645609200268	0.108035164904467	0.407023744533581	0.538768579957235	0.453196853171354	0.523364334689019	0.653178482748163	0.486040507030027	0.67456132975355	0.170180657077664	0.396647658360019	0.325165233315784	0.303957230301864	0.497557347086439	0.788886362970179	0.566130634061675	0.640169321944815	0.609549294789937	0.637300196396067	0.824481823301897	-0.446737795398131	-0.560560436332964
-0.275352731175121	-0.144011726199333	-0.153903745808741	-0.250473513173245	-0.520970070506434	-0.507185093252247	-0.409666414587742	-0.057102574666413	0.658163399001576	-0.215815506409856	0.219312609505821	0.240135656214318	-0.276281480688385	0.386361272773479	-0.567096789094931	-0.170091662889549	0.407578881057016	-0.375184140114405	1	-0.00558676746829327	-0.301131668813755	-0.0695794024913257	0.501994041186542	0.297115171282953	-0.0377084283520227	0.51046507495311	0.200232074545522	-0.0461822051031459	0.180695684211662	0.11931996657007	0.239181251538717	-0.0168514479516211	0.283673956036132	-0.234686599959438	0.338824565087127	0.335535719428978	0.422946503544964	-0.255355877501248	-0.276175262365399	-0.174163890491985	-0.207037281060329	-0.0855421792554425	-0.183396110637555	-0.0711600721384171	-0.218820923214625	-0.263316051684434	-0.370745878520168	-0.0783932039387761	-0.154836708354111	-0.0642592552568317	0.0462449126092436	-0.202361287982641	0.0648666017527937	0.0486465978440663	0.295643237645275	0.0511619360786135	-0.3579675918035	-0.075695423025657	-0.106989471842558	-0.0624722373942788	0.047825381354271	-0.127812290596378	0.347093693884718	0.403701744338155
-0.17569346470507	0.281593369807572	0.506764596087329	0.0186694024626561	0.240947390622678	0.131977544756846	0.353580833282536	0.284093998388718	0.355116408724392	0.240449817144423	0.347981252401539	0.231403494792929	-0.00900004754144986	0.345472943173629	0.136516580109206	0.0949440038182146	0.398898277298256	-0.116644066847147	-0.00558676746829327	1	-0.0200152977564514	0.0404067126904985	0.0335215867090279	0.321507985982173	0.198880077491855	0.29404709694335	0.296717868749118	-0.266034494425809	0.0887126156995246	0.178079128551641	-0.174332741010959	-0.211225587670908	-0.212024108360118	0.364461149917087	-0.089992669786714	0.0964464534410362	-0.0454242468790206	-0.167238475636636	0.275324555683776	0.285076427619753	0.237328002630904	0.303701713299876	0.255838977080516	0.139273546546496	0.212680667679276	0.257399257668343	0.318385687565103	0.267287666938852	-0.0395306850248205	0.299901433960219	-0.142633265078197	-0.137283458264839	0.245151598362429	0.304263016201106	0.105979960815914	-0.261131371277971	-0.140522639361591	-0.307598219706509	-0.272405757608451	-0.308505359088955	-0.286556395366365	-0.238468542161241	-0.115819495147069	0.155362277517604
0.719717099154698	0.619002021844429	0.211330535242449	0.27616987728007	0.370436044001962	0.24864705686527	0.446302412181855	0.438116041302501	-0.0831037066586496	0.573903590071744	0.00256772336262091	0.512455006977896	0.794457411695185	0.39196771702529	0.229514000941389	0.465079397232355	0.180135206755896	0.66396019982385	-0.301131668813755	-0.0200152977564514	1	0.44115767210512	0.252268596042638	0.044556782127474	-0.020228773171602	0.0889417690810424	0.0238321552968134	0.424620181752953	0.153523209516276	0.137155297117874	0.129334928266427	-0.188234173296003	0.154171513281759	0.262144740256849	0.318426589110455	0.248966097950821	0.230505006355723	0.689527700269245	0.647256371960535	0.588459624248411	0.581588480787651	0.500765153277695	0.563062958858453	0.363776707226091	0.583520687900927	0.66948285645954	0.632297349251185	0.638274122483646	0.636101486213333	0.622039239937273	0.312799600782491	-0.011149582563958	0.274294276553827	0.263071402988804	0.112326689147929	0.0908399076266233	0.639368543244408	0.142606592300527	0.269148616792314	0.200175336238076	0.325373882659166	0.6323851723279	-0.322968503606177	-0.371655520474501
0.785067479066076	0.631117906584695	0.00410322851288106	-0.0910027278614706	0.363720735883647	0.316514165482686	0.191000359530351	0.0268840366382012	-0.195888704546529	0.134152455751267	0.0140201720100141	0.204595122599553	0.662984591527725	0.488284153573664	0.35737256362851	0.376294646235642	0.233404988352474	0.715942728230776	-0.0695794024913257	0.0404067126904985	0.44115767210512	1	0.510481031735117	-0.14011095116158	-0.1052364683165	-0.109582171720974	-0.13730959557108	0.562711160183013	-0.032898163919751	0.139907699021013	-0.422891463940132	-0.405753259509068	0.167449403723694	0.23176210654932	-0.270179159193938	0.124629465792898	-0.261569956804013	0.524960508691134	0.557076656418127	0.494916569436754	0.482715811050719	0.388218710447846	0.440104770795248	0.207699647193555	0.550525027922701	0.611525702091228	0.487586935391158	0.649952875770235	0.806128082243071	0.599930041881122	0.848231874511275	0.18958064828199	0.400006231669046	0.331562815264652	0.379918165480813	0.621425536572558	0.437798556029182	0.530409485308402	0.581987924343768	0.537463221108588	0.614599541686177	0.525939562567292	-0.34898852461036	-0.382904291115655
0.383529988727287	0.178152818704767	-0.170481633855402	-0.0784055874220481	-0.251128250975628	-0.318892295021051	-0.22214522462726	-0.0201715222024536	0.348680443749179	0.0599747142597667	0.305986497064456	0.441661693463126	0.359550997754359	0.706713024162282	-0.191567990317914	0.289370142616417	0.521659484435332	0.247595640934302	0.501994041186542	0.0335215867090279	0.252268596042638	0.510481031735117	1	0.394507649753485	0.161274300065571	0.447780597908348	0.335618217079476	0.566236570897436	0.371818626697972	0.324945551920976	0.273226600943702	0.0178646988847337	0.038376118370019	-0.130936409080753	0.350673158476515	0.33812286210744	0.403238867549871	0.218107336876962	0.0745686903951458	0.13442110480735	0.0672621039016429	0.246757503533392	0.0920072528961308	0.215634593712837	0.143153084903798	0.101654847501126	-0.0404425959166312	0.25636536981781	0.314663219033006	0.238690214683658	0.49768004321707	-0.0699823398447659	0.13460230687378	0.0814224858033868	0.246494744463157	0.376380846512672	0.0796034657084598	0.292250477485567	0.307219727861126	0.328842715433394	0.507143497798416	0.378574346587053	0.0713584784315057	0.349319011477976
-0.18893826956562	0.061755173751032	0.492069882444848	0.0197262069015141	-0.0918793372301168	-0.113890207550264	0.277004131309565	0.36214453240771	0.606229129771021	0.468068245752617	0.778054474204757	0.43645682729934	0.0647556348260421	0.174244415694174	0.00237821471446469	0.418856991871824	0.470470519978148	-0.0969241039243032	0.297115171282953	0.321507985982173	0.044556782127474	-0.14011095116158	0.394507649753485	1	0.778277803740025	0.739175764851367	0.977136360269305	0.0853906344318456	0.735990509165767	0.65648318107428	0.455716487957662	0.406191531989914	-0.218628427378549	0.0845754552079782	0.259528322112801	0.365724786591771	0.278169298578892	-0.082164674632468	0.10770074022951	0.19831687962763	0.121497572877215	0.328587887924574	0.194639581105365	0.343932842303564	0.1615308160844	0.0554811707306507	0.0877438305606159	0.0317570548762692	-0.162425076605402	0.0672381429074126	-0.271269431051213	-0.282503294391412	0.0387904393764731	0.0810637858507619	0.0221568912948618	-0.3152995027879	-0.160004624808534	-0.295421682554502	-0.26424168532196	-0.271700849178905	-0.185075079016728	-0.114430173572879	0.248291507714507	0.601233940408316
-0.296818497799607	0.0716235582621535	0.60491532055132	0.0315857129898759	0.248077551216108	0.278690101562691	0.38642563613852	0.512550205824604	0.25792942659599	0.500899141760789	0.600337139702956	0.102399526659633	-0.030413972892349	-0.216435563646012	0.0607650636342399	0.299080160342414	0.089683186294279	-0.120777443449052	-0.0377084283520227	0.198880077491855	-0.020228773171602	-0.1052364683165	0.161274300065571	0.778277803740025	1	0.15240124883889	0.893967364818949	-0.0158010916029895	0.497838575339101	0.494541168721789	0.166900979862809	0.338483947443955	-0.291115346448939	0.177351357926848	-0.0684311781856631	0.165498820254054	-0.0826895144678322	-0.23951871125136	0.230302039274493	0.286440782499126	0.258238568082684	0.457578767130301	0.351189172899791	0.627092996047934	0.332748036170175	0.130778187312666	0.224956017578156	-0.0102898602153141	-0.141824935043089	0.0110440667826489	-0.310749386760705	-0.114651804668085	-0.0721653462613849	-0.0110467414909592	-0.178156861679024	-0.310113238945923	-0.267972700788883	-0.318638963947738	-0.296389192032033	-0.328590095876451	-0.307851590690501	-0.359623267553423	0.351046165047283	0.661208747857107
0.0175024195783678	0.0185521898677826	0.125150365866977	-0.000768403704125675	-0.411128480713576	-0.477816485457246	0.0191471792418529	0.0185886040827417	0.678453807069441	0.19830102867256	0.58117735802119	0.575628436214226	0.130547950092675	0.506395827813165	-0.0635841850493086	0.33707520768097	0.643853935376857	-0.026533874477243	0.51046507495311	0.29404709694335	0.0889417690810424	-0.109582171720974	0.447780597908348	0.739175764851367	0.15240124883889	1	0.579110092896858	0.149495823065122	0.623739457377974	0.502395089360227	0.537308903992638	0.276212967101611	-0.032655224229414	-0.0554294044804537	0.480384293005439	0.398074866855725	0.525210668240488	0.124462350246471	-0.0789291336419352	0.0035892723234532	-0.0868948874404365	0.0258089950399952	-0.0712851052391351	-0.131711983193101	-0.103630335259536	-0.0545654267582852	-0.10475690756516	0.059541895267504	-0.104903202311759	0.0925390172451518	-0.0957790516356771	-0.322163748701041	0.136420646281987	0.137596743592727	0.224513650695638	-0.165342305047106	0.0324818866583629	-0.125022921306067	-0.0999028778308041	-0.0770847101314772	0.0369035999170305	0.202195112991742	0.0165131487019218	0.239087980195218
-0.237116306635412	0.0667896435437331	0.555179156157287	0.0239061651647775	0.0172208684268338	0.0119457107679567	0.327640835051963	0.431715168622596	0.520766679263532	0.503132009286267	0.758506025054915	0.34575177245236	0.0345073755090161	0.050204301353835	0.0201599825508178	0.399047725757726	0.365550770738698	-0.111862965460326	0.200232074545522	0.296717868749118	0.0238321552968134	-0.13730959557108	0.335618217079476	0.977136360269305	0.893967364818949	0.579110092896858	1	0.0543199592338476	0.694319993759272	0.636274973792415	0.382464145353675	0.40450252455156	-0.255439752002442	0.118999279857611	0.163289227146083	0.316140409091748	0.17176411985522	-0.141410220079084	0.153492808695338	0.237625484187831	0.173124222969813	0.388464453780471	0.256930967845268	0.457291839238951	0.226934851190349	0.0823630383997793	0.137509760287291	0.0174969508715978	-0.165525315704336	0.0500604839283961	-0.299846063684674	-0.239755030907512	0.00246043000507218	0.0533373220087949	-0.0449693182614936	-0.330114724668513	-0.206310993160054	-0.318954103529822	-0.28937371825116	-0.30550855002035	-0.237027606279901	-0.204914216677082	0.29664743356714	0.65440165823278
0.751030402780757	0.290541637809389	-0.363714017400106	-0.091401842930709	-0.165601990621295	-0.160495235501292	-0.0151048918098515	-0.272449159390459	-0.26638924379077	0.0388511118691338	-0.050405399753215	0.149153202387025	0.5730558017764	0.302729658806657	0.338940907064394	0.260842576218754	0.231046721403534	0.723630529899927	-0.0461822051031459	-0.266034494425809	0.424620181752953	0.562711160183013	0.566236570897436	0.0853906344318456	-0.0158010916029895	0.149495823065122	0.0543199592338476	1	0.233783246730151	0.168895338145713	0.230691408617199	0.274274261514239	-0.0319737959555146	-0.250173695577282	-0.00545407266799527	0.305404647271584	0.0420822557090184	0.71990126301426	0.186296290536571	0.152901554886911	0.145572930170134	0.174296111764873	0.130817174025868	0.133456183543809	0.20510482968984	0.245190136324274	0.0913893241614291	0.293570858582232	0.538067955859532	0.247958683909573	0.690050320654101	0.191756388990799	0.274526220385309	0.169848242030626	0.31693844577476	0.57563514319294	0.640758461345916	0.710060711934675	0.786834514484372	0.783974499855195	0.857979613293755	0.773164848189235	-0.0997822022118614	-0.0972622697499771
0.0452411954832181	0.0782200360181289	0.173042937421005	-0.049549187474767	-0.0508370873951595	-0.14045627508918	0.117246579463994	0.141229485286109	0.34731199557694	0.435446657385823	0.741902875473095	0.214151793781965	0.262467534837379	0.145995972925114	-0.0824843348422809	0.691165415283464	0.125900097068291	0.00355853739640069	0.180695684211662	0.0887126156995246	0.153523209516276	-0.032898163919751	0.371818626697972	0.735990509165767	0.497838575339101	0.623739457377974	0.694319993759272	0.233783246730151	1	0.93664156884396	0.518982920278645	0.43432991525064	-0.295413913218345	-0.0194436878050288	0.325246816383641	0.0963533443752673	0.325372151882373	0.155555140762753	0.156540363824546	0.261407067152335	0.125069052003308	0.175248801502007	0.171653785953701	0.136421889750002	0.216771994685067	0.134851506292316	0.129342655868597	0.0362281927239414	0.0642536834386533	0.0419931636184211	-0.135910070417115	-0.191071665049868	0.00424119119865109	0.0106296399586895	0.0230565009629725	-0.201693435884465	0.0952844161657453	-0.116339843724883	-0.0413319993239815	-0.058659709439744	0.0205355168567309	0.118114940874489	-0.0887977815386995	0.423309174705448
0.0849404590838789	0.217172810489315	0.25201604043641	-0.1569682502784	0.137410742177064	0.0251361961383795	0.239799796683838	0.173644247855481	0.293909037874071	0.50411476271051	0.7483915159801	0.127109576307653	0.30589514271463	0.140782080224927	-0.0412752395186653	0.744237766132062	0.048833166134297	0.0538097169209729	0.11931996657007	0.178079128551641	0.137155297117874	0.139907699021013	0.324945551920976	0.65648318107428	0.494541168721789	0.502395089360227	0.636274973792415	0.168895338145713	0.93664156884396	1	0.188202289275168	0.18263858165855	-0.234699448056536	0.156585109771485	0.0761740475201658	0.0679561783921562	0.0669941448910528	0.125792128660627	0.32695721702013	0.445906452190762	0.309507243243078	0.304062563266087	0.338807411472405	0.198447060577371	0.40257384979285	0.299050735874388	0.298510524887174	0.174770324327579	0.220738058199115	0.172954209975943	-0.0297726482478631	-0.158460960452745	0.0311812267734749	0.0403714349209084	0.00493150656065101	-0.135809227544625	0.071852845183343	-0.0881363627943978	0.0014489170684055	-0.0430526263280097	0.0397533410075566	0.0456536947678306	-0.163793027671776	0.321436564251673
-0.0667765965023272	-0.29808962671591	-0.12614877202649	0.246767301515927	-0.485968365675071	-0.467631375946499	-0.263253228077758	-0.00523979466573731	0.290062969075817	0.0073236301706864	0.259374873277679	0.335726053943471	0.00909429285326316	0.107916907316795	-0.166927566381978	0.12445551292326	0.249921459736564	-0.125617081543594	0.239181251538717	-0.174332741010959	0.129334928266427	-0.422891463940132	0.273226600943702	0.455716487957662	0.166900979862809	0.537308903992638	0.382464145353675	0.230691408617199	0.518982920278645	0.188202289275168	1	0.715839092256395	-0.237824108107107	-0.436189373494901	0.774996756863074	0.11173258582498	0.791353765035942	0.126567633247621	-0.348694111310259	-0.33832571097045	-0.391237857190752	-0.243224914433924	-0.333149120734953	-0.102510567882408	-0.362957990902932	-0.340801744612975	-0.358348039875339	-0.30879241427876	-0.346836967807662	-0.288041569584539	-0.298194488486216	-0.16562917429494	-0.05789799204448	-0.0621750675407106	0.0595300274525409	-0.235474097469088	0.0826633252788987	-0.114377646064103	-0.117067119199072	-0.0603285661559459	-0.0268106381282286	0.224610921619696	0.140883152180227	0.391429111087357
-0.177493499847678	-0.30117194275827	-0.118439409530067	0.134977367083852	-0.28289465293228	-0.243183951738474	-0.133122207876006	-0.186145587084802	-0.0616326761640174	-0.109191814359624	0.173199742309436	-0.140859514007045	-0.149748315714906	-0.274191158314365	0.154153059544183	0.0844364524580192	0.0225116379173603	-0.0752505573295879	-0.0168514479516211	-0.211225587670908	-0.188234173296003	-0.405753259509068	0.0178646988847337	0.406191531989914	0.338483947443955	0.276212967101611	0.40450252455156	0.274274261514239	0.43432991525064	0.18263858165855	0.715839092256395	1	-0.400145616653897	-0.33028116703522	0.171682129831292	0.0189726077577016	0.24841469548661	0.101878336714245	-0.314689367710276	-0.355229815619415	-0.371520629618605	-0.218616816141716	-0.319808160248434	-0.0406030612092927	-0.331389985634761	-0.316579928339943	-0.30236418678083	-0.34960078512416	-0.343013019984844	-0.335633878304764	-0.303104835376442	-0.00334490378719529	-0.0651762085540003	-0.0683171144404294	0.00952866139552773	-0.183505152775526	0.124790819775988	-0.0638395798603996	-0.0994385891050024	-0.0377520854428882	-0.111332231268918	0.106441675980002	0.17153045536046	0.419731688900338
0.154434921247918	0.0718849883218799	0.0128252057026767	-0.0106432959180501	0.0799688249932195	-0.0122337082092704	-0.0328884935889644	0.210207203129366	0.136378345281931	0.0534684207688724	-0.165186689460777	0.0626084281290909	0.103548770096991	0.185947742261828	-0.234710366798306	-0.0320478830858605	-0.0306690489089414	0.0486529502297515	0.283673956036132	-0.212024108360118	0.154171513281759	0.167449403723694	0.038376118370019	-0.218628427378549	-0.291115346448939	-0.032655224229414	-0.255439752002442	-0.0319737959555146	-0.295413913218345	-0.234699448056536	-0.237824108107107	-0.400145616653897	1	0.144626954772618	-0.0245031879864834	0.263882284785552	-0.145892498521382	0.114251652170724	0.0359250941680068	0.0405161586899481	0.0378738574045179	-0.00665447430886995	0.0133176673575438	-0.0728337127724349	0.00305647508205692	0.054349241884691	0.0307196668109363	0.21566945019204	0.197340220521595	0.212150017072741	0.102217279770524	-0.0298304279269224	-0.141319360768835	-0.151102712535908	-0.120042043170854	0.0588179116258286	0.0497504781008477	-0.00373270309384859	0.0195614965683325	0.018185693276761	0.0683280578703201	0.134290396789355	0.144030077754455	-0.292893097591305
0.064792629631176	0.582719434814456	0.622250598651391	0.244765038623336	0.690515851064892	0.569889511987733	0.60263720538572	0.542178276718983	0.107156543279653	0.607301547563695	0.17990988888949	0.184970441025069	0.275199783774161	0.274973814710448	0.148565900984332	0.427750085536895	0.0141808901296116	0.0374654711967928	-0.234686599959438	0.364461149917087	0.262144740256849	0.23176210654932	-0.130936409080753	0.0845754552079782	0.177351357926848	-0.0554294044804537	0.118999279857611	-0.250173695577282	-0.0194436878050288	0.156585109771485	-0.436189373494901	-0.33028116703522	0.144626954772618	1	-0.349979445699547	0.302359755309872	-0.381199777955404	0.0222060422983898	0.661188385279161	0.572750242530502	0.558727517830299	0.499727756349897	0.547071136077541	0.383791926828121	0.563346947963935	0.644094734734312	0.721486109918919	0.60797946181697	0.334135752572474	0.626413181223635	-0.0326498236061233	-0.18357560573804	0.215802769122843	0.287283101582098	-0.0185941436508603	-0.292820877901894	0.0621929460885092	-0.345570762649187	-0.265843553446908	-0.340728509548978	-0.275970205127623	-0.132434601036594	0.0117727818742475	-0.198889008640331
