Var	PC1	PC2	PC3	PC4	PC5	PC6	PC7	PC8	PC9	PC10	PC11	PC12	PC13	PC14	PC15	PC16	PC17	PC18	PC19	PC20	PC21	PC22	PC23	PC24	PC25	PC26	PC27	PC28	PC29	PC30	PC31	PC32	PC33	PC34	PC35	PC36	PC37	PC38	PC39	PC40
PHOS	0.246904951656515	-0.0697652685524252	0.0793253109257119	-0.068352458611573	0.0448022700035108	-0.10085930382808	0.0524110274381773	-0.0441310597935049	0.065946285141171	-0.0949429377173462	0.0126588367455412	-0.000870274233845254	-0.101199432934319	0.0144705915820818	0.216970772164722	-0.125183063326145	-0.182437876009696	0.0483071799508084	0.0223753393484726	0.190617317100949	-0.32955756048132	-0.0832002337007267	-0.0264294631944426	0.260292845111799	0.145420948824698	0.0898888115642815	-0.239180011494859	-0.233293303040979	-0.020881830411073	0.0929113914831501	0.0627462762858782	0.0603360622734966	0.399531832715549	0.164949993950557	-0.0234770180835332	-0.206034076109584	-0.396634962593899	0.100532277648303	0.0916598241206902	0.00258423520133455
CARB	0.187670480075808	-0.149482153975951	-0.164547671709676	0.0171953689288485	0.0372136035355926	0.19405579189354	0.283396795603071	0.17326795161928	0.170433880074034	-0.0454689135099905	0.0118432203869315	0.00542721386565212	-0.157339691576999	-0.126527047416837	0.204012448729429	-0.0271349817989191	0.208002391320254	0.13917244535877	-0.000854245856165932	-0.12795061625888	0.0446014289217431	-0.0113454867393966	-0.104035602862686	0.0266575674471346	-0.103468552586865	-0.111319902254757	-0.0218332961078559	-0.00463104528722622	-0.0862697986703572	0.053769380696985	0.0909494682730287	0.117448665539873	-0.0677327906096024	-0.0850316159441754	-0.643771593138067	-0.204453130805225	0.123230160508176	-0.12938637293738	-0.0511488614054273	-0.00454364935714252
SUGR	0.0948139356281414	-0.211730666434669	-0.0951162874384613	-0.0432765074507465	0.183801217196567	0.363096386809314	0.234361433651161	0.0342489469303908	0.0250779937697733	-0.210389219860152	0.0819790632319478	-0.21029036376346	-0.0294360993105679	-0.212127295505743	0.164749134981883	-0.0995440202405263	0.35158365117851	-0.0452555746667684	0.0200340717596437	-0.237243205193981	-0.0376853684772976	0.0477862095630353	0.0637665960975006	-0.0625029661347928	0.0725638703134231	0.0626334927847755	0.1197980385248	-0.172051301916668	0.126294347592746	-0.00400978055505519	0.03128930999889	-0.0769372316581683	0.10863067525895	-0.047318660072502	0.478216501996653	0.135806872652216	-0.019180504859441	0.0391754756353143	0.0408593657678263	0.00392419993745148
FF	0.208483404059973	-0.0147102451107952	-0.0954158133743555	0.201318907693453	-0.185157179164424	-0.100024427655262	-0.0387882385618947	-0.134006086014377	0.273009718201695	0.0907064092493442	0.0383844701455427	-0.0713916693510911	0.0447861280064457	-0.0433218012305008	0.025047323848259	0.000947865644039814	-0.00508738002130024	-0.0964878733018212	-0.0319415526076412	0.101046427736225	0.148833826259243	0.0707704121278792	-0.192393442060599	-0.255723712351637	0.273188127723431	-0.456424139014812	0.0254476202993613	-0.261058782809422	-0.0864485277053773	0.253426638289773	-0.145040733061636	-0.25049334265394	0.0661767692923653	0.227995267659939	0.0574760950365273	0.0477215190202528	0.0880869134475007	-0.143270582269551	-0.0384791616373337	0.00328172165446688
TFAT	0.221658513581974	-0.209631853289734	0.16363448538348	0.0859375200806344	-0.0756104954539892	0.121456230001177	-0.0589387841388413	0.0525876697620406	0.0296185335535556	0.117796480464939	-0.0343461011240035	0.0687513599711939	0.101509543931735	-0.0179512334748972	-0.0813610794328398	-0.0712115933390536	-0.0713137480420266	-0.0201679624793184	-0.0936464721965505	0.043290005069132	0.0215047878580274	0.00808440322273814	0.106324644887579	0.0196469145703703	-0.0264683737150773	-0.00756477114552907	0.232113210746516	0.0493882160511746	-0.00582058992752904	0.0416289366118776	-0.0875986041727785	0.168995559325341	-0.0452396327087954	0.034570542403289	-0.00958685703421017	-0.0539259642886514	0.133182702565566	0.0339453485263833	0.808964903694526	0.00958278673887731
PFAT	0.185912949358491	-0.155150559053792	0.139871522529545	0.165265866285268	-0.207899848174248	0.169949119551623	-0.0765952786664306	-0.0708022751304521	0.139240524323465	0.0574661092647578	0.00448763542404955	0.0968338473923997	0.122921708603397	-0.0444368991237908	-0.124757970370206	-0.156446049602736	0.0429262372759542	0.147522609700512	-0.214849020600739	0.163424782437959	0.119685654540068	-0.0735374933754512	0.308116618593227	0.140276406048057	-0.125514866381347	0.0570923809489634	0.405281716751777	-0.102358280198379	-0.0455119152223474	-0.0843079687482661	-0.156464854016206	0.135727289861965	0.0576807835591107	0.000971621039724258	-0.00733106005427432	-0.0360442331043641	-0.154984732920563	0.108686281624726	-0.452914441685747	0.000803778376251595
CHOL	0.161343180578685	-0.0640160737985722	0.285516855193836	0.0133885760431134	-0.0218281969066303	0.021030916106252	0.174546683249745	-0.334684346173426	-0.18963753704303	0.0997666628661865	-0.0932732421940415	-0.144535033785529	-0.211400287480478	0.0411892698394231	-0.159785956172895	0.133551184913457	0.121505219953157	0.0627985246405586	-0.150700526436313	-0.146713894431513	-0.0284196162571468	-0.0591237814550386	-0.0282985179299888	-0.027036852103202	-0.0371219067917234	-0.145135388026002	-0.153816080954447	0.0560520175540721	-0.156913375898956	-0.101282831293963	-0.0215055257713106	0.160495507961838	-0.204070610140741	0.0108416056224651	0.0501046224457116	0.150135650701364	-0.385662002389855	-0.428948376699924	0.0280697449213558	0.00748533003408975
ATOC	0.176377768170552	0.0706366678463889	-0.0907115524483349	-0.151442140786059	-0.10996091538088	0.215154179679226	-0.213928308604508	-0.0302964510206821	0.301465927071621	0.21968094833496	-0.0257516356489102	-0.236959091366846	-0.204286830562416	0.0450622029297988	-0.102504227721325	0.113473666550798	-0.234541928314761	0.0279083719200026	0.0423067558292301	-0.157247525595278	-0.108826661154189	-0.0945788201699444	0.0102356209377631	0.095744937818146	-0.0742834926867878	0.197149550673124	0.00495445785843143	0.0312851478789123	0.339972237149565	0.010772858015978	-0.000881156931525576	-0.040491366297882	0.217421861518938	0.0366568492786958	-0.136650127818767	0.414346520681732	0.132721074228159	-0.179109258336739	-0.0274461748923546	0.00759963937759396
RET	0.176624284389298	-0.149975036748267	-0.0190455644276652	-0.108654830803675	0.316347795490162	-0.0620447413847303	-0.113301427965361	-0.189850826516524	-0.269469068172942	0.0704011392998967	0.0872081724095053	-0.0262630982732892	0.134599885204027	0.159915115894481	-0.111312799408116	-0.0636816652352922	0.102045051745496	0.0735483473536111	-0.106496451056359	-0.054528680556523	0.323512534872732	-0.0213655349164056	-0.00705103332063186	0.11803493913496	-0.00847268114081094	-0.0815859796365671	-0.0132763245031023	-0.0297327542926956	0.262120219084204	-0.0429438957562424	0.0494523462352813	-0.362106659280753	0.133775723546156	-0.0326477291580598	-0.199426574059844	-0.0463838959753349	-0.0604929107066421	0.0728089346187574	0.0429412945272085	-0.450005178526386
VARA	0.181473786032912	0.071373789217996	-0.169106341999455	0.228835997338634	0.253099273048471	-0.0460563817048564	-0.168501831310774	-0.0202903623758622	-0.273226169722299	0.0345028783994578	0.122023914765801	-0.102871941374347	-0.0479632548456286	0.0776834037233196	-0.0371815614066333	0.0101771380041615	0.0933873244164182	0.128112573544606	-0.0525774246578845	0.0911558053055397	0.143767719971306	-0.163755731103851	-0.125684706032779	-0.0522775155471906	-0.151776327038386	0.102595475767023	0.00279645766449738	-0.145902664199256	0.1437561836743	0.0422535295405691	-0.0297530735822837	-0.0110496466382638	-0.00923523556223249	0.0351966120868779	-0.0317070327423459	-0.0428208279000903	-0.0122192894972536	0.0312246502870331	0.0273663937459871	0.698794624761218
BCAR	0.0927222618902122	0.210674795582168	-0.201982707772033	0.3919142432979	0.0579038668813685	-0.0107526014432108	-0.134196709240554	0.126991226996181	-0.127806523196112	0.00498109710253331	0.0872793646433581	-0.124671256992362	-0.166014171995869	-0.0276979732866439	0.0388714784231717	0.0432518426527998	0.0531969177670803	0.0859820213066994	0.035932918799843	0.147949590123015	-0.0895208226041946	-0.178252126714244	-0.135821527085941	-0.152357833872685	-0.178344795062187	0.191271739893978	0.0189569184703713	-0.150375337867751	-0.0421884610403415	0.0822882551280959	-0.0755372716474026	0.28673504509872	-0.105129397309767	0.0837807187180546	0.11763507011086	0.00639372780866534	0.0191044797751555	-0.0299323800372149	0.0165000053913911	-0.554633857610514
CRYP	0.114144424438527	-0.0112928937719917	-0.168254376780747	0.0458053806688002	0.13694216827689	-0.30663163941393	0.299159871943051	-0.141421508057853	0.189189947467831	-0.152028704755123	-0.236812348395837	0.13717367069718	0.122795216385722	-0.199112900218509	-0.1125631786234	0.202065823439422	0.00237902848400817	-0.449058739828142	-0.0459765670056311	0.0666160063575592	-0.0603015304709205	-0.278039735721729	0.0816309930228701	0.0353325761897713	-0.325976962937516	-0.0543275150641947	0.014128469982195	-0.0268121681494509	0.255761101970823	-0.0908162565212304	-0.101144660041363	0.0232788703498613	0.00632152988342261	0.00123954927835206	0.00107211856608179	0.00524634217531436	0.00915444806122434	-0.0100935896232991	0.0146092526576296	-0.00600447549340678
LYCO	0.0517426079327428	-0.109501050761642	0.0177978102054817	-0.0107083610024543	-0.0793698531618717	-0.277263541114559	0.0249072526681791	0.441137945666125	0.0917389169287602	0.0462181147810842	-0.330744729901835	-0.456156137556341	0.126133892427005	0.379767163540477	-0.0755939297079994	0.152994302580509	0.318454427370563	0.124137377255227	0.0264212258223495	0.0728215720461315	-0.126677849013894	0.0351369491985688	0.118176049898478	-0.0355281125067098	-0.0215600532182512	-0.0899180619483887	0.0508058042543779	0.027755897933754	0.0184088286957372	-0.0632877076456488	0.0318224071808162	-0.0455588608556588	0.0453105172657141	0.025716514279669	0.0111983783896713	-0.0185282062681999	-0.0774054583192174	0.0728809286094254	0.00256579793655973	0.00804384638149396
LZ	0.0945167817852668	0.0634536349376652	-0.158822739783217	0.38161117165775	-0.105897374816227	-0.0810710179362136	-0.10387296368218	-0.131430025116896	-0.013594554143399	0.217939526172596	0.202726992507133	-0.054514987934358	-0.00986767403408007	-0.114469161143302	-0.166759856490862	-0.248796152598947	0.298293302913483	-0.276230312766131	0.314350853994089	-0.051862856670293	-0.226206077181016	0.194289608657199	0.185057658529786	0.207814897426267	0.0762596532735252	-0.0699029130496021	-0.0966206776529759	0.232963738734441	-0.0136907589416295	-0.0988955683632986	0.14661666216589	-0.0368488106848061	0.0338967690627986	-0.103906718369389	-0.0987940191827413	0.0380011642328916	-0.0817181213695611	0.0655492223526891	0.0226661276138119	0.027704501443458
VB1	0.2090501188497	0.00997568719163178	-0.0981561934674522	-0.0672661749543803	-0.148933510665864	-0.118466776080876	0.0794974368042548	0.15393976899722	-0.143992308973093	-0.0740661080941309	0.168920707671185	0.355924099259021	-0.0497573486300545	0.0624569346374615	-0.0324977070317702	-0.0118398558583195	-0.0692690986376379	0.244130971163231	0.00380732793914403	-0.0910729501605715	-0.0784113397420247	0.349505941488095	0.0806607515366373	-0.18266015855401	-0.38847989098921	-0.308553716265474	-0.0915670747000795	-0.0550133633683601	0.118497405528387	-0.159148498085908	0.151427867512036	0.107348671001862	0.174929273589877	0.149295445669143	0.11103977889279	0.216303463136858	0.0141084443578688	0.0484618453621176	-0.00220608643589687	0.00107376450089822
VB2	0.202808663308137	-0.0435330305868394	-0.047431183970143	-0.15999133189158	0.0240164913405123	-0.194307704173516	-0.250048575167838	-0.11017800966559	-0.0812420374131417	-0.309151918897414	0.068624506649882	0.0113199873854978	0.0408479140851352	-0.0506817884684751	0.00082452336253655	0.0117075089434254	0.0873640317579898	0.0888141913099356	-0.180496785077038	0.0694222475848683	-0.442083008309234	0.203588590466166	0.104106838449276	0.103107224172133	-0.0417431313211636	0.118603647098804	0.152947142366442	0.0463436495454186	-0.0446096026892266	0.210036898925505	-0.0592137444627642	-0.201121683673009	-0.175991934707913	-0.0902121125223997	0.0259149226912244	-0.124287327309505	0.253387299017805	-0.373038984817745	-0.0587358809158794	-0.00377046158284817
NIAC	0.198973018060485	0.0366578760716946	0.0230604387643708	-0.133598071709268	-0.206676247591789	0.0606120303046803	0.0620704141945515	0.0420210166311782	-0.276063869580401	-0.210656157840874	-0.0919505551624416	0.108842965235414	0.231821610418939	-0.122995126359028	-0.0974207586830359	0.0821060687661825	0.124134355347118	0.131967339385171	0.468054883470731	0.109849818083586	0.00605436387168268	-0.114203630820422	-0.114543667608928	0.0509675210750211	0.135716903984492	0.0737270116438197	-0.0578229811449852	-0.0811726238878747	-0.0945369452727049	-0.0196699435558807	-0.42624983581091	-0.0420396816037786	0.0400628490130849	-0.121135731772057	-0.160277264813756	0.314383692787354	-0.00501851825142013	0.0444030293974249	0.0235101465514545	0.00139617226985002
VB6	0.160011176031535	0.184795428642914	-0.182979357820538	-0.254939723889323	-0.13554171090755	0.103890481942265	0.0245033911187637	-0.0997849442632195	-0.184849046656095	0.0797697380375564	-0.126646805361128	-0.0467131977369588	0.103909884135076	-0.144403917714581	-0.00530182390650621	0.0606596100313285	-0.013330913621414	0.146487482293108	0.179156994835148	0.0922811832047845	-0.0103488826628005	-0.199512842313715	0.0754165951713907	0.0831980767055944	0.248006185497389	-0.233172638533856	0.171014566750928	0.114973329463274	0.287645042348208	0.0564171681908587	0.355746461655258	0.20893567363037	-0.234436633694244	0.239360672347183	0.114400735601696	-0.220054328947581	0.0326955467439831	0.0166237631030616	-0.0597348994833274	-0.00369117933593167
FDFE	0.186350560273816	0.085671454830907	-0.244110170188103	-0.151340024285767	-0.142779630748464	-0.0215234120549824	-0.0762938832588087	0.0559411382691301	0.101486625125463	0.142452651412678	0.0142188197337618	0.162402917334239	-0.214759857267806	0.15266542332784	-0.0809914697331187	0.097123785384935	0.0165199358237043	-0.0325179790365355	-0.0262697391701167	-0.439806711006004	-0.0363546067350577	0.0459809796575865	-0.101854850450503	0.109130758744144	0.0618446236247342	0.0383048011053133	-0.00587445940886666	-0.0979188656986275	0.0197679431955359	-0.128439714819079	-0.401751588736107	-0.0707310761111652	-0.244248419467399	-0.0509805873717585	0.148303293306902	-0.359206068593453	-0.150034685794648	0.218383871056936	0.0127526907852598	-0.00521227349235445
CHL	0.202892934207577	0.0753252843868848	0.232193263109221	0.0146412880838978	-0.0432991338165526	-0.0795646712043319	0.165669237858425	-0.296829984253551	-0.0152976752261639	-0.0110968060208093	0.0225654075057052	-0.129628564802384	-0.222184821675401	-0.0142897411715579	-0.0610123392542538	0.0628918979273059	0.0766404270010312	0.14384730394069	-0.167996766051307	0.00901133710076302	-0.1634576174404	-0.16687287664356	0.0116360005230712	-0.145153236066971	0.0934417797854512	0.0127332418903115	-0.125139964269343	0.098909952758535	-0.140863577540098	-0.169562847163602	0.027856630800593	-0.0469914536868475	0.0807113798617921	-0.0211519489063229	0.00314436166372108	-0.00982735951909284	0.491130621209414	0.482812555784059	-0.0484253209514798	-0.00833734117518409
VB12	0.11215895024058	0.254315110875283	0.104036939518924	-0.311597869218888	0.0908263061403226	-0.0487400005837363	0.00790261935264279	0.0589453791266367	-0.0318481680038165	0.0757021544390624	0.122996165264845	-0.232175022442586	-0.041453337264752	-0.18646011865868	0.142482689197771	-0.0569035368713633	0.151959827041342	-0.265582783139299	-0.129387846877909	0.24340779086191	0.195118060698435	0.398395582789404	0.0253983604397392	-0.0186909567107426	0.00767203211402137	0.122475265194237	-0.0252827929263866	0.0696941273486354	0.0569064106171969	-0.198830758385548	-0.279314550582514	0.189755921735398	-0.0154322870803098	0.326545134255693	-0.111945887288001	-0.00807901540441322	0.0117481247565479	0.00192322690064636	-0.0216375094608283	0.00585232865815617
B12A	0.0696824097582621	0.160786849469598	-0.23393469730824	-0.343341456466366	-0.0768911466915772	0.162617067955327	-0.176999967438923	-0.0023913829325911	-0.122389867200373	0.276004667029984	-0.0954298523892107	-0.0421518301528638	0.0269350351083237	-0.138207031984871	0.0779082531968004	0.0376869618226456	0.0670327196600762	-0.164732368266746	-0.103364960485	0.12235693851754	-0.0190007770704052	-0.160703299622502	0.189222730652187	-0.216894779557933	-0.259504677124894	-0.0856891840453613	-0.0333030453332294	-0.0894878933788632	-0.431654771473458	0.0494818321616261	0.119241084125773	-0.147648408322653	0.186690392390607	-0.270386733029196	0.0207667063469542	-0.0448001468154669	-0.107789323725448	0.0305846862234486	0.0758649857733602	0.00274703939152846
VC	0.148653931783991	0.0742825409032162	-0.253083830222197	0.149474745942865	-0.0653236255131201	-0.0441119306851447	0.161472376210526	-0.169794846383139	0.00709144633619763	-0.0765526742981976	-0.173698580143857	-0.230322532654744	0.357157609608232	-0.023044386615123	0.00347075338275871	0.00970099920984899	-0.251189809966898	0.148831473910647	-0.0188436905116116	-0.271772654490451	0.269005822580541	0.216371473742606	0.217368406294126	0.126970014357679	-0.0730690298048748	0.275678693620977	-0.256988884755014	-0.00237640212164612	-0.265293973042288	0.101743999431102	0.0619347915274825	0.0373941915863611	-0.00599519871638499	0.138772856837322	0.0587295187772876	-0.0418534475130286	0.0860133186421983	-0.0105331511291688	0.0127807114583442	0.00308636492881731
VD	0.108604077119794	0.223317267268983	-0.0275215564140624	-0.0756940467507917	0.368807576851895	-0.00519794000818991	0.0211160024767723	-0.145405048944464	0.17666912261352	0.000800892953836545	-0.204914240907606	0.257440462754226	0.0514658032505277	0.243728723015707	-0.0501945060056851	-0.23865319375653	0.151402355995634	0.0602019644751326	0.127250386703542	-0.162312431938217	-0.0867934647259593	-0.0184923798547735	0.0315094720368616	-0.361053953001215	0.0827369119119049	0.123072597014682	0.211656221732864	0.292007909251366	-0.117861293619654	0.215050713885216	-0.0666371721589394	0.100622539784693	0.146160424799718	0.184153350298556	-0.0616392860674095	0.0622342560971418	-0.120662882818029	0.00730930505350176	-0.0225867465175012	0.00782002460157415
CALC	0.204370189830044	-0.149030791679972	-0.0705635174105088	-0.0689671670018414	0.191213938895576	-0.149399660381708	-0.121158391339209	0.033381484835429	0.0718152994499158	0.00255759186683113	-0.0178700528560285	-0.036029578758251	-0.0162046157677636	0.133848794940451	0.398679892599743	-0.289921536451725	-0.209409352486727	-0.0612359970841945	0.0255587266838901	0.0350392050194791	0.00544847041103389	-0.125047309100369	0.188222207705339	0.0172678794529438	0.06862541883132	-0.145610707119792	-0.0881569894161351	-0.034535705132714	-0.063467444202074	-0.0880346695710101	-0.0149616990205372	0.062847761609262	-0.489392464299209	-0.128580527535367	-0.00495824853952104	0.38687374308214	-0.0161705412940227	0.153064702819542	-0.0501194850320879	0.00329861698642101
POTA	0.241547267087384	0.0402387721801803	-0.0886730010593441	0.0386676335467238	-0.0700368562683363	-0.0185070287175307	-0.0174119586123946	-0.0870855908235854	0.208112784304872	-0.180886406680157	-0.0288099886505607	-0.107099981999702	0.0690899778386523	-0.0190109814966947	0.0340496109212055	-0.0756345089699672	-0.184102148965462	0.0918846543496666	0.0645328829806569	0.202448773785801	0.110179475712618	0.12390595312733	-0.370486251662953	-0.21950586506542	0.025569565897611	0.110063769316895	0.142459202601679	0.236434210373663	0.0286808315747844	-0.447998936903679	0.158515270246637	-0.0647219672926596	0.0295287250064643	-0.359546017869146	0.0986689883337483	-0.136617207935797	-0.165388737528206	-0.0943008367277869	0.0463572509751166	-0.00547288266811957
IRON	0.20170725706253	0.0166148195121639	-0.172155583998703	-0.0843300427261047	-0.0612319560741219	-0.0586585247454355	0.0965634245061549	0.148001632647637	0.025075887563218	-0.0634074243438865	0.187031244555484	0.253998713510871	-0.0245268508337711	0.292197618277348	-0.1402816787641	0.173387187641182	0.178995173925272	-0.237163400393216	-0.249455240509489	0.102542488628662	0.198396403532187	-0.057420207554071	-0.115847565485064	0.237687736346297	0.30951568033967	0.184696443331097	0.024233498249786	-0.00864844586702653	-0.204458698503642	0.0388650633921971	0.288236135361784	0.184720025103061	0.0621026638106742	-0.0645390847579548	0.0823904917297097	0.230844897106023	0.0827170973000858	-0.0643879389430087	-0.014798444158612	0.00133635190658451
ZINC	0.100245561240387	0.13116940769285	0.131732283697728	-0.1222070424558	-0.0674287629760179	-0.21308328195794	0.249985136161943	0.288823790910846	0.00147033836253918	-0.10505788351294	0.432584270004505	-0.186076524871647	-0.0689505305946413	-0.0786553508977841	-0.313436106845858	-0.2400072565723	-0.216190238298012	-0.0292475260888203	0.0584762156850909	-0.10887544337624	0.112433020481554	-0.241358451340229	0.261499459178061	-0.231086159194452	0.0642457758795901	0.0535149185804377	0.0207527690765629	0.0166926548074261	0.0397495728020327	0.169989308216128	-0.00901346633573592	-0.0739833072958102	-0.0302013640231658	-0.121241053393961	-0.0241532935066694	-0.105949057649028	-0.0846416223055712	-0.105599046918426	0.00130963430265893	-0.00112187354024361
SODI	0.220470325958102	-0.0728262714389529	0.125045619979926	0.090932914535971	-0.137601324951567	0.0710546780245048	0.136862865644229	0.142147620603949	-0.122910513519805	0.0345909695036571	-0.0683200933565661	0.0507414237393968	-0.259094556414516	0.0396187419832106	0.229295948736768	0.0436813741986747	-0.0589009459120476	-0.112394420748704	0.116275428305246	0.124025317839804	0.175529270925774	-0.0274941344228614	-0.0923740728584388	0.166459879010514	-0.26201845602097	0.0558578116069752	0.0381764809596483	0.494445118854425	-0.039514250154404	0.311681193545163	-0.0264847293932981	-0.338772651762848	-0.0320154232099845	0.135179415514764	0.193223878408741	-0.0142784264452601	-0.0318320390133178	0.055810684551058	-0.0828597300078005	-0.00271633996411311
CAFF	0.0606452515536076	-0.0984483932835346	0.123570828766775	-0.0412671389088112	-0.0241540542648862	0.00708444833081242	-0.528021721592109	0.0396566622516862	0.121795611955225	-0.514089768360234	-0.089654128434049	-0.0645454909837299	-0.168215765150024	-0.198900024094324	-0.192501670460524	0.101062125973168	0.0764769705896329	-0.13196553761501	0.0662102647149379	-0.17842702650904	0.20906746146898	-0.040742866105003	0.00141935077834571	-0.0477784577718723	-0.0597352675016811	-0.0875510638093208	-0.096665641121535	0.0509676534044862	-0.114259274182188	0.0555542257650251	0.186366283213292	0.095878186391058	-0.0270613802884245	0.163102637396153	-0.0798806915243365	-0.00397386239687268	-0.132396751766384	0.201132059868076	0.00965245994275667	0.00151178861507116
THEO	0.0586873827406216	-0.142481814006967	-0.0245488431810122	-0.0459425171398355	0.259128433775446	0.366320505757871	0.0428247245145361	-0.0359947474878952	0.194174630156279	-0.0109470221125156	0.41300304019732	-0.0742363655337296	0.25972866850046	0.205979172436614	-0.182567949983922	0.363304133844035	-0.116842430291586	-0.0386440573287992	0.166396521084072	0.204017923524855	-0.192922228444951	0.0209311939151208	0.0293824040208947	-0.0520488443235513	-0.117673535503806	-0.0908847643043331	-0.125237153232927	0.104003067413385	-0.144136998986859	-0.0240942759482689	-0.0435966575594423	-0.0337056801270339	-0.182046882254369	0.157136334385286	0.00318287603062825	-0.0795816242768706	-0.0614115078675765	0.101939610342604	-0.0540211227067969	-0.00392776321086119
ALCO	0.0228520417493252	0.0677437828051914	0.243777682791113	-0.0270578373754634	-0.0541167145017862	-0.330423391857578	-0.11750118576563	-0.0992827042403747	0.192631415382166	0.16230316828711	0.348104876925552	0.0469105489026487	0.234209930740418	-0.118288354677174	0.434009979572869	0.343478248115331	0.20444864580048	0.150909636572605	0.153158284499208	-0.241613827099001	0.0956081395395878	-0.152384593816789	0.00886104853649397	0.0207807725036334	-0.0822691230344205	0.0929660567022768	0.140136006687131	0.0254699021021327	-0.0206452498363031	0.00213287176796195	0.0811052599817157	0.0465199203758097	0.0552207476570541	-0.0234371461808233	0.0345470990352812	0.0140743460457471	-0.0653314169726791	-0.0293232114004521	0.0516537687609618	0.002199478071331
S140	0.170006285906533	-0.231466543561733	0.105058768159733	-0.0152787076196464	0.283389971228228	-0.064763426803566	-0.150796003506825	0.156623824802487	-0.129192015242028	0.167671094813653	-0.0598015292870341	-0.0369884275665713	0.0357908201507615	-0.0451832171983546	-0.0314467387887646	0.00281108236873642	-0.175083084275909	-0.123239585717449	0.190355558569778	-0.144046400117895	0.0531821250247471	-0.0263589117899784	-0.0690568937404	0.0762803006311312	0.0528595591264081	-0.207528245864428	-0.0553681469303997	0.11185002210779	-0.114869014391199	-0.048737003849483	-0.146229124105502	0.347302249289295	0.304743547556337	-0.160407608632298	0.20583642819955	-0.198467259690455	0.304495742194318	-0.198597603061963	-0.227902692820737	0.00221404099242727
S120	0.0901823224986809	-0.187192895199752	-0.0140457698805525	0.0416113968551793	0.292123963853926	-0.160274134642311	0.0251462325169945	0.205305542288539	0.0598595837334675	0.308700174763226	-0.146243413921066	0.180145008219696	-0.152477646540381	-0.473093092686024	-0.206809590323164	0.244523286100305	-0.0747649885737483	0.214083360796257	0.0239266886382969	0.105346513439865	-0.00794212128463082	0.184786506562228	0.0721842021576868	-0.0887419946948715	0.215280079070598	0.210879618590663	0.0114592632621725	-0.0460940012049142	-0.0740483019674441	-0.00485484739554068	0.123213482798329	-0.1722044109859	-0.13095443282772	0.0283602843725668	0.0109893277642961	0.0965336965562003	-0.105849140595707	0.0703265647888981	-0.0372090268672705	-0.00391019767362814
M161	0.180257947397007	-0.114366424109864	0.220622265573289	0.0324791938735387	-0.129331984524825	0.0417955228818633	0.0311668511840736	0.0260048455982525	-0.275226255373984	0.113962519164803	-0.0543758957968002	-0.0607186377832826	0.235878501045285	0.0363492275125716	0.0341751789752133	0.0394405233383147	-0.149175202873068	-0.3811536251663	-0.0346066748006859	-0.228349382668417	-0.216119355525834	0.172335380416278	-0.267068867503176	-0.26102076051907	-0.0199974402541161	0.193015425820659	0.157440207534677	-0.184478768186644	0.0946303404429592	0.162923828282125	0.213911822980171	0.0505565673383361	-0.106335022159465	-0.0282084198775892	-0.178721527488699	0.0135058952611069	-0.0625153595732182	0.187562688205181	-0.170800758580646	-0.000805743572471925
M201	0.176107036909959	0.0721632215838996	0.24883712641669	0.0631133242866621	-0.0881706903204143	0.18634596457907	-0.127023522695318	0.112290584765025	0.160851900928969	0.0769248995482081	-0.116622568896551	0.251481981928113	0.177968498813055	0.0366069823280189	0.0368523818644356	-0.0746254760732422	0.228006446734402	-0.00521578963422385	-0.056752944133934	0.105073925188666	0.0666981111703927	-0.0453226506027667	0.127223728395041	-0.199111878444875	0.0289934205052469	0.152637643111729	-0.577206534076785	-0.0275207344168677	0.302534532722165	0.0589675605190947	0.0402300719932665	-0.0151401802502293	-0.114888955322369	-0.130235326308562	0.109835290857101	-0.158470338717761	0.0807176138906538	-0.133098355860521	-0.0539996035792551	-0.00697178630148507
M221	0.07929972768228	0.252786721606584	-0.0264925843690281	0.303106168399555	0.0649527339666213	0.171459484613675	-0.0512762993754813	0.20790470498157	-0.191210455188151	-0.173770706098623	-0.0124312029054406	0.0386187916198051	0.0748683850089825	-0.0528708296422894	0.226460003779048	0.310861064564221	-0.161899181672389	-0.0557913181671032	-0.307951835480132	-0.142468563682763	-0.104947002281289	-0.0339491437382883	0.268780365960899	-0.0715294105645646	0.315842476272929	-0.171940087543483	0.0357649710430686	0.23525608026016	0.0774212919856248	-0.137637214176318	-0.129169771769366	-0.091638698157753	0.152210266783045	-0.0506756184957027	-0.133310873892957	0.041482767410072	-0.132217613355666	-0.0188735433537031	0.00524040284549319	0.00113266735492649
P184	0.057976888303251	0.317873497508103	0.15351406821736	-0.00590728080393306	0.143138281673865	0.0540242266336734	-0.00742750227364706	0.258570147098501	0.1172135843121	0.0633624016941495	-0.010679964479073	-0.0251268330018568	0.315030428038588	-0.23066747089553	-0.153487988277126	-0.249988458886252	0.0271565786062285	0.106248665996122	-0.258706407852663	-0.142057624101557	-0.153704197741966	-0.134311140860285	-0.396506762978159	0.316852659017083	-0.136872296353137	-0.177354562309007	-0.0434995082081066	0.0578465365785879	-0.123538578349929	-0.0276259897431967	0.0438847166477801	-0.113284946943673	-0.0804693626171918	0.0837204603949805	0.0758384538021871	0.134119152145807	-0.0141541797209963	0.051047074236522	-0.00370144985632924	0.000816582725883025
P226	0.0723301395727731	0.36734547522344	0.18112872182511	0.0262378269507986	0.179982466220364	0.0427660220218945	0.0811759938353589	-0.0924950919274951	0.121564787194796	-0.054807421350329	-0.0718722768023135	-0.0718570665947511	-0.113584992094738	0.0533376639329153	-0.0516067618991148	0.172817315723488	-0.0368588608426059	0.0534877765144942	0.0808340692509703	0.0967505819737653	0.102609447418702	0.331226633529155	0.0537250895170501	0.189323443707748	-0.060283880238738	-0.203966931998309	0.0841653866348943	-0.154468177941726	0.111575220667972	0.377791244139995	0.0111982574752806	0.149593281455997	-0.0309344103545174	-0.478239015886116	0.0308385371926445	0.0269012706861772	-0.0519343223217293	0.180767255323664	0.0295214198805351	-0.00651292204153161
P225	0.115718955609611	0.279489000009557	0.263345063897539	0.0967765616006215	0.126966438787084	0.109911324913857	0.0242090665852932	0.0769639165575518	-0.00255255188568478	-0.0535833233538341	-0.12143315355776	0.0969769385700519	-0.129151217165328	0.164349038810895	0.030421539161527	0.00369597262839918	-0.0538312515144253	-0.136789575918195	0.309727148213149	-0.0453941743995343	0.0427946226150921	-0.013417409183523	0.161001711039685	0.109514747379796	-0.0456385447500557	0.0381382213514503	0.183240062207282	-0.373845488426732	-0.174932556648017	-0.348156803132719	0.197246307104109	-0.276560531811479	-0.0634153905704899	0.179381372974434	-0.012967001338053	-0.101985901591383	0.168740329808867	-0.210119207820851	0.020077457729243	0.00263215588175678
