Var	PC1	PC2	PC3	PC4	PC5	PC6	PC7	PC8	PC9	PC10	PC11	PC12	PC13	PC14	PC15	PC16	PC17	PC18	PC19	PC20	PC21	PC22	PC23	PC24	PC25	PC26	PC27	PC28	PC29	PC30	PC31	PC32	PC33	PC34	PC35	PC36	PC37	PC38
PHOS	-0.26548088656482	0.115783836747511	-0.125810506389254	-0.177658155388	0.0359938833563769	-0.0522011245753588	0.0383978661614663	-0.047345098163842	0.0670606582543253	-0.119142440703247	0.0444219389237122	-0.00983529588194058	-0.0412860225097122	0.0943457071825661	-0.0340716227743266	-0.0997990144169842	0.23425724871489	-0.264783888077433	-0.0965281233787103	-0.012208841588773	-0.048499909161136	0.0292723328067393	0.0087576537831911	0.127111822612742	0.109789141589038	-0.163604605646199	-0.559326068423203	-0.151779574897269	0.016334095642421	0.199207223371045	0.152948023398471	0.00876235449658565	0.28513457046243	-0.110624650055694	-0.192664668460336	-0.282526145340968	-0.0984552770061568	-0.0794024991884967
TFAT	-0.291785928259416	0.0577904537896539	0.0204495883982536	0.0294498331997787	-0.189738597617495	0.0802628536240243	0.150824084674181	-0.0107488781388603	-0.0121390811320809	0.17095115836824	-0.109826487348962	-0.0264956260847943	-0.0943198497084842	-0.0790748286040825	0.0422174638214211	0.0654744816778952	0.0755101000040042	0.0320300039512849	0.00991368973477831	-0.0599448447222765	-0.0980187975882279	-0.0262625102302815	-0.0359934418805539	0.0310430355129469	0.0566243518129213	-0.0486257026606537	0.270293154810009	-0.123201441640962	-0.0303437991362985	0.0894919673589714	0.114809462907639	-0.130780040721374	0.0759899697064794	-0.189816801306848	0.142949449930642	-0.358976349168679	0.555278771260818	0.35516158324019
CARB	-0.161024760519514	-0.127010316282443	0.261357698903013	0.203777302154229	-0.00772675503498096	-0.0468525000475817	0.116956770253412	-0.0459671371650989	-0.0540546299264083	-0.0233692605961228	0.0790035241592076	-0.352284827299212	0.0972130765760212	0.124574147915324	-0.00997699922951046	0.0840203479094427	0.247858704426418	-0.0142279183029668	-0.215236586161034	-0.0883225814766146	0.160317937158457	-0.26973397362088	0.0567476292253105	0.0568624846443908	0.169060039445772	-0.129698649436469	0.121778090519401	0.335217357257395	0.0554613161421279	0.366041488067221	-0.22236721692071	0.0145310377543644	-0.0282239818509146	-0.225008923275055	0.0324755665360532	0.121176725274989	-0.129835771817262	-0.00978785097561347
MOIS	-0.0857602086073623	-0.0709696903309199	0.0380740723004291	0.100108797180644	0.208575118083473	-0.345414632866009	-0.07552285563304	0.472446274085857	0.144628452783992	0.0884194267721322	-0.120997917153194	-0.259525519893081	0.260627998387098	-0.248430846210454	0.0903491621760422	0.160741441349564	-0.105189962687369	0.0585964092988925	0.0208606017890684	-0.290674691270585	-0.0697801693280792	-0.05823656207014	-0.055655151853507	0.158044796432385	0.00353999694259467	0.0157859921561276	-0.0623743002335945	-0.227277808624302	0.0420703572191931	-0.0347791618513926	0.229067266682562	0.0766319508820745	-0.0070120586925726	-0.0968229017504244	-0.0509505982147792	0.124848740422881	0.0940594197547976	-0.143842886250726
ALC	-0.180124510167212	0.120890297011154	0.248878089828253	0.0879478536422936	0.0410308755957756	-0.102345213080878	-0.0960415626887181	-0.0219843563467233	0.0752869363105538	-0.0255485129396961	-0.223581657740306	-0.198891550442939	0.0205001943938349	0.0413505202046754	-0.455724055081663	-0.215943421464592	-0.147802198114554	-0.157918827006358	0.114976508509979	-0.00941205079957655	-0.21052683905585	0.422782251003745	0.0838506738641806	0.0514807276983762	-0.0707070551553293	0.0818769982498682	0.0500271849708662	-0.0997360188885286	-0.236174770290637	0.0613516926557636	-0.310337772987845	0.0399422493342507	-0.0387979445633994	-0.085180954541769	0.0910002768870816	-0.00586375731675964	-0.109706481126118	0.0743923261076292
CAFF	-0.18380745349174	0.105479646414163	0.252337763862313	0.127863066213157	0.0601938654526448	-0.0435191078534118	-0.170744857849774	0.176075431970296	-0.0849560016337589	0.134190127378947	-0.0903030019398999	-0.16352347078991	-0.15740100338581	-0.083445754137609	0.257939738048847	-0.00502491962867184	-0.165174386994734	-0.156882194859805	0.0273339775249834	0.20383497771934	0.335782301088401	-0.101472610334584	-0.123947696282862	-0.246298742186564	-0.0728121919866262	-0.0205764939291866	-0.28528022589527	0.0517041218887325	0.128748396984425	-0.23017023215477	-0.28892523354883	-0.0332795634583312	0.154422945216253	0.174375001737485	0.144057631412999	-0.163328301178297	0.0181461500571333	0.108533144927169
THEO	-0.208205031286945	0.0299045557964548	0.178480535613492	0.114185241456081	-0.045138399166042	0.063200464184258	0.389449815744067	-0.105129246766743	-0.12987588395381	-0.087914273859242	0.141047932542229	-0.0273485471595725	0.0658976915703024	0.278148114202466	-0.0107668538199053	0.0580541881131485	0.13114782034508	0.0554123024577205	0.0761446171503899	-0.149367808965291	0.0487981521929935	-0.165678328011959	-0.336049176554487	0.11809600693857	-0.290946095487499	0.0450887263298298	-0.0633845461629763	-0.399933434232958	-0.203028005793167	-0.198215709796193	-0.0265127452474971	-0.0205628057737106	-0.0598949258157562	0.204345177047912	0.0172363296572294	0.15870923910366	-0.0586195101844455	0.00627002979679581
FIBE	-0.0251618017418127	-0.35256220489238	0.0285978739810206	0.0157904607797901	-0.155693119283644	-0.114897300921686	-0.00325525728552112	-0.120577427307882	-0.161998091629563	0.0215494324436174	0.0418808097156032	-0.10142417468681	0.0440449915888761	0.100554955493095	0.0401003823409168	-0.0974978735412578	0.0835780000718267	-0.326586235254388	0.104564521177018	0.0676649032734169	0.266132321795842	0.340235692972627	-0.0303993784825951	-0.00921882310796615	-0.0932955287535053	0.274293898194171	-0.0798518573237666	0.0216300828746677	0.206901992049163	0.153730781976831	0.328336134620028	0.234089937064058	-0.137543660734885	0.0542271024889691	0.184791350874475	0.121229864142999	0.226297151706937	-0.0399895780465589
CALC	-0.225086505764829	0.0093121598810258	0.142537008745926	-0.259143440639305	0.0345945821830457	0.0152359358778003	0.00508869823133218	0.00615400251682269	-0.0989476869978034	-0.186608357640549	0.143377048857016	0.0858892721323967	0.279278967813541	-0.168326954291972	-0.0105689432430364	0.128424764932135	-0.140961874550006	0.00400972943004376	-0.238312382384967	0.555764842619784	-0.0949037741122423	-0.0609734021913776	0.0149745324486286	0.213493372532109	-0.283894460463994	0.154324685085239	0.0946718294938873	-0.0226370259778236	0.139634901202976	-0.0406130525594833	-0.0743402451870199	0.063170655742086	0.0613917603572892	-0.235135358048131	-0.0827513759263089	0.0543307059176082	0.0758004480516866	-0.0395667027289792
IRON	-0.144171869318709	-0.233063376234557	0.0598867675244905	0.0370265132478684	0.28685007324578	-0.102018646088761	-0.124465747736994	-0.29231621397605	-0.140963538952694	-0.0511172059681672	-0.0383725813703633	-0.177780235173159	-0.0213553037850813	0.125199919179506	0.109095537728246	0.141554887859429	0.0728380141650069	0.137045967900372	-0.0121581694209583	-0.128951563081681	-0.0601929892727051	0.14653744356309	0.139842687863588	-0.186607885476985	-0.0623653201121822	0.230316756539491	0.252302516602965	-0.0583100058199364	0.160915561749107	-0.198477645786632	0.121512552372834	-0.126592522482367	0.195494329632006	0.0205093231975644	-0.330000498240148	-0.283768186049532	-0.224867764937888	0.0603119670533753
MAGN	-0.158004543239621	-0.182505286022592	-0.114142829662996	-0.0750768981831929	-0.0571813439921895	-0.323038530493049	0.0319707508964489	0.115197212354933	-0.0687379093913777	-0.142788027733025	0.363992607612177	0.0487592022125959	-0.18102714884162	-0.0298112711649437	0.272520337916751	-0.161429067697164	0.0329753851320059	-0.213751086163394	-0.112771572185182	-0.028900064918583	-0.103219813704525	0.0582478363773218	0.325870296224677	-0.0387835831106305	0.154314555629053	-0.0608360959561533	0.0894518744369253	-0.180821340187229	-0.149948313302707	-0.197408462316745	-0.198839999353526	-0.287695801735613	-0.196793497313913	-0.0552837900740762	0.132831299919835	0.116552919423699	0.00655278051328479	-0.00875988773905229
POTA	-0.186496551333114	-0.138367556889432	-0.198366122573946	-0.0116044730042584	-0.153528964560547	-0.180338561327842	-0.151314918089651	-0.0548217386888002	0.152141997725889	0.179329763492474	0.0229938992983324	0.0956654582957463	0.292773823509892	-0.144814205471111	-0.11844921343451	-0.26302524210894	0.243433325216252	-0.0353161662798805	-0.0719330900164214	-0.0387669811250803	0.00950118491999463	-0.160053979541484	0.0195217681681707	-0.25832288387956	-0.261871946063107	-0.165679911919691	0.177470123080793	-0.00623569965563179	-0.0504482704797715	0.0457162739119427	-0.207446518477228	0.217104879097369	0.104567482593919	0.334951475348919	-0.205634446510393	-0.0214229547675628	0.130447916720233	-0.0667182425597089
SODI	-0.132000457759993	0.124469372385622	-0.0627811173037916	0.296276091563199	0.287360121942728	-0.122976451878845	0.249815825498698	-0.096394396891414	0.077131622712058	-0.17387756128294	0.0601670017129592	0.0521455964212316	-0.0819452403801464	-0.13292148682195	-0.074580563948455	-0.0640320012496083	-0.0527798904766836	0.337657925246929	0.000719651132205332	0.180142854034606	0.138245118731784	-0.0734975414733811	0.330862584842654	-0.344545382808404	-0.0835485103249665	0.0911777785822394	-0.193813071509134	-0.0283858611107703	-0.190034676142923	0.154802066696126	0.184064794680443	0.180325161794249	-0.162031619070084	-0.0481527925399836	0.0846896962670502	-0.0402934174344542	0.0997084807061722	0.00165406741656974
ZINC	-0.225646499669416	0.0134564760301391	0.018356142892726	-0.257435193851254	0.20000696231023	-0.072113878983775	-0.152166063599652	-0.0812318740947512	-0.0670913388591012	0.0147074112327663	-0.175559245063	0.194861850656511	-0.200367684581074	-0.0535302311053805	0.254931400757015	0.194242656695459	0.0971257515094093	0.174732258080797	-0.245499961527864	-0.250252941125138	-0.0424776038300839	0.244212867028446	-0.119634440367277	0.133078900859628	-0.267315932619767	-0.0166621817785119	-0.11511885875239	0.291638152302257	-0.227958812276816	0.180116596973083	-0.083574545307507	0.0289945765564824	-0.153668692112953	0.140805541390008	0.1158183488373	0.0922805146545485	0.0640026121840654	0.00511595385220729
COPP	-0.0926816423733004	-0.277544151904944	-0.124073119910173	0.186808670014634	-0.0701797078596133	-0.131360803477153	0.116265205024411	0.044396413918767	0.115599683618481	-0.111817823063158	0.177161635934634	0.139565587750062	-0.27797831934783	-0.0578488251770575	0.0133926041541806	-0.193841462252596	-0.296976369932704	0.267139691288576	-0.0231648471237077	-0.0490871565335823	-0.103371516799563	0.0613104733135992	-0.386679323367773	0.108811773479294	0.129494800437337	0.209397891422829	-0.015400363898543	-0.014844956427823	0.226055857425605	0.237993459249665	-0.251234765026513	0.105872281696035	0.204669233043328	0.0130718268781872	-0.0744663165643932	-0.0351309531060063	-0.0231749074656774	0.0219903736712781
VC	0.0515454744333509	-0.271371800226897	-0.14730295710925	0.0278013976127243	-0.24230920844239	0.0490153513523522	-0.128450282147754	-0.1418408663823	-0.119024438586967	0.0521618178475736	-0.0764236702625498	-0.276594292368462	-0.01240131659738	-0.273741194418301	0.00333922912592643	0.107388495729695	0.238842516245077	0.300481083439425	0.287823549204945	0.170096775200565	-0.0307623768061506	-0.0644992582018386	0.148843717324958	0.280328013936027	0.0503515769718756	0.183909237984432	-0.30807255880467	-0.00169550817477738	-0.258059768643594	-0.0828556100957755	-0.186148619497878	-0.077398545089864	0.0651373469711976	0.0234700728017129	-0.0148055388433095	0.0141921594057241	0.0453498736271542	-0.00581575429973279
VB1	-0.161995841665378	-0.132684354315305	0.123805096334216	0.172591648307177	0.0422701088434054	-0.101758234088099	-0.044048986405995	-0.243408364074621	0.217967219809309	0.304601130636017	0.202090435915373	0.358644991433704	0.0804622230901919	-0.149944390907963	-0.313347430336672	0.405190084918606	-0.000631465734814405	-0.172537578405516	-0.0639354828726016	-0.0013395356969288	-0.0115352509154245	0.00288987055645401	-0.115131170541796	-0.0681434543894281	0.261389984755195	0.10223855525101	-0.141520533867707	0.100248243582846	-0.07634597201525	-0.183657649406268	0.0576313920353222	-0.133152845544455	0.0252950108199194	-0.0174165121583527	0.0927882009869328	0.0665476905611171	-0.0251094165817665	-0.0254842188103239
VB2	-0.244079941874224	0.0935737987427157	-0.0746459027306289	-0.231370839061139	0.0463019325958841	-0.0898549364929171	0.0458784623759664	0.262658993709065	0.0504828703565613	0.0668893800908222	0.0741137295227673	0.0678688940101104	0.0233871198696311	0.249527296860692	-0.136348667297789	0.178064999950384	-0.0340412303524918	0.0674697756826677	0.211322095183488	0.0713177938816308	0.14594903237925	-0.0785652506381614	0.265329477436379	0.255125301431071	0.236497815249319	0.164085889159934	0.0756238594948189	0.0608135149750175	0.110759121213022	0.0819117817575931	-0.0341024794833838	0.146205397506819	-0.147515745917319	0.423918565764174	-0.0647927552659335	-0.074012409938427	-0.0990081990747139	0.296428307767481
NIAC	-0.234540738041104	0.0915450109529665	-0.121235048034587	0.222830609967252	-0.0157354509208823	0.00341832233028417	-0.267010875041148	-0.146033135115789	0.069168882934649	-0.0259895723430906	-0.0469208514496448	-0.17966613267448	-0.0868972428222644	0.0420381341681414	-0.150887960941696	-0.212480839032636	-0.0193321972588157	0.147023196354562	-0.158563682627587	0.173708086572997	-0.0278184590702704	-0.01776048921805	-0.159166102250536	0.195101367199336	0.0233947120512353	-0.201585490216952	-0.0541793855612625	0.0548735242545028	0.268354015323765	-0.133090237605472	0.213077477593838	-0.306157460213757	-0.441306798315008	0.140515032174601	-0.134628943441773	0.0819949083808001	0.0708877345323584	-0.00697865344793217
VB6	-0.151599913111548	-0.18354114644053	-0.179879525498264	0.0207708473849799	0.0294880573531684	0.19587555012512	-0.375720439083591	0.079378298555306	0.191294643262271	0.00503097259735172	-0.0129512388746833	0.0518237111981929	-0.131486498909435	0.208205657029143	-0.0632015900737527	-0.0618475510469215	0.108236567736008	0.130167809329994	-0.146648877460535	-1.50426427985156e-05	0.150402373710977	-0.120530234787879	0.0307552264940665	0.0822684924405151	-0.0662987536279061	-0.0311795883465276	0.0897062074368652	-0.190298133351865	-0.0479491454867347	-0.19858835193167	0.0979583821193971	0.305264702195868	0.125031627659435	-0.280741817511162	0.400664133678055	0.0505489929183069	-0.222860242051514	0.13975526258408
FDFE	-0.101750839278803	-0.282982810632349	0.109932762223621	0.108824245160298	0.196492065043285	0.218966568647479	-0.0632205592925479	0.0712511707579374	-0.00512439605414657	-0.194369206469572	-0.0112723487631078	0.0325482054569073	-0.0839672681970139	0.228974070673245	-0.0768865118047519	-0.0289570262703765	-0.255674982395117	-0.0727119796281787	0.0645377744502407	0.0245105742139701	0.0374700806278339	-0.0458218563593932	0.170147759876265	0.161300931093669	0.0573123605233165	-0.218343704261285	0.0570556124211959	0.174034329390529	-0.255099018614355	-0.0740884139415181	0.0922501071075345	-0.04134547501527	0.327858056645625	0.192311624898074	-0.10955966625597	0.103074203199996	0.389682852753731	-0.258172633124033
FF	-0.0651439733338656	-0.313915493592155	-0.115440105367802	-0.111389718724758	0.0450708716375157	-0.105038405118284	0.176067483222391	-0.164478140796865	-0.0413560553872926	-0.0266471890748031	-0.149645296586777	0.124593681420339	0.10987733542619	-0.174177825998595	-0.0505630210813317	-0.0422552641398539	-0.341336839989951	-0.0944321471351179	0.293513890885003	-0.0999396400456903	0.279351271393849	-0.116314193312564	-0.00465015633524738	0.150968051699358	-0.216096492865852	-0.364072812990835	0.00171308843716337	0.0838381204491637	-0.0136997241686355	0.0145149771737967	0.0219817560537746	-0.11717573793421	-0.154073167062158	-0.179654299418233	0.0249034900801298	-0.19281567354425	-0.247154351663719	0.146757482125793
VB12	-0.125365468782549	0.0427150129841518	-0.250506776321325	0.0634981391533131	0.19983090733908	0.156880578175222	-0.0891377552313018	0.030673166929559	0.196681830715187	-0.409686037404798	0.14703433748605	-0.167370763466538	0.133712637827128	-0.152429775912805	0.146807650826908	0.205267668434097	0.163745840021224	-0.186145490376472	0.34237856192051	0.159295430475499	-0.0924727230867133	0.13051709341102	-0.336914806520258	-0.149802814439859	0.0841555971719963	-0.0866031866627439	0.182415453714862	0.0937619798021546	-0.108779395571411	0.101183968051788	-0.00254513047271548	-0.0135823138665572	-0.0176426207179108	0.0939565980087953	0.129747109550638	0.00128555828847479	-0.0615970390001937	0.0836875662349765
VARA	-0.101087882327067	-0.177829933107334	-0.0452335571466809	-0.264676045949535	0.29234479388017	0.135854041952007	0.073733208757862	-0.210749882210236	-0.254315130975237	0.120437770574494	-0.186821753213599	-0.0817444430380392	0.153057061911184	0.00327322780471719	-0.0148091055808435	-0.0856128932621191	-0.114537607889266	0.0572261750679657	0.00771611836610716	0.0118917367235849	-0.348816222434678	-0.157361344288078	-0.0142445028546953	-0.216535847604011	0.302082157620573	-0.122964347394828	-0.13824668655135	-0.186950098606579	0.217500074862417	0.0586432157493407	-0.0900362785383651	0.0813105707317503	-0.0201258155736806	0.121440744618015	0.281064635884717	0.213645253302233	0.058950108412747	0.0352482063666097
LZ	0.0291165718291096	-0.205716729567755	-0.130591114720739	-0.291610406922004	-0.00202720308118971	-0.155794512357166	0.15430553552414	0.245844649330154	0.0815024892736496	0.283280583365215	0.0597213809484112	-0.260156763735488	-0.0387646274217185	0.328958865551698	-0.11997278143952	-0.0216568407258754	-0.0628686561767215	0.127977896693362	-0.0540639864358801	0.273702117620982	-0.0922066107671192	0.015495961154455	-0.263633396607133	-0.277972446551101	-0.073813849393257	0.0208694460384573	-0.0502155051247149	0.220533360189831	-0.296612877783321	-0.0264686131437306	0.137988166533095	-0.15942991940341	-0.0283771925741848	-0.112704813112339	-0.0298328139942146	-0.0625682162145211	-0.0355929514650866	-0.0077604538386012
ACAR	0.0600699221928695	-0.130678795207936	-0.080947557585875	0.0605723527632803	0.3695656557754	0.123773121462738	0.245021768020165	0.249387082820965	-0.233086917083489	0.031436117505045	-0.199013906191487	0.099370634698677	-0.136442350962751	-0.304541799008252	-0.200513895838399	-0.254539690000998	0.330587345331055	-0.192241435021546	-0.203632458471673	0.0828476071332389	0.112027023353082	-0.0322161348163748	-0.144496145893646	0.15248889495044	0.116845345183412	0.177573056645071	0.127460850817798	0.0706312482900751	-0.0866641619810713	-0.158893149300865	0.0113077448638954	0.000529526113834607	-0.0470933078832842	0.0580935368195823	-0.0621451077104236	-0.0823636636241157	-0.0633323584189559	0.0442466335426631
CRYP	-0.0189943368352413	-0.0284334364814424	-0.0379193078956347	0.0500136717932662	-0.308807884928883	-0.286683553375828	-0.15647317476355	0.143217836204491	-0.409920097783269	-0.405332067864152	-0.229366883447401	0.0995165171412575	-0.189665802874131	0.0214436495845942	-0.293108490309448	0.272810674639216	-0.0084226133263993	-0.0729130013645399	-0.0314639735079556	-0.0228800623661615	-0.176231954068532	-0.243262704681413	-0.0866268852606139	-0.205382310987703	0.00952863343645241	-0.040720269081898	-0.0050475882226292	0.0555421329647685	-0.0144180632895902	-0.030441709482366	0.103829066640567	0.112927989141836	-0.0238284871590774	0.0270023115074524	0.019656195021739	-0.0435423107088212	-0.0280959407113495	0.00413004422285836
LYCO	-0.17678790948899	-0.0493341750242958	0.226728310340421	0.131232418352647	-0.0845107309267428	-0.00209241604037948	-0.0751099300344824	0.144740874344441	0.0381293194801725	-0.074423604472042	-0.233452809004253	0.386139110319069	0.312967060806717	0.173029990953835	0.268370268993609	-0.33871419625161	0.143549190467762	0.0781255709219655	0.250141393107861	0.0282207501499971	-0.20474819370685	-0.122995192327273	-0.00729424486782084	-0.0416333781829124	0.0681379708900334	0.227198200430519	-0.0905231272926149	0.22479908164166	-0.0326855565857324	-0.00776484401960774	0.118048427123773	-0.183137517080711	-0.0264361222617005	-0.110258993416466	0.0442636892264684	-0.00846356313820063	-0.104735212628098	0.0186752244749073
ATOC	-0.115571548412902	-0.178560967559321	-0.0646772373641276	0.0980054824203123	-0.256526910426348	0.261855826914722	0.198323977851734	0.246530003929602	-0.033614586646827	-0.128084528059736	-0.159336467494546	0.0752348893102421	0.301233702503854	0.0116228686119067	0.00274744601591047	0.171318010402445	0.00383809966964479	0.226348963588037	-0.265734943044996	-0.0014891040192066	0.16240149154179	0.473052834639393	0.067082025907884	-0.169451614231988	0.163213077225106	-0.20948151980146	-0.104610486685102	-0.0724811383161565	0.0628213922614255	-0.112311893383994	-0.106919763852467	-0.028728130390943	-0.0554956813336706	0.0459192389391012	-0.0462085891141392	-0.060687800015861	-0.0733638123038905	-0.0226160179904683
CHOLN	-0.160650235121193	0.125375614975035	-0.289735332464131	-0.116178590346448	0.0712760491749426	-0.0413585441278898	0.184302702471288	0.020757690094949	0.136125211319445	-0.0559619993431348	-0.212025099434392	0.036449636225924	-0.118772169770191	0.144849952722114	-0.158006593988209	0.0979346280141698	0.169066091700126	0.00616135583959432	0.24149398310618	-0.116920901510447	0.141698389367856	-0.00061918507635523	0.0551803411417825	-0.0832216843907323	-0.121699996701891	0.13954899316139	0.00375323762238414	0.120069538631391	0.348493926282295	-0.195660387177915	-0.275908867141745	-0.147106582459822	0.0471033053906572	-0.261159005541012	0.0321480795760191	0.181811831195378	0.209178424141666	-0.311621370560631
S140	-0.262782908817243	0.108807935239801	0.109039200611899	-0.155765937666307	-0.0902235066508804	0.13772872603383	-0.0366152136224898	-0.0567203990920783	-0.150898560082019	0.0872759716182949	0.163033690346579	-0.0437663630142432	-0.0729182412877924	-0.0937762266767755	0.0809154905181061	-0.101484781883447	-0.0785396606090245	0.0634894650071395	0.182470583428708	-0.112377819456233	0.0249363786684984	0.013290490104125	-0.128913898263945	-0.0475913574748911	0.276385585911309	-0.024042762144613	0.07797111061355	0.111246573190362	-0.132104222705697	-0.245846056877518	0.000588051677736842	0.450839740362177	-0.281755841412336	-0.206447567644189	-0.206143248103532	-0.17120200763729	0.00635734690683274	-0.339435107840429
S120	-0.177864550563265	0.012385014217875	0.14050545375589	-0.157749515368646	-0.104346021840547	0.291785119892082	0.00133796859924699	0.214454720028122	-0.109065406602435	-0.0159693338104882	0.376753547644529	-0.102192387336184	-0.0781353813119725	-0.307220854908785	-0.258046542781216	-0.135977185933994	0.0118102142784264	0.11065830991108	0.0985787786818118	-0.28616464256421	-0.0838629767730204	0.0252935083836724	0.119492493762329	-0.14060886312449	-0.2267757352655	0.0274303694404002	-0.0769434079078268	0.204891585779478	0.170792697826608	0.00349942198898006	0.214139895974277	-0.184027310771381	0.153933205752041	0.0738200674607394	0.124081419353422	0.107072020913959	-0.126501019792569	0.0689409383670152
M161	-0.250340641628233	0.162961745669457	-0.107636256982869	-0.0691204051051786	-0.109041661421566	0.0400995579805086	-0.118410944402779	-0.0191167172665758	-0.185216949806451	0.147903023039795	-0.164373949047886	0.0639732988529854	-0.0824449766087092	-0.111332593052972	0.0445992637818511	-0.0218888927924494	-0.118873385447667	0.0104337071762546	0.046433213903832	0.100222401836786	0.332484246202901	0.0136497305577885	-0.0578413881076681	-0.120854763935197	0.164009095794852	0.094098095529151	0.206657362122944	-0.244629107931333	-0.197771651096846	0.314931126313237	0.138186907845414	-0.237757997948211	0.183409616122633	-0.0495707238060281	-0.172545301310816	0.38090923931765	-0.17288292698002	-0.0968324603147005
VITD	-0.0920686853198884	0.0947925240699123	-0.350369326212672	0.0965921067450851	-0.0825785484657662	0.178555983250885	-0.00707376360547013	-0.0539576084047939	-0.0511651029111089	-0.00232954446437083	-0.016433535682176	-0.145315735212035	0.228678325063883	0.0383752161268614	0.0245600617637526	0.00454968462168283	-0.309256791777353	-0.172309021775039	-0.254124716890847	-0.183497354183938	-0.0161137402113128	-0.180067408669642	0.0508580615888038	0.0539888319338647	-0.041997207039707	0.395907177338745	0.00797791830104169	0.0794210797465711	-0.123119658248864	0.0692899130145653	-0.0306391150303067	-0.129852076219603	-0.06325530559922	0.133100929063915	0.254406609872085	-0.308697767902452	-0.0662676651564512	-0.282589265234614
M221	0.0144847941396333	0.0934273947665398	-0.14354536516452	0.291433890244061	0.178284297277424	-0.0781492092613155	-0.118131313964249	0.155082453049533	-0.465377296207053	0.30562363236465	0.246788449165758	0.170239982396438	0.0764785863822075	0.146023155893994	-0.0463777373275406	0.0691246522331019	0.108565650487726	0.118210901164505	0.195638759308037	0.130366210350069	-0.0872765433706761	0.167823826081878	-0.00228585126671292	0.121613891412933	-0.127483618923888	-0.226259618048842	0.0574200075848697	-0.0437247016382213	0.0848846633306599	0.164979913438398	-0.0714114210671418	-0.0452990918410425	0.0513227009669694	-0.0529979850167138	0.173291235604013	-0.183172625796077	-0.0438647589948031	-0.242630067553548
PFAT	-0.187290353233718	-0.0689612852979656	-0.0582129170378086	0.226997328715069	-0.16126163884864	0.141207593719652	0.278246531686287	0.0441501352111022	0.147104335936754	0.251928372640752	-0.201865456339946	-0.0439686877198288	-0.306404531662201	-0.0673786912293286	0.21238505919516	0.153925727085666	-0.0289633735166984	-0.218091030319851	0.0361203558470779	0.188887415486701	-0.377224604978473	-0.00601923172591087	0.194636430719064	0.0398052205209408	-0.185901129425558	-0.0897029192550503	0.0690909344665354	0.0607647213264393	0.0874742937063003	0.00451088041816735	0.115305763703745	0.177339083214081	-0.00445224954662024	0.0928863333708871	-0.0536100889666483	0.114648854642462	-0.274731244178604	-0.1187446274925
P226	-0.0431900107823734	0.116248205614773	-0.344392683820438	0.226890958983629	0.0540951273956638	0.0740354091389844	-0.0203506393197306	0.0033119904640748	-0.244912594110721	0.0896637288988629	0.103434731498459	-0.0184447457496227	0.149981834335542	0.105584335710601	0.063583537742963	-0.0102175108255273	-0.155494523236319	-0.155047813089041	-0.0349722645913321	-0.140701896255197	-0.0823032822827772	0.0411464407609642	0.0185882937185172	-0.0152131982281424	-0.0580972644933469	0.0551251811180466	-0.18050178116693	0.208199376498675	-0.079304913680939	-0.144800102184497	-0.0647622901377822	0.150477028038163	0.0514801954006481	-0.220871805631885	-0.30620157893031	0.296514523270913	0.101058581967383	0.48042293235294
B12_ADD	0.0391519166341105	-0.269576364202749	0.0820683923274164	0.0127467288251159	0.107253348395692	0.36362241017177	-0.227948484249197	0.195847332987716	0.0597110724832926	0.0404949284072993	0.0451540933456828	0.106649213582221	-0.124081704345051	0.0660799909160991	-0.0590176034372416	0.149826073292708	0.0129849005747279	-0.146037813140217	0.0649231814842345	-0.0483141311089328	-0.0337548576331751	-0.147511209680063	0.0329204166425006	-0.181379288859308	-0.156226851067067	0.124459730768807	-0.131426193122561	-0.267564345054529	0.0193602401632038	0.296635531490733	-0.187626111989107	-0.0961350887039072	-0.395253717066488	-0.128052568328167	-0.289918909443227	-0.0868205774921018	0.0990439607480858	0.00466339168103634
