Var	PC1	PC2	PC3	PC4	PC5	PC6	PC7	PC8	PC9	PC10	PC11	PC12	PC13	PC14	PC15	PC16	PC17	PC18	PC19	PC20	PC21	PC22	PC23	PC24	PC25	PC26	PC27	PC28	PC29	PC30	PC31	PC32	PC33	PC34	PC35	PC36	PC37	PC38	PC39
PHOS	-0.264561564169659	0.00506420878785997	-0.0468802005650465	0.00276605305706252	-0.0403499638355988	0.075954176480805	-0.0795352596862922	0.0174065541269979	-0.153813890037819	0.0284828117375035	-0.114438847322669	-0.0511180289327984	0.0881585344593762	-0.0913968886696324	-0.0639082035361387	0.199195442017856	0.0492099296022392	0.0183510632021455	0.0731062850593708	-0.0553491844263214	-0.0793424882871338	-0.144131097132332	0.0556833398187436	0.118302718240061	0.0099723723050753	-0.0889905777864149	-0.131251087314444	-0.143280294470669	0.184845366764267	0.105697820187864	0.0626943854712806	0.214875365105907	-0.464879716976394	-0.262842629166174	-0.13350906327078	0.536741107850484	0.156995250733658	0.0248562846907281	0.0274534075271728
CARB	-0.209154462679101	0.0589263982329795	-0.000582126227107703	-0.181738719440314	0.126861888819499	0.0909477295876059	-0.043540745931926	-0.248372076557483	-0.0415706614667061	0.0906866026676532	-0.0538482678981614	0.0319170131619532	-0.166918807501522	-0.006134265484246	0.00303232199378698	-0.00486817775154619	0.00570809634987274	0.0219367323167416	0.298244183239445	0.259191072580966	0.444290351782757	0.105812710338974	0.148025298198336	-0.451721350003882	-0.128700248475305	0.135304142918547	0.0922887399828669	0.275756463475011	-0.0706258526067827	0.142716440279154	-0.11481492650874	-0.0180110852646496	-0.0233546650461349	-0.153630460527044	-0.0706421733058145	0.0667109886501614	0.06149072951467	0.0553709107470144	-0.00863072240507423
FIBE	-0.189808427778385	0.1062698057767	0.0939359592320858	-0.25355136959783	0.17058147201738	0.165542521928255	0.0980379814426648	-0.150224894822799	-0.00380697212649361	0.0112080639522822	-0.0926575307383298	-0.218621482105632	-0.112589658981388	0.16293970961894	0.157136359286085	0.0375688202346827	-0.145000123931734	-0.211803545039392	-0.0932406037975623	-0.0723347969416312	-0.180714779303149	-0.214261960224983	-0.0262253082374173	0.0217157167413432	0.00156481693898179	-0.166493310298616	-0.214326272424367	-0.047494285578472	-0.392123721689483	-0.0153127180474168	-0.186973135613226	-0.0229507589096282	-0.0865702156300101	-0.281274820344757	0.132882954820552	-0.143967926560854	-0.280120868236954	-0.190507533741359	0.0659409479922501
TFAT	-0.220948523875819	-0.286218347371431	-0.0330271922701029	-0.0629333521374214	-0.0557668035731586	-0.0408478367994774	0.113871892483205	-0.0308712289587658	0.045374730984199	-0.0887677322943196	0.0137207067234955	-0.0258437010931212	-0.130213510984379	-0.0360357387766201	0.0191001760266204	0.00261720791473541	0.0814349297973276	0.0193982350652758	-0.0192958980998845	0.0200241881077659	-0.0181268579968723	0.0750529330051194	0.17131079935072	-0.0651347259989181	0.0340644632512526	0.0252032880153026	-0.0878322150424604	-0.119577120349108	-0.0613270849718444	-0.147458172060928	0.167760091283432	0.294076654793449	-0.0952009748919343	0.0319036140614242	0.255795984578842	-0.307314393434486	0.288098270784809	0.240561464959742	0.54221251731554
SFAT	-0.197380931700824	-0.280296355490771	-0.174333309812627	-0.0774706408752791	0.0720023893756684	-0.207991763404435	-0.0419729149959423	-0.00772001199062598	0.0122934482073991	-0.0298736357307667	0.0736272640173376	0.0093758255901491	-0.116780871002299	-0.0966152773545874	-0.0342854992239627	0.0358832934010265	0.0431727442519878	0.000462864002141475	0.00133320621703656	0.0227107519648611	0.0546305272825068	0.0784795607151493	-0.00839551620177338	0.0292393421650597	-0.00273758179158595	0.0361804058805734	-0.204073397587929	-0.138357031399833	-0.112178782894059	-0.170931566523232	0.00504447892051504	0.0560354137612899	-0.1114259107825	-0.0332412056844599	0.19803810137589	-0.155088231566826	0.157300482868912	-0.00184463011244335	-0.736725859666078
CHL	-0.185252221812166	-0.0702170769828929	0.162269494435743	0.0360345188917844	-0.221666092183527	-0.0136966814538385	-0.333867228538454	0.126846323311066	-0.0883548761579009	-0.0534374178239856	-0.0813178023536541	-0.0425308343641206	0.0358424593035967	-0.00195176997454755	-0.197023209737217	0.112194454468076	-0.0560637569434203	0.161959684413242	-0.29925291297015	0.0340515066534087	-0.0395246931094279	-0.0343473756242223	-0.155037891185756	-0.391683138593659	0.234104539951475	0.349011044307572	0.0687905282450166	-0.14871144255066	-0.00831000282737249	0.136271942608147	0.0307408741379676	-0.167225983656167	-0.0658584089389253	-0.0245715445363252	0.265744201684777	-0.0116310790471875	-0.151734420266792	-0.179427337776674	0.0475296726980875
ATOC	-0.232272157531599	0.092845896892302	-0.0354769882463861	0.0997730574445945	0.0212997344488603	0.10436313911892	0.212927665469318	0.118297065238091	-0.0558699352547784	-0.231649693630144	0.0649551066687682	-0.01267192871558	0.085131792506815	0.00639206006138535	0.0623342108363472	-0.154604756518481	0.157800802792353	0.15142010693796	-0.0567907416118623	-0.0505057993048072	-0.118450257755592	0.0654782332961521	0.238539533742813	-0.151061742533793	0.0357680226262654	0.271083655361902	-0.0356406053064488	0.0377426433905723	-0.190626546709311	-0.264838138075798	0.312785045585103	0.239673565517217	0.226731748125151	-0.100317067861752	-0.332577480700802	0.117865688822534	-0.211587800323014	-0.171689919375202	-0.0906721515409133
ATOA	-0.105855989686329	0.242743343525695	-0.209134689394141	0.308688575676865	0.0188175165900041	0.0416304497889551	0.082598331010596	0.136262276901839	-0.0696513991558494	-0.20052317295544	0.19157132646875	0.00766737745883357	0.258836420598656	-0.104151486888503	0.146875322958857	-0.18774126760743	0.0914706242840906	0.106372327555991	-0.00208358269876979	-0.105251276638429	-0.0628506163659105	0.0007937535062899	0.132842635383921	-0.144040912170631	-0.152293771228321	0.0547419362263356	-0.0687644305085294	-0.0716025376087725	-0.035246008398235	0.0725505478510646	-0.581577311031167	-0.0891967222091272	-0.0732364584073566	-0.0390277505746717	0.222614355816611	-0.0228821674699742	0.145115009297788	0.0773573404050492	0.0320219313730509
VARA	-0.0773444014878563	0.232964791180285	0.0252084872501694	0.0296908578970065	-0.0430089024092878	-0.0685696167906611	-0.356943043556659	0.342517585500497	0.260305795498387	0.155190309528898	-0.12339678570372	-0.13102327723433	-0.275032673293182	-0.142702025258201	-0.155162931773713	-0.253161989838227	0.0054400033279591	-0.00764745193809502	0.115023512373731	-0.102185757348864	-0.14149999508508	0.106071386701845	0.145875616979656	-0.0443215987753646	-0.376549076431829	-0.181824993067984	0.0237546730849532	0.0953470069483546	-0.127534571614138	-0.0207993113155393	0.119413033108544	0.116639686436539	-0.0719291684671491	0.144327882523445	0.160021675683855	0.0718942963199047	-0.0696619985783433	-0.0972262267661392	0.0104464181425626
ACAR	-0.0152093883860903	0.265252849164043	0.0811548909186137	0.187249866572397	0.0625102650752894	-0.24156465043824	0.104501848710474	-0.441900531556294	-0.0050668996369248	-0.201098876845547	-0.0740694462917149	0.00911121057958229	-0.244958478037841	-0.258835709188417	-0.24181158811197	0.0701737066719152	-0.124756123452844	0.0540167450407748	-0.0705593720590292	-0.0955556062709789	-0.194323810173486	0.159035122835036	0.020033328894167	-0.0813321978170832	0.0371733785893748	-0.0676911482091798	0.00568597119815928	-0.110136716166471	0.0419505167959832	0.0185772943807513	0.0203175096482916	-0.0208175268660798	0.0234625146997934	-0.048720849449023	0.00211577816301471	0.0442538461982471	-0.263119997985476	0.427255174274802	-0.0496432219687384
BCAR	-0.0302365216330853	0.239010649163895	0.261156786521172	0.0112516815275182	0.109958766670597	-0.429057910044783	0.325435424589539	0.0407197572380403	-0.0127998033833231	-0.0877227160628297	-0.0414965664339376	0.0139682652726698	-0.0952995263624239	-0.114916446755742	-0.034238090138719	0.181353049343673	-0.067776131814882	0.0167868272502156	-0.0197322859192375	-0.00861038003506607	0.0342566329930601	0.0610145123258638	-0.00581015945446724	0.0264911880720553	-0.0478861935633109	-0.00587248439205502	0.0800809087063814	-0.0282861680103189	0.0476172146447983	0.134725716392838	0.013211566374759	0.0405721231780322	0.0959388336472344	-0.0998338361912278	0.0498872050772056	-0.0286542072792204	0.38286057574207	-0.537694361616445	0.0531825560074149
CRYP	-0.0675319348049049	0.0648328629004894	0.221017943457581	-0.242137227007651	-0.162781711887196	-0.0302658408247228	-0.106178641743959	-0.145705909388043	0.281348098948422	-0.215915569186161	0.349647786754075	0.167519715387141	0.291792613174071	-0.0344839069570928	-0.207723528217179	0.0120275767665196	0.210058151636875	-0.285701957693734	0.225564904271443	-0.126094072560025	-0.131040689022705	-0.129940975770082	-0.105896874557749	-0.275502022557178	0.122952404973592	-0.217997185190349	-0.0323364853613854	0.0760205245889757	0.0582090966868571	-0.0782368259401746	-0.028116970346759	0.115793399882445	0.0205884857653571	0.0658637431950982	-0.0144262774122106	-0.0027848770590484	0.0397416458608892	-0.0568883701739632	-0.0381161356878831
LYCO	-0.0664772888770243	0.0617701333332884	0.00459069091613345	-0.26005521412097	0.178273069322131	-0.02746129915429	0.228722763698387	0.00992971724949488	-0.222191101939692	0.41174265317906	-0.163673495418671	0.354596335274057	0.13427268463121	0.116009423464382	-0.270995173417382	-0.272972781459647	0.308164175703978	0.165846118576032	-0.114234674712737	-0.157057082386606	-0.161871728802233	0.17914556847772	-0.218702602081419	-0.0591348246789618	-0.0196802003930752	-0.0279281385562368	-0.0186367938437393	-0.00449733587788828	-0.0480795805099382	0.0593143972478452	-0.0272648979702508	0.0224818826560124	-0.0444131769725756	-0.0111653924809682	0.0571815260437876	-0.0214065668263346	0.00662279431936984	0.0622124343636485	0.0116679517287067
LZ	-0.0129390625019173	0.0612207950770493	0.262923268158275	-0.1289689097434	0.0354896771910296	-0.359496154827173	0.234996318671267	0.487996626673078	0.0153529076127156	0.0311965949107755	0.011733782226365	-0.0419189634888687	0.0774163531738997	0.0908083389523328	0.0726636152557308	0.21863392653556	0.122451585734516	0.00799649024969198	0.000366413749536922	0.17307523215667	0.224996977532276	-0.212202023254165	0.070929970405318	-0.0975811113551927	-0.0575831616429006	-0.0588044741088125	-0.0240423816990284	-0.0989613868971638	-0.0219029802178443	-0.0626579388851055	-0.0632984000660417	-0.000484943047207309	-0.0824104015286106	0.0709885844088813	-0.0182894538603981	0.0354868958073487	-0.301250398795104	0.361136728346819	-0.0257657796327682
IRON	-0.236661676397605	0.122344793919618	-0.016891105244414	0.0591610492800514	0.105123055824114	0.108780854225194	0.00253713261998378	-0.00281260666597539	0.0376875363490253	0.0342779437149024	-0.135504523479473	-0.0232099293317585	0.0814753250556945	-0.0657329371841705	0.144986592758029	-0.154690360695578	-0.218951748266128	-0.179432712091008	-0.16780695495517	0.2311920387549	0.0649363250962028	-0.130212737403042	-0.39240657235976	-0.166570663489219	-0.0880667196742354	-0.0873780709923892	-0.11936962314239	-0.284519466237683	-0.00935958553602781	0.111245913805494	0.0696529627150191	0.232581745088173	0.339577056375451	0.280650678177527	-0.0594876254285369	0.142821199216795	0.200298494611433	0.133701144411776	-0.0477391189836594
VB2	-0.200912075758779	0.138328277561711	-0.158044437210703	0.0659872585616043	-0.227358681867705	-0.0588486995979515	-0.105716526912561	0.0730930430241012	0.187921429353342	0.257510186771008	-0.0339167385935563	-0.131495925549341	-0.0598957146542055	-0.0329207429115472	-0.0956858453720884	0.199079762524178	0.156599821866334	0.07693912999122	0.150722188121556	-0.0847041303170135	-0.0138430778895478	0.0419067470131999	-0.0834404351196301	0.0465201538891062	0.131636314585738	0.0112466135335382	-0.0668079458160817	-0.237871766434478	-0.154598458383273	0.118251720886601	-0.140575725681636	-0.130199484508067	0.115170443248377	-0.105617349567696	-0.52770804789047	-0.344957033889941	0.115947126059888	0.059166354062588	0.0512216109475754
NIAC	-0.192077000688236	0.00364766451043199	-0.138313942572234	0.138656611738489	-0.260425137752518	0.111787558767314	0.212097353903985	0.0476102569897453	0.213719348495532	0.255847037402712	-0.0675932017123767	0.128837518678489	0.067471802361881	0.0048373574044704	-0.0483004590392373	0.129941025892255	-0.157403904181805	-0.0359631074667233	0.0355325641006169	-0.138767281674414	0.167057445392032	-0.00180693189380318	-0.00798774609864624	0.00444414894987382	-0.09288625681457	-0.0558106592411188	-0.074048503881815	0.0687909225161867	0.41516870016514	-0.0992101819210513	0.0129897924210425	0.113414860257295	0.29331179029922	-0.345255523185523	0.290071479479945	-0.0604622775270359	-0.231331598635915	-0.0424742400547167	-0.0307004798210376
FDFE	-0.219191412707512	0.165753102681367	-0.025642122028473	0.0993239613430016	0.116243211782221	0.0355891714513054	0.0410188958616639	0.108718826809929	0.0881646265103487	-0.0883281917822453	-0.0583754790735603	0.150612445226683	-0.103451386724857	-0.153717881754033	0.0844287936408089	-0.346760459825902	0.0145586394344482	-0.136578590798045	-0.0476907633482415	0.314064943169639	0.0744497094856739	0.0247072735680197	-0.112465688595297	0.0539197971218573	0.294449038315392	-0.132300158812901	0.0856588795674319	0.0110030001396931	0.312905988704747	-0.194527912627029	0.054864786636233	-0.17871835888283	-0.386274177099924	-0.0549267801839005	-0.124337260966078	-0.248612156014294	-0.111932480771355	-0.12332416047687	0.0350414377217871
FF	-0.200573169675699	0.0604805714927099	0.199426536714508	-0.238096628318307	-0.0217969357712236	-0.000384099700227784	-0.0924848971873845	0.194708370660794	0.0869336095994985	-0.0911109491417042	0.0143477274614222	-0.0686658595160852	-0.225912050589433	0.200078122230727	0.0230282899731931	-0.152107678224936	-0.0398139003656328	-0.0704277490164153	-0.137730741358315	0.0113227376924544	-0.202803979816576	0.0953590362363943	0.0915976610714345	0.222383061858582	0.269233728205708	0.159131530228542	0.0190938029100011	0.264304106343489	0.171121278541025	0.0294540819715236	-0.207426388473864	-0.0595629610683665	0.280536427578452	-0.179075354176335	0.0116286415043686	0.168660783486965	0.265369554799016	0.287184271809658	-0.0805391982209394
B12A	-0.0996765891852101	0.154880357460283	-0.213915724792138	0.264540851868069	-0.146403935565404	-0.0499699298224852	0.265929837766255	-0.118625232976393	0.351853617845707	0.110565910360565	-0.0440984889394568	0.0416376969315125	-0.0850986804770208	0.285666054998569	0.0112433412320056	0.172246483511643	0.112637058679331	-0.0280114601869554	-0.0853960756507119	0.0875306933736519	-0.0536752122162844	-0.072666099297751	-0.103065869718512	0.000234416472102875	0.185418116067478	0.104406570784697	-0.0391865339879243	0.339141997807981	-0.247004458307441	0.0174168287449188	0.0677077610905091	-0.0492738630537573	-0.22113433127566	0.292449713355178	0.146410690501444	0.208079272138901	0.0765268530770299	0.00300667665484724	-0.0295117343409912
VC	-0.124819594513775	0.222576987361446	0.124525885720294	-0.168313378895287	-0.0145837326919887	0.0253675294136836	-0.145892205717009	-0.0730234686868527	0.220624703595948	-0.141734911424593	0.15129521516076	0.398292334066372	0.0188278167706047	0.027696269830013	0.254550112398951	-0.0655254242995123	-0.143007689041243	0.407127062253946	0.111556592574896	-0.162047532250503	0.226853115877672	-0.0805579694552025	-0.0842951300121238	0.31217176243695	-0.0417715614294886	0.128918140160892	-0.0690486376256443	-0.1391501146944	-0.144506004343746	0.157743472355341	0.20631943730364	-0.0530117609451414	-0.0662318156614219	-0.0237887194893091	0.0998536825196451	-0.0134620438809325	-0.0365137835196769	0.0715264866331544	0.0214383272573361
VD	-0.150178628062115	0.0642191937038592	0.156235223933732	0.314668218336693	0.136581539309171	-0.0238806140675302	-0.274734717604577	-0.113782978976007	-0.0726901921696967	0.0207193075599729	0.100860546424318	-0.0236044519144273	0.118681629728369	0.185137437993843	0.0564485485383203	0.11423394382064	0.356432944719589	-0.12669367243549	-0.278290902691202	-0.00557536550472631	0.211903298577943	0.0945815244658894	-0.0641937867700862	0.0974577168403606	-0.165370383652621	-0.247991915326189	0.214301931276529	0.0113956415046121	-0.142666382561111	-0.180463634586697	0.192807919866787	-0.167413545783372	0.107146686826044	-0.277058034271768	0.0859425171731808	0.0229711515636429	0.120575522210104	0.0951230737535891	0.0199520879777376
CALC	-0.194506988677039	0.116920435878627	-0.175415097923643	0.00521389489439453	0.275752074655052	-0.104528098028614	-0.149104120645522	-0.0191149107619271	-0.158308090308065	-0.0391440367000072	0.0457429350789605	-0.170905513010468	0.0633675466348789	0.0284291430210944	0.13492551463946	0.150479655837999	0.247178594861813	-0.11529794870564	0.17450148943431	-0.0425665133273796	-0.110086140908112	-0.0378796414416083	-0.0964546998698632	0.176390324556679	0.0548697540694771	0.186150230559099	0.191816961362862	0.157861724582183	0.211086688485504	0.37385987321254	0.0848940277512825	0.310164718839675	0.0471121812355371	0.140303675603277	0.139755704399952	-0.242131125753518	-0.236069482389697	-0.000935988871974172	-0.0321902314489269
MAGN	-0.236328748781486	0.121970918584008	0.00734573524971127	-0.0802994434464546	0.0520929618027949	0.133057193579007	0.131014081829839	-0.0173845261526179	-0.189886662237924	0.116451187792049	0.0348724735442123	-0.119758652879143	0.0580749143486654	0.0283254995332428	0.0294029971138461	0.0374377086097139	-0.0800451067855617	-0.0708628141578579	0.0792434996657307	-0.250222762111176	-0.0607883476225252	-0.157534645460656	0.351866447200154	-0.120148087853133	0.00320196906464564	-0.0781312485499105	-0.0527062691689107	-0.0572901056925348	0.185093635147662	0.0460369005460225	0.341272481816311	-0.51859218654516	0.0392110705136299	0.29667363342346	0.0648960388741013	-0.0724110207738346	0.150342297357984	0.0567309453922007	-0.0860390200910362
SODI	-0.208437356672677	-0.167320369490808	-0.0440154569325984	-0.0482049654546841	-0.0807988269689453	-0.0631865754660618	0.074211109770553	0.00350792194768532	0.0309738763968115	-0.149686045387424	-0.19003081611837	0.188203442935143	0.195644581233127	-0.137321456512077	-0.160180972613563	0.0438428103638508	-0.0622084563561448	-0.232909141944429	0.161609882567101	0.252000280285447	-0.270636837115796	-0.116377304900592	-0.086524240780323	0.224322319577948	-0.430355877959987	0.299996695819357	0.190253865160992	0.0528699017886278	-0.135783155648161	-0.0457708194833816	0.0244186399176497	-0.292828277823007	0.0292740292309402	-0.0744677975568904	-0.0226601129926928	-0.013209783810522	-0.010005592221352	0.0616643607172797	0.065156641387681
POTA	-0.234129779329517	0.0975910484076017	0.118811879265665	-0.138003050399259	-0.0870704519227324	0.0238808540392487	-0.0863997754504277	-0.186064049848905	-0.104626252787464	0.0533999743461384	-0.00533718791723936	0.012318472971484	-0.0738321556913833	0.0577417142224936	0.015105957909803	0.17231545558111	-0.0504263694766012	0.00475721382811708	-0.217023484665478	-0.201206365866611	0.140697218164523	0.0513439482778435	-0.0151173177193349	0.133323953136224	-0.231479612496799	0.176091557681454	0.100365949489682	0.0169908954497831	0.181995055714295	-0.439201818454774	-0.335493606337113	0.126633828007908	-0.115304310487443	0.404583086873118	-0.165742245187218	-0.0247542596753945	-0.0514681721220047	-0.103348456993757	0.0321190143028294
SELE	-0.214256378969545	-0.109547829224678	0.0641310157326206	0.0893363510539105	0.0561396364153404	0.0310652648303025	-0.0786906934197562	0.0337838158974738	-0.0830444652935982	-0.00897070729852446	-0.275923255628131	0.124783461733653	0.271123863322867	-0.241077151760732	-0.180529275574398	0.0661255543079138	-0.169412977701636	0.178789048064713	0.00717945676200331	0.0185002459691323	0.118237336138122	-0.112841528083348	0.248725158682202	0.182960787082938	0.334964380551392	-0.330129007107791	0.163039959603871	0.239440802728366	-0.268153233466185	0.00249790152302593	-0.151317195360486	0.114963955672573	0.148621331359012	0.166116085718919	0.0342250053433604	-0.050436080954726	-0.0173402825599684	-0.0160965326008545	-0.0328942862824184
CAFF	-0.015854731042111	0.0435287816638352	-0.0939189260692613	-0.139106493920645	-0.415427395148846	-0.248487098408595	0.0569392402572164	-0.242982784043587	-0.141901261941215	0.219290767301286	0.232138555895207	-0.166973658484208	-0.0452338141790221	-0.229233726214227	0.0251953818728162	-0.3631389584777	0.13608229013395	0.00683331824453937	-0.239972023041424	0.127904084637841	0.103703806277232	-0.390221326890501	0.119047668580208	0.137381345937915	-0.0166389113131586	0.00986353935174696	0.137353505900821	0.0329789556690795	-0.0510972588100063	0.103794469035017	0.0289677569806385	0.0490248918654657	0.0484908707085787	-0.0572673643703984	0.0258604855754297	0.044623989197226	-0.0379233221873702	-0.0254969507167016	-0.0080093929440111
THEO	-0.0848760938758894	-0.00921068869473393	-0.0400969871549197	-0.146642828874141	0.187285598003576	0.282241342080898	0.232215807189693	0.11760594149441	0.148570689643616	-0.0470791134390871	0.389628604662727	-0.412203603319105	0.0769895504963692	-0.223517880205152	-0.390508932218165	0.056268365096153	-0.0766636984509051	0.174667324497689	-0.124921346114029	0.0303206647453503	0.173379977159951	0.149517990878089	-0.244323364297457	0.159308314728934	-0.0603059002098637	0.000457548165215683	0.0675031974478027	0.0932196027080266	-0.0409598419672843	0.0425410826794638	0.0514553374227491	-0.07669570730876	-0.0626675547293159	0.013092378197123	0.0309825576120242	0.0414655968327097	-0.0146141055877214	0.0339283313376398	0.045841313914278
ALCO	-0.0540048323524939	0.0322627653236712	-0.0578526898260566	0.159445572289824	-0.210411504063472	0.121856843237875	0.0832627132291127	0.250151495450382	-0.461040416658764	-0.185671418928084	0.207271695219301	0.261601057378515	-0.396394303547653	0.108033266529697	-0.226828089285528	0.0043689372480031	-0.116568409884154	-0.251460990472711	0.100380278921238	-0.185593323490614	0.166839513581628	-0.104534364336857	-0.185684504802922	0.032718789398353	0.000601369931679283	-0.0749197203731453	0.0315352344225764	0.077782324645664	-0.17496342723717	0.0954164434651587	0.023952570116231	0.0700144574875353	-0.0114740936656307	0.00982029360631535	-0.0380922083987357	-0.0559780724305794	0.00495646601227369	0.0400163995780977	-0.00101500245295984
MOIS	-0.12076318716549	0.142310959853491	0.0350863833556678	-0.0278078425574391	-0.326353195437443	-0.178793678442192	-0.031603644124163	-0.0472549491431633	-0.291293057153132	0.0568917090603487	0.159849534031103	-0.158990322952303	0.277163357191265	0.264342273468768	0.0689439142042993	-0.0374551290248231	-0.298319827417996	0.0778528000471907	0.201330499189383	0.298493171620569	-0.120441767726653	0.467030678774007	-0.0532059500026191	0.0694153313820705	0.00119819876746628	-0.164452010325904	-0.109627758259346	0.0470399132290125	-0.0515315083815399	-0.0453073078816363	0.0783117751882243	0.0291510497418109	-0.0660905787044617	0.0314078111764047	0.0473391209128546	-0.0290500712061725	-0.0572312653971591	-0.00558731619053798	0.00295145014407895
S140	-0.148808708366144	-0.159083125900047	-0.267054172155679	-0.0175537264168705	0.221171664705575	-0.334152101311547	-0.160750790008711	-0.0108448255349833	-0.0712531527612768	-0.00517107337011954	0.146660745284143	0.0540077133897287	-0.115673443169334	-0.0610784272025328	-0.0484791968147844	-0.0221410542590216	0.0828768940461329	0.00715707936887282	0.128838023855539	0.00511535637052275	0.0916036143560407	0.00601184047716971	-0.0903774827792938	0.0725658053764591	0.115251984923708	-0.0383691448834002	-0.385122962933203	0.0190142732779223	0.0277801526940228	-0.14245255828415	-0.0784561911108253	-0.259400779904392	0.263377380586504	0.0974752292583354	0.0278343785198728	0.317617429562551	-0.181399296240401	-0.167068600596024	0.316566552086959
S120	-0.0846309516057236	-0.110940082884173	-0.265899679554647	0.0271819663627618	0.232601544544683	-0.263648139102876	-0.0675185809577922	-0.0301861697493141	0.166904481337091	-0.0530910661980895	0.136887938836789	0.0300952354549076	0.0765518466783748	0.498981897924036	-0.278231510195596	-0.156167271178213	-0.355547200638815	0.0719649301458225	-0.130855577914681	-0.0551594715839607	-0.00610848644757149	-0.189382740013406	0.157253289481208	-0.0971341362658965	-0.0890510350311022	-0.0752174889051104	0.243150267344053	-0.105050103353229	0.0885040889256264	0.0772510834499234	-0.0109493207919097	0.0824930847683997	-0.0763172974138295	-0.0739762195267205	-0.178876051974351	-0.0491378585017447	0.00736019819650496	-0.0165572251435974	0.0266100227678265
M161	-0.148227800025769	-0.307375728831578	-0.052004103890421	-0.0596589143371967	-0.0885664812851046	-0.174699670154555	0.0404550397875107	0.0748729874537761	0.0364522055525079	-0.0825607710992359	0.00849674877949477	0.0334226489052444	0.020375241898642	-0.187815373368905	0.386114393991251	0.0326189547021268	-0.106365068790498	0.0621757547314245	-0.268951310578122	-0.287967698720443	-0.089773370238738	0.137601073622638	-0.197753512141422	-0.211493869210833	-0.159576211078351	-0.218798603876967	0.00858526350053222	0.390181107806605	0.0201802222983684	0.214172996996215	0.0490436980630039	-0.08883908584886	-0.10181966148333	-0.0304685923038863	-0.237628778861442	-0.0286717758154065	-0.0409917933232621	0.0503597249749755	0.0144299964976016
M201	-0.15906521156746	-0.270478463186273	0.195127583182357	0.0953012041426052	-0.0525329483782534	0.0699167960086472	0.132674153977761	-0.0431220622002629	0.170748446834778	0.0601247891081277	0.109059003413246	0.112809299481796	-0.0247934092629612	0.0316786195023834	0.0140127153806834	-0.104354285687122	0.085846719425306	-0.322210269530646	-0.0885597886141258	-0.0108564902250957	0.112019974391728	0.376927515873537	0.28768995203086	0.142048359834635	0.0204571906971041	0.0125344400954134	0.0481016709887043	-0.305471120108671	-0.0541712488793582	0.399342568633901	-0.111367830040337	-0.0141553059587288	-0.0293133411815205	0.157890060514712	-0.0341843276748114	0.151166993579432	-0.215593630371687	-0.11322203672098	-0.0118254222832861
M221	-0.0552104211237809	-0.181102613961307	0.274440801099829	0.229069160520223	-0.00508711548404395	-0.166183257196026	0.0967306858299491	-0.0732224428950178	0.0232477833290056	0.0124434851970831	-0.212753402262724	-0.34482846757019	0.121391715957385	0.0752473630727403	0.00236493137382554	-0.381234729144775	-0.052451958419393	-0.0542448507913565	0.347172177083992	-0.388669853345823	0.211127195360318	-0.0591740334218233	-0.250198394345368	0.0334957729130914	0.10187392491047	0.187082452482161	0.0450514395403541	0.0166260290145338	-0.0432580911203233	-0.0976485733581837	-0.00713651758191065	-0.0209659843518114	-0.0877933474321336	-0.0281226873697557	0.0134977292809044	0.0461668495933529	0.0190597488357508	0.0593915664198139	-0.0049591916396404
P183	-0.165415006724756	-0.217076164725317	0.0750816873564814	0.0202350886966065	-0.1271103464204	0.140301843895928	0.146866715593258	-0.0715286078574626	0.00142574221294989	-0.189015384154919	-0.0484737495335111	-0.0903749546910512	-0.281682103854793	0.193275777575113	0.0677837467704386	-0.0146916421047025	0.251865081740877	0.433480927168717	0.221586050943626	0.145922364192771	-0.177802222158895	-0.11065802193369	-0.141360394657357	-0.0246628076987552	-0.097793561475978	-0.327407363336825	0.263654767789154	-0.158075318176225	0.131037050499793	0.0139358865882029	-0.118932315213384	-0.0759338663084715	0.125285056391276	0.0984752479360388	0.0606574796355145	0.0809930297051905	-0.0611288569978023	-0.103817766073	-0.0656858203964788
P184	-0.0699898120192157	-0.112934958374908	0.183894755469867	0.198819078137237	0.205249470773275	0.0119376887719593	-0.00550854347789206	0.0336149856085549	-0.0142800742440848	0.480088907075679	0.429875329060901	0.134539995576021	-0.110546753474895	-0.175611228017704	0.196532675379845	0.0900693136282026	-0.221490145895497	0.0303286851834885	0.170243899781119	0.027617106567468	-0.302399015251966	-0.0793596058927172	-0.0452379657781691	-0.0927900501601418	0.114319913011321	0.100439542567578	0.27696314479696	-0.0409005685525309	-0.0935169114648984	-0.1668933013914	-0.0422864544117652	0.0509435983451048	-0.0178133014227536	-0.0463687445086302	0.0162968243082182	0.0855591869741287	0.0124453662446755	0.0335366018271172	0.0146090972468647
P226	-0.0489816645843828	-0.128655034421426	0.398342271688587	0.327521464001937	0.0794872501162205	0.0599069705417089	-0.0511985993765423	-0.0901746699084543	-0.0263395979374832	0.0781987480831577	0.116387639941267	0.0314533991747842	-0.0189033051275415	0.0742545817035443	-0.17994896579337	-0.0605077885337171	0.0362819381226082	0.162247859282097	-0.0667038982253844	0.192988866376765	-0.0833422464471749	-0.208951124136039	0.0578268485973619	0.0689085211629822	-0.210237316681264	0.0520648847985966	-0.517862678490801	0.253279990013285	0.145775614209452	0.168271460693771	-0.0152256096895989	0.050652129879111	-0.0307158202648595	0.0402239209522547	-0.137409638422517	-0.220981318514224	0.0014159309256922	-0.0211568992846767	-0.0286129781280246
