Var	PC1	PC2	PC3	PC4	PC5	PC6	PC7	PC8	PC9	PC10	PC11	PC12	PC13	PC14	PC15	PC16	PC17	PC18	PC19	PC20	PC21	PC22	PC23	PC24	PC25	PC26	PC27	PC28	PC29	PC30	PC31	PC32	PC33
SODI	0.250779251274787	0.0105755958796804	-0.045812432699754	0.164562858175396	-0.154071844773484	0.20394261793956	-0.0849800166054691	0.114204728313502	0.0329702021346651	-0.0544550377489691	-0.0461725626916666	0.140298267425391	0.098956111105814	-0.247535061504141	-0.167100547568913	0.124075632458551	0.109661954063998	-0.120645098622376	-0.000157578383335686	-0.118471221156862	0.0286757106894106	0.22445961683179	0.124546183129462	-0.125355024318847	-0.22651375503097	-0.110952651972222	-0.0112389311567097	0.420702081823485	0.371277406629017	-0.423840216773095	-0.0182596403264993	-0.00328598091949509	-0.0189294286975846
CARB	0.21399025241306	0.133917150243286	-0.192640836254317	0.00658111652472525	-0.19869113786004	0.22150465504135	-0.00086279927403359	-0.173631029292752	-0.152802199508138	-0.02278810572925	0.0531202253907466	0.0141717869261081	-0.034451363169999	-0.238816582787171	0.153713692833149	0.105203231398203	-0.00837600918062892	0.0801410882438199	0.0319412088440252	-0.25466119573432	0.170638622463203	-0.343129670982334	-0.482508053472357	0.296723524928236	0.0911322892479451	-0.181524783095621	0.121130074372547	0.161420938423421	-0.0827973365174917	0.0999427434735836	0.145704069448436	-0.0137740262854696	0.0171673397954014
FF	0.208372926585016	0.15118100826903	0.133824144950572	0.0785017773137461	-0.0694982736405074	0.0540629975294619	0.145597098588971	-0.117959910643448	0.0245021369916707	-0.230542342653113	-0.184702999819709	-0.290337797548855	-0.215583202711881	0.157259832972381	-0.129843231581157	-0.312349431471562	0.011192179723198	-0.355583685497015	-0.190637035440708	0.141520542970682	-0.0420582312917113	0.0468331874295322	0.106971072558604	0.239323365286529	0.135130769595818	-0.0879649928068247	-0.251125971832413	0.278876284260041	-0.226402036133907	-0.0187312217325298	0.173387612381751	0.0692243549977044	0.00913499840826028
TFAT	0.253389858547089	0.136040834065412	-0.100034567482419	0.251550957889087	0.0927180573942183	-0.0481519396134735	0.0517667355396461	0.0571795340145036	0.077341445267931	0.124362781011537	0.109192734771323	0.0785431567990429	0.0431608495675989	-0.101106547502326	0.0082956251547868	0.10162518805698	-0.0117278922784	0.0983863556123439	0.119108840451662	0.0780934216280871	-0.0942330214117684	0.135930030294268	0.0903147616921701	0.10028518705492	0.227187044109328	-0.0595768315996198	-0.120748658004594	-0.210963536726169	0.138261771694827	0.113568940964592	0.207990090849694	0.707001674550146	0.00818909091210712
PFAT	0.202008352824041	0.174051452075575	0.0790840194357431	0.325888771821697	0.0180696859888249	-0.179916593365572	0.16896582714	0.0598538076021102	0.122890239390438	0.113765299972673	0.157333567979573	-0.0332440986827679	0.033144812485073	-0.160522493393552	0.0641171206408916	0.0360491944361324	-0.0355096703683231	-0.000389015926721612	0.142544333463756	-0.00250834643139677	0.267125123550542	0.0427038750633182	0.131338541229822	0.069025445930491	-0.342324098283266	-0.220564321539171	-0.0360111580620601	-0.261858594616539	-0.477638606901824	-0.196072889310438	-0.104259842597845	-0.188284809172082	0.0068311936617013
CHL	0.227920268629282	-0.14145498398018	0.03591612176166	0.195603119702604	0.00485920308418738	0.155779413617066	-0.114445799969762	-0.00674996794991679	-0.0672791911391821	0.0765311208608043	0.166002951892074	0.176266099804174	-0.033211164980909	-0.0333031997283307	-0.301153449861192	-0.103107868181884	-0.287044114268903	-0.170817939394125	-0.155687223326396	0.0475469985107383	0.267105451654392	0.366566201106054	-0.0605809692732693	-0.0214271606152448	0.289285218247454	0.0864407031869276	0.307374751037448	-0.0811251806450271	-0.0267282181616292	0.301553150352818	-0.102369665063194	-0.190385405451133	0.000443062038093351
ATOC	0.176967758252117	0.130287410345879	0.252480269393723	-0.0740550268155767	0.036162962415812	-0.350360942128699	-0.18079977943797	-0.111266429083601	-0.0854993721733753	0.199877987257686	-0.0244483743252027	-0.00448980929826404	0.0782396946677295	0.0192686120448115	-0.00522790010880706	0.180980153967251	0.175382557104716	0.166576513829079	-0.494157677905443	-0.272445483392869	0.00692229390780911	0.0732976781786703	0.11787197951765	0.209865205827922	0.0920925011867048	-0.159484694771879	-0.223067783801806	-0.0650751470077348	0.209861039394354	0.113271180943241	-0.0171726981181807	-0.202009390959393	0.00517762731363832
RET	0.20350023992132	0.0305901320492923	-0.126636516994787	-0.257807254476773	0.239744575656746	-0.265575552332353	-0.230773457350111	-0.00812623273326884	-0.00241090091461891	-0.00845230410353419	-0.0107588789923156	0.258063074760442	-0.0771072608752638	0.183771003124061	-0.0286877057757846	-0.0508331686246472	0.0819713060196294	0.0222701650986355	-0.00555417122394498	-0.0248365276287687	0.00169879110835425	0.203379996547409	-0.312771355283433	-0.0676196502005336	-0.0274776185494041	0.0316430798851389	0.0305276647334406	0.153388124062693	-0.315370579403472	-0.21748691377319	-0.00596708333364416	0.155460609704079	-0.484870966028837
VARA	0.180333576518002	0.152534270612019	0.213878119198494	-0.180312564462992	0.325737926613354	0.162062419910259	-0.287540652374511	0.0626924755955925	0.100580234653753	0.012911232811323	0.00685263476992181	0.129255104188219	0.141420345604122	0.0777392470632331	0.18397938808196	-0.124474251670664	-0.0919969974251799	0.0281322565229531	-0.0077229083500153	0.0601966948728801	-0.0460059889037077	0.0550276367097014	-0.148484349063447	0.0102940096053106	-0.10673191254527	0.0412768661740589	0.00914357848108973	0.0981915999027792	-0.110903760959254	-0.0744836806842913	-0.0211156027323565	0.0649246668144326	0.677487570419171
BCAR	0.0429562311148926	0.172323824061355	0.402439201731247	0.00667433943314803	0.196303113741636	0.444037839085243	-0.139263897391897	0.0947965929606725	0.0984941535859021	0.0130791928810842	0.000622677631118743	-0.0855576365053342	0.226298507957542	-0.0722202892449001	0.242403547986001	-0.0828199541048298	-0.156540700460071	0.0481997193803584	0.00240535940154444	0.115209915660452	-0.0458505052643989	-0.101199755922921	0.0641183965891055	0.0771727739860398	-0.0843086221066797	-0.0128726224353975	-0.0156835680570047	-0.0268814724126061	0.103236412523659	0.127248558564242	0.0138735705439137	-0.0569721262535222	-0.549623256757972
CRYP	0.0240349063270358	0.0462489888697707	0.150509944972642	-0.0424730162961414	-0.295227018531369	0.153447286229009	0.0179403345046186	-0.282727026144553	0.516735266982359	0.271418081432684	0.141915792010742	0.216216828517013	-0.457124858816813	0.195586625232515	0.0352638035925393	0.102207081917552	-0.167775289671172	0.0334866716153197	-0.0137537375843156	-0.137425897119405	-0.224137014311753	-0.0172543851274308	0.0208186997811004	-0.094771371334072	-0.0782867610262257	-0.0182760915515467	0.00033258743380179	0.0172415467793092	-0.00190297000771881	-0.00115951008434018	-0.00911187927625813	0.00667706819394358	-0.0140276048567863
LYCO	0.107808335321412	0.134617120134943	0.0129335332619339	-0.148615248836258	-0.461003789160432	0.13539881653623	0.147070730231858	0.0557351238221811	-0.0622932998757888	0.0385760641791882	0.135423980542992	-0.00474123520521027	0.23255006851262	0.424497131963117	0.204550420130547	0.140711906889948	0.302217021183911	0.148910038289016	0.000463235601216394	0.344950467268788	0.246769203210039	0.255749046315791	-0.0297202499145009	0.012165763314697	-0.00689759825505272	0.0837467579838657	0.0290520145402031	0.0333348342338708	-0.0109974438684061	0.0488315148098169	0.0333006105633463	-0.0114624899825196	0.0127724287895577
LZ	0.031170396051491	0.0922294253176295	0.403231268365188	-0.0706045546052478	0.198919370367991	0.215565235834587	0.202988616785205	0.0969244778867556	-0.155963500245836	-0.0388441506303353	-0.130001015759435	-0.123440566158471	-0.358333850957302	-0.153800781854029	-0.263474882182688	0.387258552623832	0.331234635509531	0.155021307283814	0.0741427823349065	0.00914127655842029	0.00319139626521515	0.0704309537057857	-0.134559461627491	-0.218643415361368	0.110893773058621	0.0470635864553455	0.0806919122521953	-0.0454463805616904	-0.145341606901132	0.00989861511217968	-0.00648275254609507	0.0264759897027386	0.0402936006259916
IRON	0.261467340931579	-0.0265756966764277	-0.0656217005199608	-0.189669665598088	-0.102332846013978	0.0718531615698642	0.1216138023814	0.113114564057418	0.0745981204824213	-0.00207652128579995	0.0572355593206219	-0.123267230805763	0.0927728451321124	-0.151959895848094	-0.0464854239995726	0.0168604345123489	-0.0100844863320778	-0.0590305220659826	0.0465984947484486	-0.292860934091676	-0.175845400817755	0.0812479418019338	0.012531088845478	0.2555893637762	-0.015905647174905	0.714941365950652	-0.135586562487653	-0.193314179838359	-0.0707560864062733	-0.114738954429482	0.0149992626530967	-0.0941428614831896	-0.0174871380519593
CALC	0.229877757309912	0.109527517094679	-0.108456309975299	-0.108684569678234	0.107730630594188	-0.00660203828324905	-0.222628502728985	-0.0296262627105955	0.0879932126875668	-0.180958911683565	0.0271471525719565	0.000131376443493229	-0.18446317807224	0.210363012599662	-0.32471155503283	-0.0723219900895106	0.240502504402218	-0.00664769696467918	0.230823326471374	-0.0193563964519515	0.255686102534941	-0.276996047666719	0.213815451323096	0.143523641234159	-0.356516636408152	0.0609513033911187	0.109751485169406	-0.0961108793237657	0.219505370277242	0.302747062143462	-0.0731213435592928	0.0451459301183957	-0.00614871817172635
NIAC	0.264806080863589	-0.0610248390581541	-0.0155000381067241	-0.0599171044931126	-0.198414236280819	-0.0268380178829044	-0.0315018798181442	0.0448481241335358	-0.0444369926308551	-0.218650797493728	0.0322063182390698	0.111545095155602	0.124485109008325	-0.155645166311236	0.030230682989778	0.0338782297585411	-0.0711937724852201	-0.0344975851072059	-0.110847691654811	-0.0296780626711017	-0.0373417154108247	-0.170266418865172	0.0075773975409659	-0.581803621384621	-0.0969820558845567	0.0182892565778354	-0.418577035396753	0.0359334547294487	-0.191405702746354	0.396766529226235	-0.0574578011958285	0.047129840587214	0.000506306589996623
FDFE	0.22312735590371	0.0178258768494202	-0.0278519656596489	-0.278413909615292	-0.129403907248205	-0.0658028374599303	0.129547033733709	0.0275114005944707	0.131563559815761	-0.255487906265934	-0.164561229077286	-0.152470622296366	0.049689790602902	-0.124649120452398	0.179739705739503	-0.1443900322721	0.0913325442869453	-0.105753271852122	-0.0503065852228291	-0.130729803438184	-0.299854340946828	0.22253889315683	0.00576642026506209	-0.0869210943320579	-0.043577814817009	-0.331323689266257	0.476571294332053	-0.29304696918195	0.0631773421836762	0.0860772331593266	-0.0768648946137139	0.0276109730489046	0.00247384363206129
VB12	0.201264801897546	-0.298208102031662	-0.00838151700606568	-0.229185539156437	0.143263821223479	0.0035807842486711	0.0955525886502687	-0.0644913860079713	0.0229363664512802	0.0974168726322294	0.0596887709342787	-0.0765846248919329	0.162029938370666	0.107899961862509	-0.170366233284848	0.137995330146349	-0.169658874165395	0.068369315661427	0.104866322536106	0.031663095633098	-0.00271700067791062	-0.0613952369092519	0.147650763437248	-0.0999891008119833	-0.0362902245673548	-0.158980553493499	0.0611044535033505	-0.00131759065822619	-0.0312833487323887	-0.0548964883275179	0.722380155016271	-0.20350573208119	0.0115442592823726
B12A	0.101751811678511	-0.0365767742905733	-0.0269629394050377	-0.488328100880275	0.0881654453348114	-0.142302312603673	0.257815071587655	0.00948196963094742	0.0734890179220891	-0.0460902921105915	0.0230643909809477	-0.0278622257774131	-0.18935914407871	-0.249210140518066	0.109777670484467	0.157134417493371	-0.382157145771704	0.0481773238893925	0.0627678324014194	0.265283483219849	0.303846135230794	0.0473772499187331	0.104308389256055	0.149969751860871	0.0732163487293578	-0.0690115651452907	-0.138412933016219	0.154745501897993	0.183976450642592	-0.0190236998297824	-0.26783714975829	0.034252707075122	-0.00568564446617448
VC	0.0739364149921809	0.101572291715761	0.199846502578155	-0.0658225136938094	-0.329536412219963	-0.177272788276363	-0.22699720785813	-0.226506739663161	-0.290928826506907	0.316458633001546	-0.357279026430362	-0.0464943543571017	0.0241512926415611	-0.211537812340013	-0.0932870170265093	-0.221365498045175	-0.129980894892795	0.216034753349424	0.337363960189845	0.107247871990634	-0.0714518571653686	0.037764929270785	0.159846904819984	-0.0294044352320438	-0.0322599105167697	0.109009160522258	0.131365894605277	0.11337388855202	-0.0961108988932097	0.037768974412651	0.00564583026483848	0.0623357517381106	0.00379492073567411
POTA	0.266559250260935	0.0761757462142517	0.134085505713052	-0.00817738286532921	-0.0838434172322907	0.00288352015948361	-0.0241422492995463	-0.136502067068546	-0.189425896512145	-0.0757835090178827	0.0161420734858179	0.0884094247330133	0.0234800241008112	0.192177097603659	-0.0608982538837421	-0.0460314511466181	-0.0986906712162285	-0.13787345011913	0.0276921235101599	0.127275625297139	0.0235565995375457	-0.38842839014822	-0.0595623915702842	-0.184841505327707	0.298012863117523	-0.0159792908451364	-0.0282352572659056	-0.398726545631805	0.19727073519477	-0.491080281031086	-0.143504786663348	-0.0369989850685137	-0.00923580052718246
ZINC	0.133206697280593	-0.359445945372588	0.017114618853169	-0.0010477447936167	0.0422637714005148	0.126887888559597	0.0925008267814312	-0.187207606138886	0.0492835774944558	0.131611158705458	0.109199873197184	-0.278819567323604	0.342124347063075	0.158580344420104	-0.312172061168043	0.100709998311839	-0.0116997562557028	0.158720471764678	-0.0450209711925167	-0.00505925918966109	-0.20249262249414	-0.121554562477965	-0.0345210180150751	0.118311805665323	-0.0431865413383897	-0.145848263847252	0.038741565139929	0.157334382865257	-0.168990789861136	-0.0163303327881029	-0.460463152486797	0.208442879718776	-0.00488476575959117
CAFF	-0.0181799766012069	0.121841545034098	0.045946161207541	0.0165286640719399	0.230677175484724	0.088564917885689	0.419631669299022	-0.473254787691114	-0.40889445326885	-0.130813665199582	0.0755291714081111	0.357323558325294	0.0817083042758865	0.126488596659622	0.117271217284358	-0.00705201668319785	-0.0519236354802721	-0.0631349881767337	0.0689555254330874	-0.200597625939471	-0.0985860918330209	0.136385142885925	0.189055864239495	0.0183709593186604	-0.182073370632846	0.0638361681407722	0.0260231742318596	0.0583148243906413	0.0328174842536759	0.0775497025587223	-0.0429286749326578	0.0280556191028869	-0.00729161913635484
THEO	0.0906173899021745	0.114095722919763	-0.264411961797527	-0.0915553768988951	0.109308023104752	0.11344012588661	-0.117359753557731	-0.000871010984942004	-0.334925160524273	0.356926506131449	0.391321358022061	-0.376416892247429	-0.268087379879107	-0.0615582441682649	0.185818609836495	-0.0559770483410103	0.043714577214664	-0.128937852365318	-0.238464338183074	0.0738082138748678	-0.0843613609713613	-0.0428673252527341	0.182414115978169	-0.216968998810822	-0.123009724536352	0.0496281730121415	0.128203356752286	0.0507157222759646	-0.00717354226072551	-0.0570332658255663	-0.013425049342643	0.0619715015531841	-0.00930957183064489
ALCO	0.138601838541651	-0.199790253487409	-0.102047305237234	0.274271045523027	0.0102676336160333	0.0598716753984033	-0.115998743834771	-0.150273775022194	-0.093538781376015	-0.361619636777919	-0.124857646219344	-0.182414611792979	-0.255930773710253	0.082440177707675	0.136468580170241	-0.00183368322330621	-0.221766427637694	0.545919813011862	-0.193925340672827	0.112602353271523	-0.010383475045271	0.171535712786604	-0.0834340435661781	0.00791629065813703	-0.223983958150176	0.107008903134898	-0.0438788687842131	-0.129373344697207	0.0839170480050671	-0.112318096392713	0.0418228124861052	-0.0205067781707034	0.0062785553131648
S140	0.180138224057165	0.126601390594951	-0.393829659825106	0.062862204849685	0.187026016135008	0.159082024505842	-0.0316212758624886	-0.0348515627884119	0.0418498751867673	0.113723186455978	-0.123779349348294	0.00345901382937348	-0.0483736187390727	0.0542428188516187	0.0425325058105634	-0.00422132706722829	0.13989047478267	0.119096321808835	0.347627501402475	0.116548825277371	-0.292791669537924	0.141393656242957	0.0365286907903285	-0.00548945764528341	0.274597706450071	-0.163042111439693	-0.2748330605074	0.00273506446055109	0.0303873691949182	0.104205350391047	-0.159682185499296	-0.450262292733892	0.00568373282802492
S120	0.0669311895427419	0.160298355763628	-0.273898994631034	0.0673022076750398	0.15186838761538	0.0934499307875588	0.191717236785804	-0.0795116806450939	0.165677901132573	0.310636090305864	-0.63096354727869	-0.0409636654223692	0.123223004174887	0.106720122091826	0.016294961165556	0.149583433380013	-0.0956370018281472	-0.106856937490536	-0.279000114904373	0.015457696616737	0.217780808967936	-0.0966981977397663	-0.0453095516327466	-0.170036068092084	-0.111008615535223	0.154837361929095	0.105417213186141	-0.057963192991965	0.0122421497688127	0.0329799479891738	-0.0196207850905968	0.0602704973253199	-0.00591004800971279
M201	0.218617849065253	-0.0873228965306739	0.065189738630992	0.206350658971332	0.0165048049622195	-0.261009129302868	0.106624863468279	0.148254741935579	-0.041211328830664	0.0106846278252883	-0.00499077589289334	0.251807193971409	-0.0621435519758706	-0.0688874521460208	0.0809256234598102	0.207417446817096	0.0494697378752672	-0.114237952691641	-0.122630840171011	0.46811075808775	-0.393207465128491	-0.25887151558829	-0.0601791996707708	0.185453562141607	-0.133562191281482	0.155329000935223	0.242914971739117	0.164609844493968	0.0324796621401208	0.116321397034924	0.00841368684700691	-0.143340740098916	-0.00197189050420104
M221	0.109580620871806	-0.0982956769557606	0.0126513244338917	-0.0410056839520066	-0.0541815535082576	0.109067753146308	0.296081810847957	0.582823456906432	-0.214195487362777	0.206737257674165	-0.10263296344707	0.224784746465032	-0.169439965518681	0.207478228894858	-0.0439292031733636	-0.359284800292071	-0.0938328875910912	0.2639789522109	-0.0780423263280186	-0.215872001575449	-0.0279060602632599	-0.121828272476563	0.0502254794248466	0.0636845988201611	-0.0430497886634666	-0.146044544951298	-0.0373595629773697	0.0298396666347117	0.0122833375858265	0.00339331288668977	-0.0446768162467504	0.0290313415038156	0.00237205254530388
P183	0.141915854838141	0.193704690336905	0.140405394935847	0.217133442007358	0.126564601881489	-0.34536325072273	0.240634637196119	0.0227519744275053	0.176563252904885	-0.0143416395283365	0.170223841220433	-0.307599395577581	0.0684275310656712	0.150085346506653	0.0808440699786154	-0.165829304292692	-0.0692206370421661	0.145301182493792	0.185027205087699	-0.19188943386805	0.0687955298452978	-0.0461136544380624	-0.185879776297674	-0.280054368363105	0.137363953248483	0.171052714876196	0.156762119071397	0.325866607275761	0.241947769847371	0.0638854988553629	-0.00891905595573547	-0.0842689552774349	-0.00707710442442517
P184	0.096308408912439	-0.329479140164515	0.0294118501732407	-0.00179577653549577	0.114083992202694	0.0684057222185699	0.134080017820208	-0.251666003104881	0.228122745554225	0.0882164363426449	0.0224178116096813	0.172795024364211	-0.0155676326940035	-0.298421754375336	0.165264608806652	-0.411969787288068	0.472437754838124	0.181871999435083	-0.135000007672716	0.117527770599133	0.204761187258	-0.115417036517082	0.123347603945652	-0.061735422311497	0.155462779131373	0.108225383887787	0.0299157369328363	0.0221095240285993	-0.0144702838267702	-0.0712671841569573	0.0250620943699141	-0.0010801241195468	-0.00321666043136584
P226	0.0930222185330331	-0.402644875664951	0.183922742583016	0.0542740775527118	0.0249269355394346	-0.0449696753320769	0.0290344461450784	-0.0542498974588484	-0.122634738528115	0.263585920208154	-0.0895886286300581	-0.126567653814442	-0.112359383381279	0.0568536204556042	0.177382186998562	-0.0666592979959614	0.0968463428897069	-0.349196453566234	0.223481134251576	0.00142712383175786	0.0651351127573183	0.166865549214403	-0.409975492960893	0.0283873959639112	-0.269873350942848	-0.0635585689745424	-0.260365171429274	-0.146669857780028	0.255763697559593	0.104733149633107	-0.00558500072665207	0.0294859041579191	0.00030745407466994
P225	0.147902736968784	-0.321443570385905	0.0704333003066608	0.120782434609685	0.0160726110214097	-0.00320086760551163	-0.20211136833336	0.099877464949638	-0.0487839246342037	-0.079949591410673	-0.169031394580953	-0.0285144408304379	-0.105691977058708	0.202850372742777	0.442976022133949	0.289746013589533	0.0162082443687875	-0.1347693684389	0.175096256724103	-0.266920104909103	0.135306541286868	-0.0711016534914735	0.376246810386178	0.0257937725983949	0.254234472526946	0.0451039881981913	0.137310244594756	0.146135011736923	-0.168516487709734	0.00246088355038263	-0.0899834631184827	0.0647378046397327	-0.00293907692256718
