"BMXBMI"	"BMXWT"	"PROT"	"CARB"	"SUGR"	"FIBE"	"TFAT"	"SFAT"	"MFAT"	"PFAT"	"CHOL"	"ATOC"	"ATOA"	"RET"	"VARA"	"ACAR"	"BCAR"	"CRYP"	"LYCO"	"LZ"	"VB1"	"VB2"	"NIAC"	"VB6"	"FOLA"	"FA"	"FF"	"FDFE"	"CHL"	"VB12"	"B12A"	"VC"	"VD"	"VK"	"CALC"	"PHOS"	"MAGN"	"IRON"	"ZINC"	"COPP"	"SODI"	"POTA"	"SELE"	"CAFF"	"THEO"	"ALCO"	"S040"	"S060"	"S080"	"S100"	"S120"	"S140"	"S160"	"S180"	"M161"	"M181"	"M201"	"M221"	"P182"	"P183"	"P184"	"P204"	"P205"	"P225"	"P226"
1	0.945087909483196	-0.0975738579062225	-0.0268879993186845	-0.0470681780945928	-0.171195299031906	-0.0160594966031196	0.015166380154236	-0.0265147199267808	-0.0363769580804303	0.0307241541814735	-0.13249286624522	-0.0914555219831405	-0.0817426855167863	0.0285245702840741	-0.014714100489781	0.157237761501323	-0.0874331193412099	-0.1284976709906	0.0382222944578526	-0.163367872791779	-0.209828832525124	-0.0969301627114355	-0.195401107330065	-0.0865377406201443	-0.0525200990605748	-0.0813018620393546	-0.0778790731687534	-0.0887329274304767	-0.207564861165073	-0.170513657094276	-0.0877478849284353	-0.147208665837885	0.0525346925388252	-0.102832304862242	-0.137979942908814	-0.182161636304618	-0.032007764717364	-0.110988912399882	-0.24436558082146	0.0101037341624891	-0.218989219095582	-0.0867206332987244	-0.0824844774273266	-0.105808104831976	0.157222245311708	-0.0108930703809246	-0.0398911494236732	-0.0735799666880958	-0.0438282240273751	-0.0683940127736693	-0.00784075397349716	0.0184740338046978	0.0443512863918834	0.0263738502019552	-0.0288703894472188	-0.0368739219058438	0.0199535188520864	-0.0108237791797775	-0.110937408331749	-0.0123132498398165	0.0840783093666333	-0.11792063132247	-0.0128887586375208	-0.132101486258924
0.945087909483196	1	-0.0537376065357105	-0.0449463360076522	-0.042076943077451	-0.215274598937495	-0.0139101561228507	0.0217523020741346	-0.0150138826635497	-0.0500945394491399	0.0436124725962128	-0.125634974197053	-0.0791448145270541	-0.103469933114262	-0.00889959865972345	-0.0320455410017772	0.124135844535965	-0.0872347560326485	-0.13453217497598	-0.00230122204230605	-0.175301114588157	-0.157911347676386	-0.0620649125980172	-0.16708499928614	-0.119382275269654	-0.0707549541514326	-0.114447157806719	-0.10656129568533	-0.0418385693471131	-0.192428697553449	-0.176874035453889	-0.0825150985624821	-0.146140113323235	0.00965067317325885	-0.116232577259951	-0.118035419533225	-0.168881166925108	-0.0478158646253643	-0.0929177999475779	-0.233168189538733	0.0266236574502555	-0.189272963363851	-0.0685601346969318	-0.0283436321094814	-0.0810358157638472	0.195620187302892	-0.0177901612978915	-0.0524291328136222	-0.0842680454094908	-0.044707403791226	-0.0741788026674671	-0.000680091085329044	0.018022167125241	0.0676873837328873	0.0606036657401103	-0.0197586629841903	-0.0225701677109209	0.0424400287667339	-0.019527696617957	-0.141539065404503	0.0227939265662371	0.122574277414179	-0.109555560173358	0.013054094340463	-0.150099175107272
-0.0975738579062225	-0.0537376065357105	1	0.599178450243547	0.406538479549522	0.582178122953983	0.682360243698538	0.609972499572788	0.654803247547065	0.58917695226925	0.497061189026273	0.527046026484224	0.123748431660297	0.285404703669519	0.315262016375652	0.288971133894139	0.126167898421878	0.294836799618725	0.170330144155444	0.117776788375889	0.669246397127548	0.634996256939071	0.723479638042887	0.548473621635237	0.541299872964268	0.306819985311049	0.533924887285277	0.475699600363015	0.685975351781961	0.442040824920621	0.0788859302672574	0.233515552892105	0.294278024158779	0.251378444043747	0.48609201463424	0.843803925739674	0.624827036331335	0.604717547529878	0.700901395702354	0.609266037939369	0.796216804977644	0.705027962639941	0.854882099867083	0.0501333089875644	0.0498800949704954	-0.124990927098415	0.281689826470798	0.261210423445289	0.323892147507832	0.303058621108628	0.268386526789899	0.409145305449009	0.636798037056496	0.615444133277295	0.638347558733284	0.645671407840461	0.548605064377361	0.158696425016112	0.604310005375485	0.270644786473103	0.243790202657779	0.510141207972395	0.268989103379809	0.418584382338619	0.281799973396416
-0.0268879993186845	-0.0449463360076522	0.599178450243547	1	0.876952000463448	0.522562473649549	0.63865214672039	0.654103810991303	0.542134018879232	0.525626144804224	0.267336103274356	0.44129909431555	0.105947298903428	0.39809937269644	0.328086656766339	0.106616694918775	0.0243719367709997	0.119884258485316	0.199817001478275	0.0381932053258652	0.662538472536148	0.530221590985015	0.525940615000342	0.439331555378498	0.606530634838871	0.481237905258329	0.400592058107762	0.584435713491693	0.397903702002862	0.307009842167546	0.154717415695216	0.191315122474689	0.140907542156763	0.0848677361638724	0.456705590544766	0.665946093077053	0.513323944022934	0.669857985252635	0.539381655142249	0.522015639896815	0.65590336390453	0.51865908575765	0.546481882585305	0.0922867968870992	0.308984838691193	-0.0362689989019342	0.416393324203775	0.423587260487985	0.419420712256929	0.428632093728031	0.313935626687023	0.503978844558027	0.653111431704835	0.665474222234262	0.402678740819475	0.541894046703272	0.345167639892856	0.0509011682194216	0.561575505618716	0.184445486466868	0.0997855815258072	0.248847277360793	0.0900815733366267	0.201244504257117	0.0226179207168178
-0.0470681780945928	-0.042076943077451	0.406538479549522	0.876952000463448	1	0.28689719213207	0.455223167543223	0.505698542652927	0.382239305898419	0.323914381521478	0.20986586286624	0.298792495201014	0.0711557960747195	0.337770461996168	0.297347254151759	0.0859394161260821	0.0542670165601917	0.0460717173529218	0.136108500830894	-0.028928694882574	0.489905382921972	0.454371396910973	0.367517407462886	0.335300234120323	0.44060485367053	0.421166992869192	0.187596925715295	0.451456809257631	0.306151802867052	0.265909205787895	0.145222934531382	0.148838859915441	0.091617662958574	0.0159682703130027	0.324967547819433	0.467770700215156	0.27829472665785	0.475287545613733	0.386394188939889	0.314906158992411	0.454563731843901	0.371427926854729	0.312956130165298	0.137036023473092	0.30214551128814	-0.0661506806530018	0.38155800262171	0.385942526770241	0.424859319995048	0.397863023777623	0.342425630726114	0.439549752991407	0.477541970030825	0.514139175507151	0.277657408598897	0.383203526296702	0.215535911719226	-0.00106352872976422	0.353191444757309	0.0831281129376023	0.0468087386817535	0.179783080296888	0.00876373590705045	0.108501602335705	-0.0338464259197823
-0.171195299031906	-0.215274598937495	0.582178122953983	0.522562473649549	0.28689719213207	1	0.585230896987253	0.40997820593945	0.585374432918357	0.620817309202212	0.115385749560764	0.561260977737673	0.0523467244630916	0.20883357609707	0.25944491112841	0.260847004196968	0.133334386677726	0.350304089871288	0.237380925894386	0.179768092504975	0.61302667407857	0.440957276068598	0.443325008556889	0.415132030949731	0.571573796985519	0.163332969171851	0.797163144596948	0.442552757674588	0.395208987861091	0.285951328075592	0.100573912639317	0.323370801011485	0.218368934364043	0.288400048311625	0.475791501284428	0.671551490798151	0.809060768543485	0.537300712674705	0.547230324109896	0.779363075773612	0.508737492429476	0.741593396389724	0.549795911279865	0.042807081331619	0.103057921320991	-0.127281611353342	0.138682292997733	0.136226080511514	0.16062940728502	0.15498376413124	0.109820563135039	0.228729334224938	0.456261837221067	0.387361320719938	0.386998023706741	0.587626852631276	0.434237976579177	0.0941125026288644	0.583476562006256	0.530162470929961	0.178528489809	0.0988917714947221	0.215244249332678	0.211026190716693	0.25104962358591
-0.0160594966031196	-0.0139101561228507	0.682360243698538	0.63865214672039	0.455223167543223	0.585230896987253	1	0.896218987934928	0.960614029016582	0.889491428599262	0.425688089363903	0.649777328772582	0.0485249761032198	0.350758792583304	0.251533048991434	0.0720527824178459	-0.0412823611053802	0.197028359061504	0.123404293115105	0.0784142908574219	0.601644210939678	0.467422700307192	0.505155274381675	0.414998060286176	0.51812250712297	0.280410684140053	0.530727726582449	0.450188931000652	0.491551363953424	0.27462125507613	0.0319134361445213	0.0853705913519018	0.203488472876218	0.23441532472345	0.445173780811778	0.725308168097011	0.595208581078344	0.550676023530408	0.565783741824382	0.602790525064024	0.696074208476566	0.557857864190074	0.586823217988563	0.0066311437902878	0.241662188934497	-0.0548369478658181	0.519405714805074	0.518171008614973	0.515366368728422	0.55090141930612	0.392615740536908	0.643657432596966	0.926592724166019	0.863820511325542	0.775869136854813	0.956524668165662	0.696930274878413	0.176261759661654	0.888055090088839	0.565008920578893	0.193111221877501	0.433221807096136	0.196867402818722	0.377279774451691	0.113055933936831
0.015166380154236	0.0217523020741346	0.609972499572788	0.654103810991303	0.505698542652927	0.40997820593945	0.896218987934928	1	0.785944789124974	0.643855095704758	0.373327288576593	0.434413899537298	0.0529654013319822	0.39916419939419	0.256033061507723	0.0071686478994923	-0.0882254640565712	0.140007062373729	0.124211786120646	-0.0423983643459449	0.53139752539351	0.438655494746534	0.41171987367736	0.316721287251677	0.445740273715841	0.314000339701446	0.350922411565669	0.414372546621903	0.374989528066229	0.257100305249124	0.0144471080908937	0.0176118801194176	0.178374077891711	0.0684799642806561	0.472652690794372	0.665227649784222	0.409401968534268	0.498008027780014	0.539734321283783	0.40544323568341	0.666026181084338	0.399996453872022	0.519944514840185	0.0446057264861106	0.340406555475802	-0.0481648497971582	0.743011270400554	0.743098470952466	0.703914202737249	0.787386292990737	0.521958214589923	0.874268176801909	0.980968523462433	0.959411833993205	0.744931367315587	0.773663710246747	0.500758573225429	0.137313647190604	0.662981914351396	0.326872394859848	0.175900904997455	0.354684922443516	0.134690483868111	0.334701020041213	-0.0164528438644419
-0.0265147199267808	-0.0150138826635497	0.654803247547065	0.542134018879232	0.382239305898419	0.585374432918357	0.960614029016582	0.785944789124974	1	0.854523149365352	0.425062855904528	0.679011860072569	0.0149566446475254	0.280578497750671	0.210885180615457	0.078141862635459	-0.0199644095055087	0.207333951051787	0.0782869507564262	0.102163636883567	0.557294606396342	0.448163187558579	0.477326320371558	0.398498351867448	0.476488329939548	0.22500680238957	0.535438262659817	0.401814833664279	0.498572381251727	0.238906747271909	0.0168734651218357	0.0916938372205323	0.189754089998267	0.254555807973814	0.375530668073286	0.671758737449832	0.605983691578755	0.501646594146062	0.52943779111293	0.619771269446025	0.632957311344555	0.567707088245613	0.548581411246742	-0.00374130488265186	0.1320989664264	-0.0465583096894832	0.393674635310702	0.387527708474116	0.403208299679254	0.407829851497971	0.298501319978096	0.503952016596297	0.833266438131654	0.760323226861029	0.781323873366548	0.999098803395389	0.722717175091184	0.183577453562895	0.844457810561344	0.576920654352372	0.157067367909964	0.45026808568226	0.177865368859914	0.342975437519746	0.115744306081108
-0.0363769580804303	-0.0500945394491399	0.58917695226925	0.525626144804224	0.323914381521478	0.620817309202212	0.889491428599262	0.643855095704758	0.854523149365352	1	0.369245108363599	0.699995105370905	0.09537253354001	0.277127968799964	0.224123713207773	0.107891244860564	0.00403930524783135	0.179879948988717	0.119491995471524	0.17571812798786	0.547256849779824	0.379805838544955	0.488438815076013	0.413847397490084	0.48273786906475	0.197193579929574	0.587892692737546	0.395513219144101	0.475891170818252	0.242291740531916	0.0447699972587079	0.129564649764389	0.184304468223758	0.349506195797898	0.347546316162626	0.643062203867659	0.630363044537549	0.497329435829925	0.442790786202949	0.649864950586851	0.588619598126987	0.564121962025608	0.53179317577178	-0.0333386307996744	0.178922495376649	-0.0571337379742732	0.250166840176545	0.246985278443708	0.270811175856789	0.272399681698832	0.236287695526121	0.341522598039998	0.707669078212982	0.619744959983899	0.581368746200049	0.858513026365946	0.70081998341837	0.167309000405217	0.982415969154253	0.70310171000311	0.217129970608241	0.383305284780324	0.242021477231111	0.354796907450416	0.247792394196627
0.0307241541814735	0.0436124725962128	0.497061189026273	0.267336103274356	0.20986586286624	0.115385749560764	0.425688089363903	0.373327288576593	0.425062855904528	0.369245108363599	1	0.279201752925289	-0.00116190466228133	0.210216815955435	0.280796827388102	0.305921030637845	0.164550070141857	0.215675504261802	-0.000907109311460481	0.127234235143508	0.264250455610717	0.310632775386057	0.331303310231211	0.325229723513359	0.269362641465482	0.178784872446418	0.227933701550878	0.246229910275473	0.823123327363452	0.252185221059057	0.0968237196502342	0.270289479687903	0.20569457610189	0.224602508071341	0.203918992002956	0.386702735680037	0.193424893192581	0.283661291307735	0.352618898125923	0.293719761379781	0.434171189601274	0.343977011261553	0.499878678330766	-0.127163165813534	-0.00309624740090537	-0.0783691428927493	0.150967724277751	0.12185461064322	0.13347913007708	0.11399190818179	0.0985680719086133	0.175789799411362	0.413073386701171	0.414870307352822	0.506694486401478	0.419229863112379	0.293488551606778	0.100500358157327	0.384935083044365	0.125263498425539	0.0363101713972233	0.870283108761846	0.117712158108793	0.250850929993823	0.177781085813696
-0.13249286624522	-0.125634974197053	0.527046026484224	0.44129909431555	0.298792495201014	0.561260977737673	0.649777328772582	0.434413899537298	0.679011860072569	0.699995105370905	0.279201752925289	1	0.455494702990477	0.438576464272782	0.423198042709908	0.187567369530087	0.122329084602918	0.147425647948362	0.113635142379797	0.224690109821053	0.487247936281963	0.503267075639969	0.504842412367595	0.514429482468711	0.506718956893884	0.301708841995733	0.479825435358869	0.451006655449369	0.443451487635237	0.374237663716091	0.251227434649569	0.229226342915642	0.204378064954883	0.333935547814268	0.407617713013722	0.576114342458354	0.644163643489853	0.529551489808071	0.394174184013031	0.631589608663224	0.441722041863094	0.604388559995534	0.431370748468537	-0.0657242112297903	0.20240498069669	-0.0521583670025305	0.207516481615365	0.204639447839362	0.212749505766813	0.220675646622625	0.196058443808837	0.246633450593078	0.48309267918147	0.367403897289752	0.369923213176658	0.686321472223926	0.488467186587812	0.0978915801700338	0.69127524400248	0.481599312592117	0.207043987686722	0.211667889070691	0.204565246411926	0.247473795130714	0.224211750688047
-0.0914555219831405	-0.0791448145270541	0.123748431660297	0.105947298903428	0.0711557960747195	0.0523467244630916	0.0485249761032198	0.0529654013319822	0.0149566446475254	0.09537253354001	-0.00116190466228133	0.455494702990477	1	0.487265456506489	0.361837328497367	0.0285140038863366	-0.0246132823566809	-0.0827717054501824	-0.0755463205097372	0.0225115563493822	0.199712372337477	0.236251856794759	0.245239811054601	0.371911395778109	0.199588954166599	0.280873925625042	-0.0437461034370983	0.238794415165914	0.0692100020222718	0.362976736290963	0.413692436710605	0.178537872689195	0.126949063693243	0.0115934971049496	0.171814161600213	0.0829178136171292	0.0849636205520053	0.2859606609113	0.129420934192336	0.157475303283253	0.0523501195887234	0.174935011262733	-0.004020578621774	-0.0828617531025109	-0.0298016696772539	-0.0718619428336515	0.068271281754833	0.0557829402115444	0.104889256832748	0.0881546215459709	0.14895391801134	0.0929439315885514	0.0412707801555519	0.019540355160644	0.0397372581031023	0.0134388406438967	-0.00293724853616053	-0.0214387860504666	0.0774853322548594	0.140049575404589	0.188034260388095	-0.0359897762062902	-0.00216310257209653	-0.054685045665379	-0.00973271773062285
-0.0817426855167863	-0.103469933114262	0.285404703669519	0.39809937269644	0.337770461996168	0.20883357609707	0.350758792583304	0.39916419939419	0.280578497750671	0.277127968799964	0.210216815955435	0.438576464272782	0.487265456506489	1	0.780785997946904	0.0550566522406533	0.0122072859218145	0.102202447612376	0.13869882612921	0.0698791915524974	0.518538479271818	0.57594746210668	0.363539352321291	0.553555951270546	0.555824752719003	0.568383826683818	0.184560029345437	0.583525638141455	0.305633814904236	0.549391344860699	0.51193173372963	0.0691357834077925	0.304756934157316	0.0668682075245692	0.518683621185961	0.406208686845717	0.269284173053345	0.642019278638798	0.502270306273187	0.275647372102092	0.275908820966696	0.330059051560158	0.2530396727693	-0.0403003645138227	0.12447328603616	-0.0390001515827007	0.425688792511022	0.432261778382644	0.393891304447563	0.441737073774385	0.288482904891821	0.418338279516186	0.373869470711518	0.338719722713625	0.210614806088664	0.280092186138238	0.0950199646070794	-0.033290763176064	0.277229315201944	0.178693684828081	0.102034907874953	0.0879977384914696	-0.0313166280370094	0.0648977120896184	-0.0394890588524093
0.0285245702840741	-0.00889959865972345	0.315262016375652	0.328086656766339	0.297347254151759	0.25944491112841	0.251533048991434	0.256033061507723	0.210885180615457	0.224123713207773	0.280796827388102	0.423198042709908	0.361837328497367	0.780785997946904	1	0.375568248657115	0.63165157641372	0.122426083818445	0.0730607441910312	0.347165960993025	0.464817688894449	0.517821680901114	0.335173432517817	0.494069588582966	0.512582291376187	0.457422084408845	0.265904725035033	0.513036608020886	0.387966352250183	0.448124991313384	0.410305608918835	0.209455465254111	0.217357707527466	0.363403138737123	0.409100355035885	0.360109174829654	0.268730998578815	0.563099631857851	0.449594116322174	0.306756782168752	0.273164986770561	0.386147415718057	0.264799001304037	-0.0542619194423081	0.0527247691964495	-0.094916352632213	0.291309989647485	0.29160939130854	0.246628662120377	0.276964728830882	0.182788890594015	0.243974075635283	0.245294085281608	0.215970385364	0.122885453017309	0.214813417463693	0.0796507832081565	-0.0657422465461066	0.226842032304227	0.132278861029189	0.0472301434741627	0.124526367178858	-0.017880149235516	-0.0055445255723167	0.0272679595929327
-0.014714100489781	-0.0320455410017772	0.288971133894139	0.106616694918775	0.0859394161260821	0.260847004196968	0.0720527824178459	0.0071686478994923	0.078141862635459	0.107891244860564	0.305921030637845	0.187567369530087	0.0285140038863366	0.0550566522406533	0.375568248657115	1	0.454990127910305	0.0848789042029801	-0.0338309221722618	0.154482340498988	0.172524378472249	0.15275862401398	0.261278451979377	0.18284333784846	0.190212275202969	0.0584556548363676	0.257910148061753	0.148381682348246	0.341545412620914	0.0622270022418115	0.0479284083871962	0.349851433864985	0.0299863487618505	0.21936920125167	0.0924050978374219	0.177167643319226	0.165209753462404	0.151734001035941	0.184888405160673	0.28902433801032	0.221161466459647	0.284386363463044	0.239171162302021	-0.0996177544895242	-0.0427794044755594	-0.104536595163545	-0.0150472891018581	-0.012572290070846	-0.0815161613318693	-0.0701536764721924	-0.0822597135455499	-0.0717061560249194	0.0312353408699657	0.0358520766535765	0.0905198098983309	0.0805945229832033	0.0531796865668107	-0.0650023341356693	0.113757420782297	0.030147858230205	0.0629061711722708	0.194829593509399	0.0501247096124589	0.00325274378913728	0.0968890514495359
0.157237761501323	0.124135844535965	0.126167898421878	0.0243719367709997	0.0542670165601917	0.133334386677726	-0.0412823611053802	-0.0882254640565712	-0.0199644095055087	0.00403930524783135	0.164550070141857	0.122329084602918	-0.0246132823566809	0.0122072859218145	0.63165157641372	0.454990127910305	1	0.0464455227742798	-0.0589602030999129	0.47624803876368	0.0895640430819854	0.109175045388276	0.0637276302207214	0.0935814881991466	0.120313313113807	0.0281727775747951	0.175994543357742	0.0906596643564218	0.216211112472521	0.0341570452716622	0.0236505036522396	0.219827554787451	-0.0334752395554616	0.500110078926767	0.00461605374043748	0.057402261792371	0.0825895266650287	0.0984404601103048	0.0823295556538906	0.124332888675715	0.0730485835332161	0.186697657604859	0.0873390185302052	-0.0270365247086112	-0.0644413886353958	-0.0977026350449549	-0.0573208151325668	-0.0647552782933028	-0.0836261328460657	-0.0956510045790127	-0.0548176234717116	-0.122390716469944	-0.0770699186822887	-0.0813887312829399	-0.0801898275999961	-0.0128985906224219	0.00192628262436526	-0.0613723699537597	0.00780187817591294	-0.0130186915856205	-0.0590537701539456	0.0701145300877765	0.00444143260730354	-0.094721159398419	0.0835766798670958
-0.0874331193412099	-0.0872347560326485	0.294836799618725	0.119884258485316	0.0460717173529218	0.350304089871288	0.197028359061504	0.140007062373729	0.207333951051787	0.179879948988717	0.215675504261802	0.147425647948362	-0.0827717054501824	0.102202447612376	0.122426083818445	0.0848789042029801	0.0464455227742798	1	0.343721377325725	0.0667228893185897	0.199284125298405	0.0684461768385134	0.150809860857996	0.142141562232666	0.199085146266242	0.0211433693553799	0.328144082547479	0.140496147986913	0.300424091355045	0.14723810071257	-0.0309382165755842	0.380782300923903	0.0998817933459296	0.111211921660306	0.210755532320713	0.277655413765388	0.24936944798727	0.157353268573533	0.301317424962278	0.260894073841983	0.362942524149427	0.344542726648708	0.354976151424224	-0.0848013074033426	-0.118807766507319	-0.0261350934344042	-0.0593986858851878	-0.0779034402898177	-0.0912480395116567	-0.070337880034829	-0.0935640260269981	-0.00160237313528615	0.184587943034216	0.194431054830201	0.247371638836396	0.202073403797698	0.22033183903001	0.0177493672549731	0.181963493851337	0.0765810528791481	-0.0263699753541423	0.260464157719585	0.0636370137189975	0.121713617813793	0.195544220949778
-0.1284976709906	-0.13453217497598	0.170330144155444	0.199817001478275	0.136108500830894	0.237380925894386	0.123404293115105	0.124211786120646	0.0782869507564262	0.119491995471524	-0.000907109311460481	0.113635142379797	-0.0755463205097372	0.13869882612921	0.0730607441910312	-0.0338309221722618	-0.0589602030999129	0.343721377325725	1	0.0255262128398614	0.182642903750807	0.157453044753206	0.17290962011313	0.144055933419461	0.229701868119155	0.160882236167599	0.182858805589492	0.213524983102887	0.0973394989575187	0.145910904652216	0.0714135544823767	0.1099292355489	0.10146083246515	0.0356172755714282	0.23292189112361	0.235837860137747	0.232670403298773	0.213984940890778	0.26404161375882	0.161067618580039	0.178053477867165	0.272164326146903	0.168726653567673	0.0888497512010205	-0.0209719676200724	-0.0445227992036767	0.0737620097821258	0.0770366132083504	0.0659222622029115	0.0935807987927337	0.0321492553408908	0.110117520482669	0.125813456733777	0.113168419352965	0.0872103226307012	0.0722141467459109	0.101627118786949	0.0906422272646061	0.141000285426326	-0.0109479608409851	0.0258824671577964	-0.0194443351715208	0.0317466071116231	0.00200910325292423	0.0428597691810828
0.0382222944578526	-0.00230122204230605	0.117776788375889	0.0381932053258652	-0.028928694882574	0.179768092504975	0.0784142908574219	-0.0423983643459449	0.102163636883567	0.17571812798786	0.127234235143508	0.224690109821053	0.0225115563493822	0.0698791915524974	0.347165960993025	0.154482340498988	0.47624803876368	0.0667228893185897	0.0255262128398614	1	0.166224619278311	0.169637025118224	0.10727466219209	0.167110526359199	0.251595434593744	0.062080274295259	0.36540921539803	0.191021623779735	0.203064331577048	0.0840567266304677	0.0912826752810195	0.203862784526234	-0.00475062956059772	0.895461573660381	0.116384241030357	0.0882814475685571	0.247384469716774	0.234552245305632	0.121084844550056	0.207613949139556	0.155416494095575	0.248154464194786	0.1206162611725	0.00949395013510629	0.0171661945311616	0.00724624251551476	-0.0834001038108581	-0.117319605307739	-0.132557548038478	-0.138738388977813	-0.128140987164892	-0.129276342793323	-0.00127865644402333	-0.0380187395530685	-0.0307905065272368	0.109628171551524	0.0804794101879609	-0.0206176567093963	0.170029596975327	0.140004528043833	-0.0523591794538388	0.105717733177127	0.0112379207171139	-0.0335658454288278	0.0977199209035702
-0.163367872791779	-0.175301114588157	0.669246397127548	0.662538472536148	0.489905382921972	0.61302667407857	0.601644210939678	0.53139752539351	0.557294606396342	0.547256849779824	0.264250455610717	0.487247936281963	0.199712372337477	0.518538479271818	0.464817688894449	0.172524378472249	0.0895640430819854	0.199284125298405	0.182642903750807	0.166224619278311	1	0.721186848472303	0.692120652911089	0.629068738213016	0.788483359724549	0.617988922885627	0.532048776331511	0.756715740207967	0.492252071299965	0.514164659257886	0.361650307686815	0.178539064605988	0.308202405128221	0.22163917857191	0.523354789234933	0.683368214141234	0.596835292820777	0.798547691558694	0.669477792534603	0.598041524120298	0.669611413113226	0.594343698121827	0.680328956551215	0.106314843100602	0.131065593503812	-0.0519574560617867	0.282761066549262	0.275498482294067	0.290398923876877	0.296099111854152	0.21821418139505	0.350818153814093	0.554131911630659	0.529789529708755	0.454516392457722	0.555664759974536	0.416937748193532	0.0950699580694268	0.537110825342184	0.374366504565191	0.168665684891174	0.272461913338544	0.123912256496035	0.17396351845369	0.128844767794246
-0.209828832525124	-0.157911347676386	0.634996256939071	0.530221590985015	0.454371396910973	0.440957276068598	0.467422700307192	0.438655494746534	0.448163187558579	0.379805838544955	0.310632775386057	0.503267075639969	0.236251856794759	0.57594746210668	0.517821680901114	0.15275862401398	0.109175045388276	0.0684461768385134	0.157453044753206	0.169637025118224	0.721186848472303	1	0.610805160833426	0.633106610866045	0.651450535127656	0.557778638073674	0.372000712873434	0.643218728795765	0.548095991292024	0.568358546659861	0.396806172210912	0.110112595742608	0.322748206477648	0.206006329244048	0.599448204459088	0.68069703893921	0.557923832520959	0.682495512497725	0.596904873608258	0.508434420932662	0.490406863689239	0.606975744087276	0.560095312188329	0.287467496758513	0.112339400772978	-0.0768464016517371	0.293825784964844	0.302566236606495	0.409628265066058	0.341333495331614	0.365507188328088	0.35421742594352	0.433852956718697	0.390073845463178	0.308982183710198	0.450332204217607	0.255879310280753	0.00456214974200179	0.389403586338003	0.193941185532176	0.103549980585837	0.235973117188623	0.0385609665165732	0.101337952681575	0.0991746711204822
-0.0969301627114355	-0.0620649125980172	0.723479638042887	0.525940615000342	0.367517407462886	0.443325008556889	0.505155274381675	0.41171987367736	0.477326320371558	0.488438815076013	0.331303310231211	0.504842412367595	0.245239811054601	0.363539352321291	0.335173432517817	0.261278451979377	0.0637276302207214	0.150809860857996	0.17290962011313	0.10727466219209	0.692120652911089	0.610805160833426	1	0.803390763037352	0.613620941026189	0.507430419735796	0.3755495645632	0.59880319584289	0.50389196503965	0.61092511005132	0.485641830889218	0.23728440701061	0.181947814406657	0.166593440836504	0.286231828330907	0.581372885279446	0.499136152852774	0.609794575393163	0.578692372652002	0.472578616684621	0.61233700977909	0.604965573555312	0.68113914470139	0.10409876938241	0.0192990028672366	0.00110678798953105	0.157209039544574	0.148881248476149	0.159707348292139	0.151490865974482	0.122777584148102	0.216346341075566	0.45226632515926	0.412062011660006	0.443394043140196	0.472928116841345	0.461895739420392	0.0686785264423458	0.49716134749524	0.255194389777731	0.159788253434468	0.325223993392558	0.139110102287596	0.23188416109342	0.216389170622188
-0.195401107330065	-0.16708499928614	0.548473621635237	0.439331555378498	0.335300234120323	0.415132030949731	0.414998060286176	0.316721287251677	0.398498351867448	0.413847397490084	0.325229723513359	0.514429482468711	0.371911395778109	0.553555951270546	0.494069588582966	0.18284333784846	0.0935814881991466	0.142141562232666	0.144055933419461	0.167110526359199	0.629068738213016	0.633106610866045	0.803390763037352	1	0.703864866954433	0.62641111332208	0.367969716115907	0.704009473943865	0.537862231346923	0.785425770033472	0.731825006306281	0.317970884066532	0.267499424996728	0.206572564580463	0.361507891081885	0.507578790283208	0.471856141069532	0.642148984622137	0.626376466343806	0.474466898394881	0.407712038890364	0.631866014712113	0.475634259290179	-0.0672470329261994	-0.00614620735306643	0.0852716291700967	0.160346117623906	0.145146960455415	0.190056703820515	0.166086540538152	0.170481480110805	0.191865523408606	0.338691967909076	0.288389495783676	0.316693337542094	0.398894890538268	0.343201263745571	0.013778559845088	0.406508879033871	0.281303856108768	0.0689664009353051	0.244540713026246	0.0791663265286342	0.15728980682704	0.152556132804479
-0.0865377406201443	-0.119382275269654	0.541299872964268	0.606530634838871	0.44060485367053	0.571573796985519	0.51812250712297	0.445740273715841	0.476488329939548	0.48273786906475	0.269362641465482	0.506718956893884	0.199588954166599	0.555824752719003	0.512582291376187	0.190212275202969	0.120313313113807	0.199085146266242	0.229701868119155	0.251595434593744	0.788483359724549	0.651450535127656	0.613620941026189	0.703864866954433	1	0.833592584814358	0.603316815944445	0.978454501289299	0.432808172477224	0.558758923394919	0.47715007314193	0.283036310936514	0.286076222871934	0.269450774935626	0.546052181835344	0.558823163991936	0.531988745091202	0.852350087913877	0.676666361055719	0.507803233788462	0.498478605370332	0.52714129363849	0.531308071812084	0.0149568184674999	0.0624231345582654	0.0362386561989722	0.259065417207885	0.253604950484683	0.22836805806784	0.260902512915637	0.145044193818475	0.298197180389609	0.479000003912481	0.416647397837093	0.376763172166156	0.475658098114161	0.322414658818113	0.0504097645222854	0.469406968921259	0.353373379673808	0.10946115525653	0.216439704625518	0.0920907002480461	0.174344662813169	0.114587964567516
-0.0525200990605748	-0.0707549541514326	0.306819985311049	0.481237905258329	0.421166992869192	0.163332969171851	0.280410684140053	0.314000339701446	0.22500680238957	0.197193579929574	0.178784872446418	0.301708841995733	0.280873925625042	0.568383826683818	0.457422084408845	0.0584556548363676	0.0281727775747951	0.0211433693553799	0.160882236167599	0.062080274295259	0.617988922885627	0.557778638073674	0.507430419735796	0.62641111332208	0.833592584814358	1	0.0624344880407968	0.929661287739997	0.189981292525874	0.582819962526252	0.60886223825242	0.070996072375594	0.255402214502794	0.021506669792027	0.345770712236286	0.301434147634347	0.164479331449481	0.745112619449215	0.510527138235645	0.162394319887192	0.32372038059922	0.175212034549725	0.310616487704672	-0.00351899741507607	0.0601151024838973	0.0202281236258219	0.250147668207264	0.259693146635256	0.209363183757115	0.25224852133992	0.147970870208911	0.253197310601457	0.324174357661053	0.280250214072407	0.249932197257619	0.220392641674789	0.131782946321542	0.0208142865072617	0.196438272114698	0.123765683352585	0.0586701998283919	0.129791001725921	0.0303519217832275	0.101817321562984	0.000234420920024218
-0.0813018620393546	-0.114447157806719	0.533924887285277	0.400592058107762	0.187596925715295	0.797163144596948	0.530727726582449	0.350922411565669	0.535438262659817	0.587892692737546	0.227933701550878	0.479825435358869	-0.0437461034370983	0.184560029345437	0.265904725035033	0.257910148061753	0.175994543357742	0.328144082547479	0.182858805589492	0.36540921539803	0.532048776331511	0.372000712873434	0.3755495645632	0.367969716115907	0.603316815944445	0.0624344880407968	1	0.42571777770203	0.507450395496484	0.169358725764528	-0.0158041079873544	0.408563417038109	0.147816904045673	0.456008986098786	0.48656948167286	0.574104921219938	0.723797688818832	0.464190927123078	0.486052464614643	0.68218349226621	0.432383196177378	0.699368365552629	0.51072433516527	0.0328901354888791	0.0254031870031611	0.0363536042424196	0.107093327878616	0.0835551690230783	0.109943810942815	0.106765707509337	0.0480632555603658	0.172603459525378	0.396322157206681	0.346949047573249	0.318863011968884	0.540654309492795	0.391482829205748	0.0607203790106043	0.564625188788417	0.461373905918685	0.112102659773618	0.203035311658257	0.122262269803584	0.167721100579386	0.206627773886835
-0.0778790731687534	-0.10656129568533	0.475699600363015	0.584435713491693	0.451456809257631	0.442552757674588	0.450188931000652	0.414372546621903	0.401814833664279	0.395513219144101	0.246229910275473	0.451006655449369	0.238794415165914	0.583525638141455	0.513036608020886	0.148381682348246	0.0906596643564218	0.140496147986913	0.213524983102887	0.191021623779735	0.756715740207967	0.643218728795765	0.59880319584289	0.704009473943865	0.978454501289299	0.929661287739997	0.42571777770203	1	0.359735586838731	0.591018944143036	0.546146903100406	0.215330730861101	0.286919432070374	0.187785243449159	0.493642027133657	0.485626034220575	0.416703426953641	0.847052531872273	0.64239192075102	0.399595579100849	0.453049434942146	0.417607575204398	0.470156325228036	0.00857996434267638	0.0638731566740273	0.0313356973398571	0.266107930137107	0.266101067139062	0.230793798761258	0.268243470481989	0.152446146199992	0.293487763634836	0.440308348252881	0.382208397483498	0.34450499593655	0.399541230199568	0.264247496365933	0.0418681670123109	0.386211342931142	0.282284998788866	0.0948755150928218	0.192775666611705	0.0732450476263301	0.154655846426223	0.0768795166293493
-0.0887329274304767	-0.0418385693471131	0.685975351781961	0.397903702002862	0.306151802867052	0.395208987861091	0.491551363953424	0.374989528066229	0.498572381251727	0.475891170818252	0.823123327363452	0.443451487635237	0.0692100020222718	0.305633814904236	0.387966352250183	0.341545412620914	0.216211112472521	0.300424091355045	0.0973394989575187	0.203064331577048	0.492252071299965	0.548095991292024	0.50389196503965	0.537862231346923	0.432808172477224	0.189981292525874	0.507450395496484	0.359735586838731	1	0.427304189956644	0.148836625885082	0.3899017283683	0.297250156712938	0.324740944719495	0.404241075315256	0.645607741297038	0.504547402334581	0.423891287592239	0.536523875294086	0.543948055183995	0.558606655326166	0.681867006682436	0.62742381582303	-0.0618744338449614	0.00371042674123723	0.0445643496240786	0.102931272605465	0.0643883265461244	0.150287363931249	0.0944691886517281	0.154292273465659	0.15741147189165	0.411814937539538	0.41480624426487	0.446161081339684	0.497437595496781	0.410337817051797	0.100449515514169	0.482372115613217	0.227019798626994	0.0925788451786635	0.735420445911743	0.160761765133841	0.243003910359495	0.27844772582618
-0.207564861165073	-0.192428697553449	0.442040824920621	0.307009842167546	0.265909205787895	0.285951328075592	0.27462125507613	0.257100305249124	0.238906747271909	0.242291740531916	0.252185221059057	0.374237663716091	0.362976736290963	0.549391344860699	0.448124991313384	0.0622270022418115	0.0341570452716622	0.14723810071257	0.145910904652216	0.0840567266304677	0.514164659257886	0.568358546659861	0.61092511005132	0.785425770033472	0.558758923394919	0.582819962526252	0.169358725764528	0.591018944143036	0.427304189956644	1	0.819737247941057	0.235240907133164	0.396683039329362	0.0779310275676016	0.392560550832344	0.428842861284358	0.289174957422806	0.548691898986528	0.590396824124797	0.295469114549695	0.328169097419298	0.45949331920023	0.429677454055419	0.0195638277353128	-0.0228020480065705	0.0141008018723458	0.18851737771194	0.181772325783348	0.235153838278985	0.204632879831127	0.192507721825538	0.246535844226387	0.250911153006963	0.229800440877131	0.253254803328203	0.233338315331404	0.258260161901404	0.0787259410368769	0.21601290897966	0.223198623169155	0.260338498530296	0.143012731119386	0.245882674668196	0.27065902551688	0.361236978498802
-0.170513657094276	-0.176874035453889	0.0788859302672574	0.154717415695216	0.145222934531382	0.100573912639317	0.0319134361445213	0.0144471080908937	0.0168734651218357	0.0447699972587079	0.0968237196502342	0.251227434649569	0.413692436710605	0.51193173372963	0.410305608918835	0.0479284083871962	0.0236505036522396	-0.0309382165755842	0.0714135544823767	0.0912826752810195	0.361650307686815	0.396806172210912	0.485641830889218	0.731825006306281	0.47715007314193	0.60886223825242	-0.0158041079873544	0.546146903100406	0.148836625885082	0.819737247941057	1	0.189735649179495	0.215802800914392	0.0154515195822499	0.201324512173941	0.1077882160778	0.099101858677572	0.450876238925368	0.36411017007321	0.121893013977499	0.0496407877468118	0.195070043004942	0.0932506754876316	-0.053345103435477	-0.0189199128346191	0.0292634091579611	0.0352627080993458	0.0503584694789426	0.0534438576480587	0.0378566506726854	0.0395033622643821	0.0298174376230075	0.0154221891741375	-0.0163160911126075	0.0137667662240737	0.017997110887358	0.0186994191093947	-0.0173413770448535	0.0226655611772486	0.118376498415969	0.0427695814716165	-0.021637668694272	0.01575551546016	0.0117273998004529	0.0484112045872654
-0.0877478849284353	-0.0825150985624821	0.233515552892105	0.191315122474689	0.148838859915441	0.323370801011485	0.0853705913519018	0.0176118801194176	0.0916938372205323	0.129564649764389	0.270289479687903	0.229226342915642	0.178537872689195	0.0691357834077925	0.209455465254111	0.349851433864985	0.219827554787451	0.380782300923903	0.1099292355489	0.203862784526234	0.178539064605988	0.110112595742608	0.23728440701061	0.317970884066532	0.283036310936514	0.070996072375594	0.408563417038109	0.215330730861101	0.3899017283683	0.235240907133164	0.189735649179495	1	0.0826694480015292	0.175342856117741	0.225451689334634	0.181310472861132	0.255809515595017	0.152164714055824	0.211126624091805	0.305470328450034	0.233643656520255	0.454116053559351	0.218662856517098	-0.188806537127049	-0.155109781430961	0.0361970401470256	-0.0550932698631472	-0.0610522295824301	-0.0493452210965749	-0.0575444319248371	-0.048817436601641	-0.0283430641144428	0.0349328189908809	0.0374475314373276	0.0701632559940503	0.0938968036253171	0.0963914582283369	0.0166256890243328	0.11433318687605	0.116921754624855	0.0260182936672658	0.176564543276906	0.0557099827826912	0.0249568183458287	0.187366749408394
-0.147208665837885	-0.146140113323235	0.294278024158779	0.140907542156763	0.091617662958574	0.218368934364043	0.203488472876218	0.178374077891711	0.189754089998267	0.184304468223758	0.20569457610189	0.204378064954883	0.126949063693243	0.304756934157316	0.217357707527466	0.0299863487618505	-0.0334752395554616	0.0998817933459296	0.10146083246515	-0.00475062956059772	0.308202405128221	0.322748206477648	0.181947814406657	0.267499424996728	0.286076222871934	0.255402214502794	0.147816904045673	0.286919432070374	0.297250156712938	0.396683039329362	0.215802800914392	0.0826694480015292	1	0.0163466969346279	0.465939345307983	0.371953846646407	0.263133140395929	0.335305253723334	0.238219709549448	0.227387253874245	0.157016650008599	0.308020726745777	0.29160293914683	-0.0795947550196644	0.057771620744141	-0.0641282722036317	0.10733252303773	0.0981907566466281	0.221449032451021	0.161757988295578	0.196580142326002	0.198104620265221	0.157910093388977	0.145099691738205	0.255557186152193	0.177722100092652	0.247952176085086	0.804267581404037	0.14527148384678	0.189215521256718	0.497615567474785	0.345318857289223	0.768379468506888	0.668229868544599	0.467727801161055
