"BMXBMI"	"BMXWT"	"PROT"	"CARB"	"SUGR"	"FIBE"	"TFAT"	"SFAT"	"MFAT"	"PFAT"	"CHOL"	"ATOC"	"ATOA"	"RET"	"VARA"	"ACAR"	"BCAR"	"CRYP"	"LYCO"	"LZ"	"VB1"	"VB2"	"NIAC"	"VB6"	"FOLA"	"FA"	"FF"	"FDFE"	"CHL"	"VB12"	"B12A"	"VC"	"VD"	"VK"	"CALC"	"PHOS"	"MAGN"	"IRON"	"ZINC"	"COPP"	"SODI"	"POTA"	"SELE"	"CAFF"	"THEO"	"ALCO"	"S040"	"S060"	"S080"	"S100"	"S120"	"S140"	"S160"	"S180"	"M161"	"M181"	"M201"	"M221"	"P182"	"P183"	"P184"	"P204"	"P205"	"P225"	"P226"
1	0.954567710078884	0.0754118562621974	0.0789448633281381	0.115800274088496	-0.113528473498928	0.113829964914679	0.067756456362848	0.0880203572373938	0.140778078917817	0.136419358855936	-0.0137686671338361	0.0750773274440366	0.0403835738556742	-0.0857693473450965	-0.174545815787306	-0.115627796239311	0.0325188563869471	-0.106626904009369	-0.0742200383763198	0.142228522393509	-0.0203857752334795	0.0570922135812861	0.00841088732749476	-0.0284081624926753	0.0521915700134694	-0.134903700388673	0.000548183211987571	0.032385190012192	0.0156468240227612	-0.00369136714423152	-0.0757850110691007	0.160501933609966	-0.0912573109425411	0.0626946762326584	0.0577588881403839	-0.156091617498759	0.0647001947010994	0.0213637490879978	-0.16660999311301	0.0861438486117188	-0.0598075769534848	0.0998878082878897	-0.0665549198907624	-0.0680653507139202	-0.0976764318592687	-0.00581504506681471	-0.0032363172739701	-0.000909719290752903	-0.0236181287012938	-0.0216902610116833	0.00761648136340934	0.0859752545866426	0.114316480428388	0.120762962328248	0.0895277849159329	0.127528965386758	0.0430359423987893	0.146158612868762	0.098341969704377	-0.0456626445031685	0.211173107702515	-0.0419396030194828	0.150369767688809	0.0337602928843815
0.954567710078884	1	0.0974574618899008	0.083266236410424	0.133225708966754	-0.114642972336855	0.128773844101375	0.10445787083794	0.107430834189879	0.119486910512986	0.157641886765669	-0.00863899938913261	0.0730522880918843	0.0925704069223254	-0.0539040268775072	-0.176707532244333	-0.108658173352673	0.017940784715277	-0.116218752722083	-0.0617075157882008	0.145069087324887	0.0434503494778426	0.0856747302305063	0.0283024707809567	0.00312225709449914	0.0689591308237197	-0.0996186897009773	0.0275633267925626	0.0497047629829684	0.0434053806882208	0.0219888246176722	-0.0943099928869132	0.184269441852063	-0.0818471442051699	0.115615905343976	0.0815414795396563	-0.124217112595077	0.0697507815261585	0.0582519923524414	-0.13473272749666	0.0953579676309587	-0.0493950904689836	0.109018470422926	-0.019468138369296	-0.0646108836452284	-0.0648417507660219	0.0632490527078695	0.05564704009922	0.0460801838975116	0.0365936744923012	0.0105696618123762	0.0653723365599	0.110509481270486	0.142611801596599	0.144950908298843	0.107851980237688	0.115955434175636	0.0177193985262605	0.123804728470288	0.0857238609709426	-0.00558232236632704	0.21917763609191	-0.0784885431626021	0.132506732416753	0.00238041943178124
0.0754118562621974	0.0974574618899008	1	0.365990944055186	0.170170352927637	0.452839334441911	0.524393347050688	0.411754059748748	0.530434394873701	0.469818673057262	0.608768713910611	0.427118541562625	0.0469390486864901	0.261241514314995	0.468910536969393	0.301820045185677	0.387573327807072	0.0427493168860108	0.133526560408899	0.396731644890151	0.491026724842095	0.59318481761948	0.655984399934166	0.480159259763251	0.348308304153917	0.154868239455551	0.438523006242421	0.288235709063073	0.783355476581968	0.48397037826331	0.107013637010087	0.135682922918513	0.311462787968038	0.405995542035355	0.488877847374257	0.866030971916277	0.671073721196291	0.458068357116919	0.673984735384514	0.64981896779602	0.732108701869793	0.688481245376325	0.817162745174647	0.141137654762072	-0.00369300949426248	-0.0198585457017505	0.155809390109339	0.105937446494582	0.174052932673202	0.177956433870736	0.16323190606285	0.230538575012669	0.471799293146741	0.408269010928665	0.547132575559222	0.52133526358167	0.382499692927449	0.0331178567720891	0.453140814817985	0.45240806395841	0.0459481451205697	0.591326967748828	0.183692091256776	0.334250162741827	0.209675012491443
0.0789448633281381	0.083266236410424	0.365990944055186	1	0.834137415602716	0.515378189604098	0.67413790231604	0.603535079356092	0.603954746238641	0.591148457101363	0.199381492999268	0.401932381355015	0.0494368342249568	0.406848047380693	0.239337599928237	0.0255376930378039	0.0362931056831533	0.190436412816716	0.330468887068084	0.0547312888791258	0.526906203682983	0.422805546679432	0.419093612366613	0.352620927371743	0.475105146840714	0.383591453985566	0.332212491038099	0.457035524722936	0.239062860141761	0.349281087027358	0.23907905852222	0.241304533249904	0.0947650461652404	0.0773999922160661	0.486012011111898	0.564596268994301	0.420157901796719	0.589950112329501	0.509116553592842	0.445168058169769	0.563648418066864	0.485986462188511	0.440882176904614	0.13905803216327	0.301624321617437	0.00128143389003021	0.426816265969296	0.376743535718465	0.334089997764488	0.379595332109343	0.298330177071243	0.491177510839514	0.621987414566516	0.582185568448741	0.404303559406358	0.60741988537138	0.378061718392806	-0.0693961826705403	0.596421168854724	0.531450428785228	0.102292120711434	0.15085093538577	-0.00760056387149769	-0.00425396090748171	-0.0922318478312833
0.115800274088496	0.133225708966754	0.170170352927637	0.834137415602716	1	0.196414749792029	0.52397688058321	0.495947326843527	0.441063757915595	0.448185549478944	0.208950230393386	0.180688776709025	-0.034175922540374	0.342742675354056	0.191256502170674	-0.000297028099040813	0.0207264297681363	0.0820214760937798	0.232265712676424	0.0365743967007702	0.228511443860014	0.276892907877068	0.187509378581646	0.174881777495828	0.149142920966664	0.131190320282399	0.0878210168887979	0.147279893645769	0.152590979311429	0.246616484328299	0.124579125043562	0.198180366105987	0.1211722472374	0.0599027256993678	0.307096373005396	0.337454884170193	0.142470360358322	0.298627293330356	0.288526382776533	0.153296078887801	0.301026442348322	0.290509163714064	0.189222300629984	0.220603532848214	0.284605934848149	-0.0173546272991256	0.387287503403817	0.394526133690574	0.272179466508877	0.345643254739634	0.216032220787729	0.423456664555405	0.507185898747685	0.486144030402743	0.350969106374242	0.440417462271727	0.257214606570862	0.021416953706308	0.448829975176087	0.424812557191269	0.0365229002660258	0.157781974200681	0.0169049744321578	0.0422705982830419	-0.0347967770533252
-0.113528473498928	-0.114642972336855	0.452839334441911	0.515378189604098	0.196414749792029	1	0.353215672741237	0.241173378665592	0.38846964708421	0.331493732605525	0.0594330908383398	0.660969124537256	0.212694816743649	0.278462910548946	0.565111993174524	0.29510230231915	0.492380273311398	0.467982048918437	0.379137470922948	0.422234028768065	0.430229276557953	0.470993633186929	0.355286338664106	0.455422011923363	0.645394423759973	0.311470566650508	0.776189960758046	0.543485871738907	0.312140180340421	0.232678455967239	0.233377629362687	0.49954334697528	0.115233867617593	0.436623023301357	0.504357630834283	0.621325072898449	0.847150143843364	0.645828805863968	0.512797937629084	0.769137678579175	0.429333176751554	0.752246176964261	0.382599871823973	0.0230639620590745	0.0508247470533766	-0.0562830296491562	0.161857506989376	0.0795595471059717	0.161955377364341	0.169204825370643	0.156860560621907	0.199101731052831	0.258695856630565	0.165387461003358	0.172046222631642	0.395550802254352	0.17068193366008	-0.11055344687422	0.331975269537836	0.324029716567384	0.0139606167434396	-0.00462980889998391	-0.0429272573856028	-0.0740780513384937	-0.0391130912230573
0.113829964914679	0.128773844101375	0.524393347050688	0.67413790231604	0.52397688058321	0.353215672741237	1	0.904938964143766	0.952660246496904	0.849419267588032	0.487153387135016	0.437722155951479	-0.0285532260300542	0.436506555159635	0.282073293500016	0.101599398415056	0.0655011125030301	0.0413323273580452	0.129115856302384	0.0476585865232475	0.507277913893323	0.462790783510936	0.383656272327438	0.24643697313993	0.351429851062217	0.255353106287116	0.289366573936627	0.327195196733588	0.454933861426311	0.305464278855621	0.091064910029063	0.11120849933642	0.183120697201507	0.0970018127121958	0.553683827483596	0.668280513047463	0.378137999235966	0.427000080772718	0.576977770913203	0.394824218729881	0.681024709752602	0.463515626447351	0.530623280412199	0.141872320415822	0.247810280418576	-0.0680044824776072	0.568612936218438	0.54565826847638	0.514003180723558	0.588418231187954	0.419364889512486	0.684356694881711	0.941177052005188	0.888307701763539	0.705614680625312	0.949008915490018	0.679697786733022	0.0432981852660164	0.849642389986645	0.774260001948219	0.0850605617483075	0.492643246565577	0.00507066434268993	0.111349925651197	-0.0546148839665798
0.067756456362848	0.10445787083794	0.411754059748748	0.603535079356092	0.495947326843527	0.241173378665592	0.904938964143766	1	0.807364479302123	0.5920915192737	0.435218897481038	0.225513521759132	-0.00403742499962459	0.567064087398613	0.235593679022941	-0.0517126704351444	-0.0596576589912496	0.0180055464346537	0.0885828994459441	-0.0401390445840371	0.502039976069234	0.441385103833558	0.266561119127827	0.207188323932833	0.35024833267773	0.323356436233349	0.181587137722741	0.351410949086928	0.334673358222995	0.335843280087139	0.160692832353435	0.0274835352198976	0.227225899892633	-0.0125381167324012	0.609541739514785	0.580690659755707	0.217766594083509	0.380800796088912	0.539481550883272	0.220696412916871	0.551931182811547	0.305208264110303	0.403558971419532	0.143508017286635	0.239663982255689	-0.0873363487631975	0.785338748156905	0.753573259405126	0.732565080439366	0.802993275381294	0.60186602999599	0.900625851453838	0.974765414142804	0.961189842630166	0.702110083650826	0.796278239742548	0.508672061762551	-0.0215859518925185	0.589874576846119	0.563877291923903	0.144483286209157	0.415537700380859	-0.0705301838492448	0.0725402677793199	-0.138257513022642
0.0880203572373938	0.107430834189879	0.530434394873701	0.603954746238641	0.441063757915595	0.38846964708421	0.952660246496904	0.807364479302123	1	0.782667534723287	0.476941318422719	0.490145977089407	-0.019246276271795	0.354043845633708	0.290549267490692	0.157371086439825	0.12267076582989	0.0206693798197969	0.117938014224654	0.0850314034191305	0.482820268915787	0.462871621665407	0.384327562369982	0.230524663948836	0.337089054855899	0.215485177510566	0.323436058991256	0.302966852034629	0.483345235491275	0.288727716412185	0.0620277288083341	0.118041444033278	0.178342987161707	0.121215519849822	0.491011815162533	0.639159312296593	0.442906554427085	0.429127351225892	0.590846767996717	0.459604690808069	0.630216689265066	0.500274238209645	0.544082977906353	0.117013012042122	0.257827275415787	-0.0488937343556836	0.451425947793455	0.417623634433849	0.367469266013147	0.448564701832211	0.271242643686644	0.556453511308834	0.864087581338806	0.820651231340002	0.738362822115108	0.998729638105823	0.691059813127653	0.0506741577164688	0.786395072794079	0.672637966586767	0.0947843280880464	0.484671593982229	-0.00291092298339344	0.0909561269955129	-0.0489874519142339
0.140778078917817	0.119486910512986	0.469818673057262	0.591148457101363	0.448185549478944	0.331493732605525	0.849419267588032	0.5920915192737	0.782667534723287	1	0.394735823021093	0.508349720364406	-0.0627002437461335	0.222787964789421	0.259595957188767	0.237003889886681	0.159206833054548	0.0724821880659507	0.119132017605532	0.106590070747997	0.356989017320259	0.34123532520124	0.384860514418729	0.219974407687958	0.250706634875165	0.122757478720454	0.298428485451393	0.211642954339763	0.430982111600273	0.16261965471318	-0.00997268049572735	0.192380500458446	0.0885287675044718	0.188672093069458	0.36119076576604	0.574793601975253	0.395078986650337	0.320225646575827	0.379819734570373	0.412023646145709	0.667203321295124	0.48041646231877	0.488495698557883	0.111817901071481	0.172579137244912	-0.0516765949082738	0.241276775169756	0.243446242491152	0.233358272329016	0.273936133344733	0.220975761118361	0.319174785615026	0.670443514002304	0.572545413792061	0.422512503539925	0.788931783202511	0.670805195326876	0.11095997103093	0.99850041099111	0.930732221257381	-0.0130289307545282	0.433864387629817	0.107356532931435	0.147402414369317	0.0763691354066388
0.136419358855936	0.157641886765669	0.608768713910611	0.199381492999268	0.208950230393386	0.0594330908383398	0.487153387135016	0.435218897481038	0.476941318422719	0.394735823021093	1	0.138951756863188	-0.129410797996774	0.277157924492052	0.317784320568933	0.199314187483141	0.200906719201726	-0.0274378463047701	-0.119613898928623	0.216798403871619	0.218144233477007	0.357294535223195	0.20018051221014	0.1793410530597	0.012168937713957	-0.0864324546743494	0.157261220147127	-0.0244033886258949	0.862025565512481	0.255496566502183	-0.0736614759177927	0.0304150991916735	0.329132072123481	0.203801237092149	0.200345705793199	0.504864816816412	0.209308140373034	0.106994815722078	0.337326937659998	0.216925590404276	0.463717330444109	0.306298058139165	0.516421571529691	0.17702083742669	0.112801993753937	-0.0728925689324573	0.20204077879608	0.243479588534329	0.226379795836623	0.236114774358685	0.137441494390834	0.241343724515232	0.496129540935446	0.442795384485217	0.526213827119529	0.469855683540477	0.297150443979308	-0.023812169891117	0.378357045964808	0.368844360908822	-0.0246657563184111	0.923854948273242	0.119049037549083	0.338123166908935	0.238758973220207
-0.0137686671338361	-0.00863899938913261	0.427118541562625	0.401932381355015	0.180688776709025	0.660969124537256	0.437722155951479	0.225513521759132	0.490145977089407	0.508349720364406	0.138951756863188	1	0.576621626425006	0.291097793132182	0.468641738284633	0.30038569803875	0.367154151583652	0.204422272782549	0.349992733840709	0.268562539158687	0.386427430343584	0.428111300525123	0.448452694223474	0.457041639656231	0.471663610748091	0.262484898067146	0.51307117384343	0.409956837208549	0.302109549119267	0.336401814691731	0.307834741460945	0.340844211186874	0.165916374551259	0.294749253558785	0.362022948122415	0.485868563168589	0.677849851855964	0.531312372269501	0.413885193821755	0.684640765547621	0.470610812538779	0.617609423004884	0.406183643832386	0.0201769212640529	0.119057691704574	-0.046976727601379	0.0543880065108367	0.00853467907319478	0.0998343770950982	0.0980033034673295	0.133891951959779	0.099387700421427	0.261654953450105	0.166371899934597	0.174671163198971	0.503005609846152	0.304665101491964	0.0250003981443882	0.514963762174219	0.434090740714403	-0.0434579178778505	0.0823139314011096	0.10225330757095	-0.0171394923320201	0.0576576870649628
0.0750773274440366	0.0730522880918843	0.0469390486864901	0.0494368342249568	-0.034175922540374	0.212694816743649	-0.0285532260300542	-0.00403742499962459	-0.019246276271795	-0.0627002437461335	-0.129410797996774	0.576621626425006	1	0.345871082571155	0.130313150419871	-0.0583210827755922	-0.050703575738574	0.026979954005769	0.128162344617058	-0.0175161814362844	0.295890093000867	0.184831528568813	0.187878276401265	0.352635771072724	0.317808000222747	0.372737544829599	0.0428278340796253	0.348321027461783	-0.091738263693343	0.341607913358661	0.527033967790528	0.0669133465712655	0.128118076403702	-0.0348886391735263	0.197441974507575	0.0466221758937565	0.160681705930008	0.328601480416203	0.0955278943129836	0.141250449723921	0.0243381816117036	0.0508097327121875	8.97427242610146e-05	-0.0316645679536368	-0.0183930485792185	-0.0664667694555036	0.043557519861142	-0.0386595657067798	0.062832900482451	0.0449112466622526	0.103627398965782	0.0760546312507581	-0.0485328095353691	-0.0301465879100644	-0.0241197942913959	-0.0179198022754213	-0.0994616569821105	-0.0548444494845405	-0.0546625406780346	-0.0769446404522318	-0.0650155162391748	-0.183109611729405	-0.0604207301910816	-0.137229286726135	-0.0908181233938772
0.0403835738556742	0.0925704069223254	0.261241514314995	0.406848047380693	0.342742675354056	0.278462910548946	0.436506555159635	0.567064087398613	0.354043845633708	0.222787964789421	0.277157924492052	0.291097793132182	0.345871082571155	1	0.502547447303967	0.0645647977737908	-0.0120673528951617	0.0453759476782218	0.0830457500230505	0.0266853699964912	0.556154547808412	0.625695936734566	0.260952227400883	0.382806405921993	0.473379798389685	0.483350101347991	0.174799557610782	0.492429686779745	0.30729129605598	0.566656525577282	0.543451699692931	0.142108587192963	0.622507436103624	0.0275974059211797	0.722742309368927	0.500344600532385	0.290918986306738	0.558074742309717	0.526021568761174	0.229085131561119	0.272923794020938	0.301028206410231	0.229178160500907	0.0941017098584148	0.0756970757742865	-0.110502228321145	0.654604852885125	0.623594775358864	0.497709010488617	0.599808788655482	0.364573993709736	0.611560064629844	0.52651705911979	0.482100718614253	0.270392494833238	0.348369580113498	0.141097763228869	-0.112006418412754	0.214463497824573	0.233997275843792	0.0722022338801398	0.187773417065544	-0.0920346056013901	-0.0420208969140892	-0.0818558730937923
-0.0857693473450965	-0.0539040268775072	0.468910536969393	0.239337599928237	0.191256502170674	0.565111993174524	0.282073293500016	0.235593679022941	0.290549267490692	0.259595957188767	0.317784320568933	0.468641738284633	0.130313150419871	0.502547447303967	1	0.677398571807625	0.856819756177369	0.221910627000974	0.0807161650314102	0.713324822862376	0.301244886064037	0.610348617063202	0.226099393769375	0.425869230200166	0.400455849867794	0.155967000993528	0.539971937647282	0.323382489783854	0.527916594229226	0.344701856851164	0.218417703972542	0.455239947853712	0.410843752462007	0.729991853328866	0.506615424366596	0.585841501023916	0.630762852089241	0.493863029590684	0.484907098512312	0.519857441880451	0.365123091735553	0.65573447805985	0.248612707379683	0.121167834168787	-0.037419477292928	-0.0144072345917025	0.225697931283049	0.201815055869308	0.233417396722551	0.234263495514621	0.215993797272201	0.2011520349867	0.248496434639374	0.151933957178638	0.167841064054525	0.295202276520724	0.0629262176481269	-0.00166880249820034	0.245162213084981	0.308088882406362	0.0577867750487913	0.241887187870213	0.063661274717878	0.00473896284574619	0.114757627613928
-0.174545815787306	-0.176707532244333	0.301820045185677	0.0255376930378039	-0.000297028099040813	0.29510230231915	0.101599398415056	-0.0517126704351444	0.157371086439825	0.237003889886681	0.199314187483141	0.30038569803875	-0.0583210827755922	0.0645647977737908	0.677398571807625	1	0.703961932015592	0.137224882883164	-0.0520827273522822	0.447706773268503	0.02707627127033	0.263590321003284	0.0645901507977176	0.142324793582361	0.115656121150785	-0.0378772229125183	0.284863177739634	0.0629067850865861	0.368844289867638	0.140268736461899	-0.0712810387627909	0.307797181042892	0.142001911524736	0.489443646171857	0.130476340338822	0.302786439297794	0.368148817743697	0.163246603380229	0.24833883593605	0.294736964206583	0.22802120844592	0.391198779046281	0.159838597196718	0.0535947550379184	-0.0698761788483817	0.0403947232125202	-0.0775198396464395	-0.106420305502291	-0.0989164834649874	-0.11921327475889	-0.0832397177357304	-0.132145515705775	0.00294160067200541	-0.0811166927876757	-0.0139981536299584	0.169202249071794	0.0262544634411447	0.165362840675438	0.224545283752733	0.300095018298112	0.042651842765098	0.119402706679735	0.196042016688095	0.000846683934081903	0.209201772536322
-0.115627796239311	-0.108658173352673	0.387573327807072	0.0362931056831533	0.0207264297681363	0.492380273311398	0.0655011125030301	-0.0596576589912496	0.12267076582989	0.159206833054548	0.200906719201726	0.367154151583652	-0.050703575738574	-0.0120673528951617	0.856819756177369	0.703961932015592	1	0.224282907241278	0.0512368681315085	0.822462366778192	0.0202683089197813	0.337317226094902	0.10932397883745	0.271742028671263	0.185588098187846	-0.10671296353009	0.527708400022387	0.0839120089858874	0.425317310609285	0.0585922062210203	-0.0639605326262455	0.440735087641266	0.104362624665564	0.838644863700693	0.161180572740883	0.381805114387087	0.560245287397981	0.244271199919519	0.246597923827834	0.469212664252867	0.258508516799372	0.582715661775689	0.148933059433425	0.0869153575244768	-0.0880189253366994	0.0483115714825133	-0.124712282972502	-0.132073078186895	-0.0156070438883039	-0.0759399896994812	0.044808250511627	-0.122608537964672	-0.0233219594806633	-0.106527153978309	0.0400083174500642	0.130778962792162	-0.0129300362160655	0.0533329526313061	0.147732054372005	0.206249103261279	0.0215031803560037	0.170679365461185	0.118080120082104	0.0323014548430345	0.173239854627479
0.0325188563869471	0.017940784715277	0.0427493168860108	0.190436412816716	0.0820214760937798	0.467982048918437	0.0413323273580452	0.0180055464346537	0.0206693798197969	0.0724821880659507	-0.0274378463047701	0.204422272782549	0.026979954005769	0.0453759476782218	0.221910627000974	0.137224882883164	0.224282907241278	1	0.135363388845421	0.163438309464909	0.050161492568183	0.0623746400600192	-0.0290529124215469	0.100911178923534	0.161885706305564	-0.0603337205773692	0.409877445035644	0.0853095249807466	0.06244414698072	-0.0957259369459735	-0.0599855316442495	0.471959104166976	0.0438252995228338	0.166805078955296	0.0915461633638207	0.132564126336299	0.345113331468079	0.109683416933585	0.0133557141752085	0.226819270844004	0.0326918279369357	0.320700289711782	-0.00551620825339446	-0.108126389048044	0.0278539570972311	0.0386066941037866	0.046069312949854	0.0762661305900201	0.0908577471594463	0.0621762389524353	0.0819372425410188	0.0197558606764216	0.0246810340822533	-0.042446971241838	-0.091204338473172	0.0265876013787892	-0.0223490163039585	-0.00836395739128438	0.070223635840778	0.0937535989015294	0.039458783489882	-0.0395307038613162	0.0184686428749503	0.034157259611801	0.109018379900747
-0.106626904009369	-0.116218752722083	0.133526560408899	0.330468887068084	0.232265712676424	0.379137470922948	0.129115856302384	0.0885828994459441	0.117938014224654	0.119132017605532	-0.119613898928623	0.349992733840709	0.128162344617058	0.0830457500230505	0.0807161650314102	-0.0520827273522822	0.0512368681315085	0.135363388845421	1	0.065604724233107	0.123328831178127	0.230911048479588	0.373362696941665	0.261994412427254	0.181913898909804	0.114954970908244	0.177195421582875	0.163337806215632	0.0176204972899639	0.257971832280659	0.247269091896533	0.0312360583638944	-0.144253708292789	0.0874868999385502	0.127477295721313	0.168690987687428	0.302165320310706	0.315288687908938	0.193228667658891	0.346577176506326	0.214645773665865	0.278324596373025	0.312079671916973	0.0922354933357297	0.0859996561035691	0.0723272659344977	0.0406991600317867	-0.00123073430417939	-0.00697158140760306	0.0591861089541536	0.0101133213980071	0.0969005744484684	0.0935501291548884	0.0591270100043609	0.116205346643214	0.110727675776627	0.179006648885761	-0.056921889928564	0.117297377190727	0.122107111464057	0.0386820367729482	-0.0982012957128803	0.020642932452884	-0.0644512935161713	-0.0602989694038234
-0.0742200383763198	-0.0617075157882008	0.396731644890151	0.0547312888791258	0.0365743967007702	0.422234028768065	0.0476585865232475	-0.0401390445840371	0.0850314034191305	0.106590070747997	0.216798403871619	0.268562539158687	-0.0175161814362844	0.0266853699964912	0.713324822862376	0.447706773268503	0.822462366778192	0.163438309464909	0.065604724233107	1	0.0628270898564519	0.388074850051595	0.100745430861596	0.247909055269225	0.167410276020704	-0.0849015557269107	0.458475981412028	0.0798455855872271	0.425302853481829	0.0625211073757722	-0.00776344942384712	0.347638111055874	0.100070784989626	0.981164597987121	0.227587690253905	0.416177548810031	0.534492632998305	0.280912531385016	0.262190034543309	0.405814481524443	0.223687565509638	0.490408871929947	0.131798050622812	0.155190671917096	-0.0689774684467853	0.0917217818579252	-0.107786560799468	-0.116989253033652	-0.088797635990189	-0.104862721573697	-0.0637953676411173	-0.11292594354313	0.0099911532126662	-0.0638523625768881	0.07084632286382	0.0866281595760592	0.0151487931285396	-0.00453209090324652	0.0965407020557593	0.127988036135683	0.0174433096594539	0.234271484444112	0.0302851465230474	0.0504285711677159	0.11054274738528
0.142228522393509	0.145069087324887	0.491026724842095	0.526906203682983	0.228511443860014	0.430229276557953	0.507277913893323	0.502039976069234	0.482820268915787	0.356989017320259	0.218144233477007	0.386427430343584	0.295890093000867	0.556154547808412	0.301244886064037	0.02707627127033	0.0202683089197813	0.050161492568183	0.123328831178127	0.0628270898564519	1	0.569337813591416	0.506003791713013	0.445949100663516	0.673387863745679	0.616374927998209	0.357516014296404	0.674530975897068	0.334666812360141	0.469441659955672	0.427924342683069	0.0964113334177061	0.307468928567903	0.0748425190931799	0.605541842377071	0.59345022783171	0.418602876424542	0.741939772402558	0.657517854443914	0.442921941567811	0.550012223626456	0.417196007320017	0.523988759498871	0.0372208280176022	0.153079242809603	-0.0466254731058397	0.326437687715349	0.253672301701313	0.278747591045804	0.297168118643029	0.247124024095427	0.39285886485351	0.51655293979874	0.513712589821547	0.354880804385745	0.482195377513177	0.328907166889194	-0.132224628006982	0.359611225876032	0.295763757642606	-0.00389560726229548	0.205249459568589	-0.0755002271285471	-0.0806912291511603	-0.136085636771138
-0.0203857752334795	0.0434503494778426	0.59318481761948	0.422805546679432	0.276892907877068	0.470993633186929	0.462790783510936	0.441385103833558	0.462871621665407	0.34123532520124	0.357294535223195	0.428111300525123	0.184831528568813	0.625695936734566	0.610348617063202	0.263590321003284	0.337317226094902	0.0623746400600192	0.230911048479588	0.388074850051595	0.569337813591416	1	0.617445005258299	0.598787254591639	0.503947184273721	0.350762263786756	0.439491396504523	0.463859122976503	0.541282059462234	0.605135982383695	0.504193365777901	0.163756561248415	0.45313786945105	0.394262538026852	0.653515195364019	0.711965055414011	0.611012305697353	0.591079327569332	0.610582213055995	0.49818030388592	0.473019547267997	0.618911955611803	0.472648282029347	0.416516584606879	0.0391132134795253	0.0346676701630789	0.381821473209703	0.341462245889142	0.2795952296013	0.368635310325069	0.207039138899062	0.370887988882731	0.451510191490959	0.396735663566472	0.393978336187567	0.453533804556759	0.213125084395607	-0.089337367062273	0.331094832867815	0.339181134931686	0.0372371477721036	0.309991293859254	-0.0578356259923052	-0.0221537859369959	-0.0524756001019136
0.0570922135812861	0.0856747302305063	0.655984399934166	0.419093612366613	0.187509378581646	0.355286338664106	0.383656272327438	0.266561119127827	0.384327562369982	0.384860514418729	0.20018051221014	0.448452694223474	0.187878276401265	0.260952227400883	0.226099393769375	0.0645901507977176	0.10932397883745	-0.0290529124215469	0.373362696941665	0.100745430861596	0.506003791713013	0.617445005258299	1	0.765808937185204	0.478574247987929	0.429042529327387	0.267837531120006	0.476302085474076	0.361289754264572	0.613930249518751	0.503080056066657	-0.0327631686358261	0.119151979108407	0.106604776978834	0.280937994738312	0.564084407200709	0.516451316010606	0.54205879596777	0.568489158386437	0.515496326762757	0.599913235447515	0.4998732022364	0.632308578641713	0.147352413107354	0.0010754627459523	0.0277621966641675	0.0771162136996599	0.0125325160294151	0.0947846024421331	0.089861876980986	0.131910224521747	0.142127923147875	0.29373232541368	0.258909771335609	0.375970343222066	0.376081499877434	0.392736047962832	0.0713845035126888	0.383364262592389	0.312641095635747	0.0199963555392784	0.230904883974452	0.180579267234904	0.10134223766241	0.0730797658846316
0.00841088732749476	0.0283024707809567	0.480159259763251	0.352620927371743	0.174881777495828	0.455422011923363	0.24643697313993	0.207188323932833	0.230524663948836	0.219974407687958	0.1793410530597	0.457041639656231	0.352635771072724	0.382806405921993	0.425869230200166	0.142324793582361	0.271742028671263	0.100911178923534	0.261994412427254	0.247909055269225	0.445949100663516	0.598787254591639	0.765808937185204	1	0.571024877370956	0.495736595072059	0.345620832762664	0.562317373337056	0.331544789572272	0.637810014491185	0.699591087635985	0.14672112219615	0.189751714169581	0.248328741206826	0.320543738302603	0.473012315246836	0.511597712746997	0.559984725232522	0.482858800402991	0.416857880016843	0.429964152777961	0.51737574372745	0.35250492284329	0.088288430150838	-0.0740640817789542	0.0652492042084417	0.157631046030772	0.0806399534150792	0.202689305915015	0.169360840741958	0.20282079408407	0.19698168940905	0.20036209509689	0.148140923837123	0.260418295290064	0.226861285787883	0.108923817147328	-0.0372218960654429	0.216422522955376	0.218851207617669	-0.0727615028255686	0.131186123747217	0.0525132408618835	-0.0120210439843718	0.0159389037020128
-0.0284081624926753	0.00312225709449914	0.348308304153917	0.475105146840714	0.149142920966664	0.645394423759973	0.351429851062217	0.35024833267773	0.337089054855899	0.250706634875165	0.012168937713957	0.471663610748091	0.317808000222747	0.473379798389685	0.400455849867794	0.115656121150785	0.185588098187846	0.161885706305564	0.181913898909804	0.167410276020704	0.673387863745679	0.503947184273721	0.478574247987929	0.571024877370956	1	0.861014938462383	0.615913142186351	0.982228655263221	0.173254722612969	0.487925685512901	0.546669351890491	0.236789486304356	0.238956513915333	0.185815928295311	0.576387348917261	0.518701298263823	0.537512615114336	0.812330280587806	0.604683090109736	0.529727605870388	0.428995864866577	0.490860287457397	0.361937425259361	-0.0119834610054428	0.019065170496738	-0.0122095115297155	0.312490918609442	0.167975112400789	0.286958577378029	0.270847456394491	0.262739978003989	0.358514081668672	0.330931897644171	0.298385676743482	0.216746320788391	0.340189331730579	0.153348496092043	-0.123233974727267	0.249213196989493	0.271404303123187	-0.0187848847316545	-0.0738354867330051	-0.0220918364131927	-0.0943882612525058	-0.0745590113959069
0.0521915700134694	0.0689591308237197	0.154868239455551	0.383591453985566	0.131190320282399	0.311470566650508	0.255353106287116	0.323356436233349	0.215485177510566	0.122757478720454	-0.0864324546743494	0.262484898067146	0.372737544829599	0.483350101347991	0.155967000993528	-0.0378772229125183	-0.10671296353009	-0.0603337205773692	0.114954970908244	-0.0849015557269107	0.616374927998209	0.350762263786756	0.429042529327387	0.495736595072059	0.861014938462383	1	0.129661883864693	0.941154743598333	-0.0607789878296513	0.536806798355734	0.655898493695442	-0.0492121379585796	0.177131336565372	-0.0880252134977717	0.441320717507235	0.306028459031552	0.195980333799709	0.731874750388929	0.520813974388533	0.209643776733676	0.304287023902163	0.134034184852517	0.235203388882647	-0.0916096521626709	0.0528257091403434	-0.101976031231321	0.320632247867224	0.157176748660633	0.276133705014445	0.253003385506981	0.261992673594429	0.369825049374311	0.279984224151252	0.304453436584047	0.185070118224761	0.216197862723802	0.0767382843995268	-0.134881908486739	0.12799915658934	0.118167182837376	-0.0179488003113853	-0.143723535939001	-0.0750393618619478	-0.157512563274724	-0.154040811717602
-0.134903700388673	-0.0996186897009773	0.438523006242421	0.332212491038099	0.0878210168887979	0.776189960758046	0.289366573936627	0.181587137722741	0.323436058991256	0.298428485451393	0.157261220147127	0.51307117384343	0.0428278340796253	0.174799557610782	0.539971937647282	0.284863177739634	0.527708400022387	0.409877445035644	0.177195421582875	0.458475981412028	0.357516014296404	0.439491396504523	0.267837531120006	0.345620832762664	0.615913142186351	0.129661883864693	1	0.45714188373657	0.431904806467876	0.120329751441516	0.0505168094237314	0.538801057487855	0.192446648080461	0.499222553449548	0.440326112208792	0.536874720893801	0.744728559786234	0.450791137458036	0.372315109893672	0.707575113653121	0.364129457764541	0.749523750905563	0.340823065173801	0.117767969189405	-0.0450419367691126	0.134432558655942	0.112511703414451	0.0840863239035802	0.131126594779676	0.135677890428394	0.105579102248927	0.125845905807495	0.211110100547692	0.109906818732907	0.135827173430723	0.328368662259459	0.180294225698218	-0.0311731049996233	0.287370342175604	0.346058672050779	-0.00876708155948445	0.0784979899133889	0.0731648859939403	0.0604731734936096	0.0937128033969609
0.000548183211987571	0.0275633267925626	0.288235709063073	0.457035524722936	0.147279893645769	0.543485871738907	0.327195196733588	0.351410949086928	0.302966852034629	0.211642954339763	-0.0244033886258949	0.409956837208549	0.348321027461783	0.492429686779745	0.323382489783854	0.0629067850865861	0.0839120089858874	0.0853095249807466	0.163337806215632	0.0798455855872271	0.674530975897068	0.463859122976503	0.476302085474076	0.562317373337056	0.982228655263221	0.941154743598333	0.45714188373657	1	0.092387054373938	0.522116268440784	0.605203649693872	0.13951660134226	0.2240002950686	0.0910370992763316	0.545252947058387	0.457021841943629	0.429324863166849	0.809837985622163	0.593729834302479	0.42930797365558	0.396875258731345	0.375506201854051	0.327054139432673	-0.042318064016732	0.0321655699484874	-0.0454177538952645	0.325267287056553	0.169146225211963	0.292272899062721	0.272811900111217	0.271190828934451	0.374101884653684	0.322567495408961	0.309961259899975	0.21176761338654	0.305305588820385	0.130020660210826	-0.131642439352679	0.212562058632557	0.223913969314008	-0.0196195909012962	-0.102635161619621	-0.0421443748870216	-0.120760564044231	-0.106248701779424
0.032385190012192	0.0497047629829684	0.783355476581968	0.239062860141761	0.152590979311429	0.312140180340421	0.454933861426311	0.334673358222995	0.483345235491275	0.430982111600273	0.862025565512481	0.302109549119267	-0.091738263693343	0.30729129605598	0.527916594229226	0.368844289867638	0.425317310609285	0.06244414698072	0.0176204972899639	0.425302853481829	0.334666812360141	0.541282059462234	0.361289754264572	0.331544789572272	0.173254722612969	-0.0607789878296513	0.431904806467876	0.092387054373938	1	0.358108306930487	-0.00109714367428211	0.196313298530192	0.409104347954536	0.436358851906853	0.336808254221401	0.693513589304955	0.538876021171518	0.27947174860162	0.488327487434559	0.524928052116026	0.56378710058277	0.615575512959358	0.629099298705267	0.20718006529587	0.0820545573876262	0.0562100449354022	0.0870972684172389	0.0954451161100308	0.101410397857484	0.103654818978826	0.0531732376112745	0.113315723014383	0.4170296881208	0.345021181421358	0.456003719261821	0.479649521138447	0.337309548524404	-0.0308974667288125	0.408485948295212	0.417379093145357	-0.0019402749720553	0.807914012917944	0.156686734933491	0.296570648178729	0.263697440899362
0.0156468240227612	0.0434053806882208	0.48397037826331	0.349281087027358	0.246616484328299	0.232678455967239	0.305464278855621	0.335843280087139	0.288727716412185	0.16261965471318	0.255496566502183	0.336401814691731	0.341607913358661	0.566656525577282	0.344701856851164	0.140268736461899	0.0585922062210203	-0.0957259369459735	0.257971832280659	0.0625211073757722	0.469441659955672	0.605135982383695	0.613930249518751	0.637810014491185	0.487925685512901	0.536806798355734	0.120329751441516	0.522116268440784	0.358108306930487	1	0.752396372910978	-0.0493934475096918	0.455307480486808	0.0714132549342535	0.481348528387786	0.490177489414766	0.326202906034219	0.568797861600125	0.571687497492348	0.348000281950119	0.503396418421584	0.325804927536545	0.519407209990691	0.10058226868177	-0.0951856142581257	-0.0297070416600554	0.310329579775493	0.207081870978672	0.195553108207368	0.243971273803366	0.137952481370588	0.344106951777988	0.331649719341603	0.301369833765513	0.40210544731353	0.274815638122232	0.190504577648304	0.0996219566721533	0.146810944843708	0.183512932073813	0.115510979346196	0.144848706903606	0.290940444823527	0.208503942184938	0.235418479150166
-0.00369136714423152	0.0219888246176722	0.107013637010087	0.23907905852222	0.124579125043562	0.233377629362687	0.091064910029063	0.160692832353435	0.0620277288083341	-0.00997268049572735	-0.0736614759177927	0.307834741460945	0.527033967790528	0.543451699692931	0.218417703972542	-0.0712810387627909	-0.0639605326262455	-0.0599855316442495	0.247269091896533	-0.00776344942384712	0.427924342683069	0.504193365777901	0.503080056066657	0.699591087635985	0.546669351890491	0.655898493695442	0.0505168094237314	0.605203649693872	-0.00109714367428211	0.752396372910978	1	-0.0601625199639277	0.260733251791414	-0.0183800454115627	0.35575086832942	0.200033655861463	0.192592420790757	0.553479238700774	0.329769697134567	0.174303308948416	0.188469673881666	0.121242774288726	0.114842303805523	0.0733798393634819	-0.0955572752136325	-0.040334632635722	0.220807809233398	0.109184079994295	0.197844488278224	0.194076271589097	0.186094871614753	0.258813800593486	0.116053740652008	0.104866001813125	0.133741248853981	0.0546938749743104	-0.0341225784871505	-0.102758739967494	-0.0092555602733338	-0.022748755332781	-0.104652943732911	-0.140344325595321	-0.0652051057616632	-0.123506799140705	-0.120065506225568
-0.0757850110691007	-0.0943099928869132	0.135682922918513	0.241304533249904	0.198180366105987	0.49954334697528	0.11120849933642	0.0274835352198976	0.118041444033278	0.192380500458446	0.0304150991916735	0.340844211186874	0.0669133465712655	0.142108587192963	0.455239947853712	0.307797181042892	0.440735087641266	0.471959104166976	0.0312360583638944	0.347638111055874	0.0964113334177061	0.163756561248415	-0.0327631686358261	0.14672112219615	0.236789486304356	-0.0492121379585796	0.538801057487855	0.13951660134226	0.196313298530192	-0.0493934475096918	-0.0601625199639277	1	0.154590306156025	0.400611281406048	0.167332304196349	0.237872234844172	0.414137276108257	0.203417214158723	0.10381970219949	0.346324601423254	0.135174986242625	0.563338919810678	0.0253032802600905	0.0326283370194178	0.0486088013701	0.0511180252934845	0.0367124117383116	0.0559080053809494	0.0567846653211316	0.0681654159237863	0.0762954439368551	-0.00577849479665844	0.0434321639492338	-0.0191131278335295	0.00378910360765386	0.12733982944811	-0.0260158219815227	-0.0538600174905341	0.184690681899606	0.252103351589434	-0.0413996608748533	-0.0283611057345667	0.0502600936386681	0.0718713659020197	0.0959637555362354
0.160501933609966	0.184269441852063	0.311462787968038	0.0947650461652404	0.1211722472374	0.115233867617593	0.183120697201507	0.227225899892633	0.178342987161707	0.0885287675044718	0.329132072123481	0.165916374551259	0.128118076403702	0.622507436103624	0.410843752462007	0.142001911524736	0.104362624665564	0.0438252995228338	-0.144253708292789	0.100070784989626	0.307468928567903	0.45313786945105	0.119151979108407	0.189751714169581	0.238956513915333	0.177131336565372	0.192446648080461	0.2240002950686	0.409104347954536	0.455307480486808	0.260733251791414	0.154590306156025	1	0.0936352427379582	0.557578035577667	0.4112251521167	0.271057470416	0.296294152346685	0.308048260408528	0.165656560245244	0.137168283769442	0.352455770734101	0.290126405835798	-0.0474093688806811	-0.0957448646941921	-0.210197407238544	0.302832388565734	0.340234701255208	0.203177449837984	0.242877299058775	0.0568022204637263	0.228633851803308	0.234550200184011	0.187206932119883	0.143827327827203	0.175705432491721	0.133159626115337	0.0938784549771366	0.0666581224702108	0.131650023955423	0.0784827956786468	0.296066188167353	0.0496408086550233	0.388748117325746	0.281779754531592
