"BMXWT"	"PROT"	"CARB"	"SUGR"	"FIBE"	"TFAT"	"SFAT"	"MFAT"	"PFAT"	"CHOL"	"ATOC"	"ATOA"	"RET"	"VARA"	"ACAR"	"BCAR"	"CRYP"	"LYCO"	"LZ"	"VB1"	"VB2"	"NIAC"	"VB6"	"FOLA"	"FA"	"FF"	"FDFE"	"CHL"	"VB12"	"B12A"	"VC"	"VD"	"VK"	"CALC"	"PHOS"	"MAGN"	"IRON"	"ZINC"	"COPP"	"SODI"	"POTA"	"SELE"	"CAFF"	"THEO"	"ALCO"	"S040"	"S060"	"S080"	"S100"	"S120"	"S140"	"S160"	"S180"	"M161"	"M181"	"M201"	"M221"	"P182"	"P183"	"P184"	"P204"	"P205"	"P225"	"P226"
1	-0.0859246749267983	-0.219178279180803	-0.149124866952709	-0.156297293279906	-0.1078682713769	-0.113189443735605	-0.0879266211566846	-0.113114737518072	-0.087923828537426	-0.0526398376839833	-0.00169941746554309	0.00444562329922891	-0.0210845898928804	-0.0458879425233656	-0.0437128375336828	-0.0726257841316836	-0.0443565018020605	-0.0521959334266463	-0.183775387338693	-0.141653099818274	-0.124539787980502	-0.0536322496566458	-0.163010543038894	-0.183498703630871	-0.0673645354031855	-0.174649938712246	-0.1018032583149	-0.082533943795745	-0.0347802950794266	-0.0907581913294098	-0.103583014599139	-0.0273324857680772	-0.108575932444001	-0.116432367132412	-0.082449369427653	-0.112910534803032	-0.0435721875446364	-0.109715923124584	-0.11595306347919	-0.0632498603863952	-0.149306080301265	-0.0277889391009428	-0.201134549684308	0.0226684077958305	-0.04079397578031	-0.0560586908916909	-0.0721727647601744	-0.0697730501892696	-0.143821397732803	-0.0723998792459341	-0.123832358292544	-0.0880244126032386	-0.0638818750196306	-0.0843103597169839	-0.0809539644596237	-0.114758105735653	-0.110559158057865	-0.032637970307287	-0.14481037302333	-0.106105151204855	-0.127537430027693	-0.0879642707421362	-0.15828739247473
-0.0859246749267983	1	0.48155768991952	0.309599794976517	0.517030372568549	0.628531543007574	0.544790880861095	0.618505144575072	0.509291165638336	0.662670944333021	0.501885834488623	0.25824194632995	0.552917320763775	0.513859096665893	-0.0236805114913567	0.127322696649545	0.114197018188851	0.0994953550864942	0.169102436117159	0.668951370160869	0.675801596856175	0.699399939322426	0.595863833223921	0.601888143962963	0.437127536753058	0.57018857700397	0.565427451074348	0.735255814998945	0.537785092865456	0.108823846428603	0.18114157557281	0.422712525560999	0.243422312187066	0.687385623422927	0.915760012985117	0.692082947325309	0.598995371440634	0.707020047663083	0.584776511155992	0.75225439505954	0.729966097767285	0.875854564887263	0.00909981384345896	0.09366616369215	-0.0496915818839324	0.381935943549074	0.420186360544516	0.275827775807146	0.404301038956708	0.124997086386112	0.423309760192714	0.573424496078958	0.558401690770392	0.521118511583908	0.597030289301705	0.404074620146931	0.473856927035141	0.490693927672756	0.553643496134525	0.249363827519132	0.660845900890523	0.217005686024957	0.589305368153071	0.29527567432186
-0.219178279180803	0.48155768991952	1	0.82335129678376	0.627273032791299	0.679472997744946	0.634803283057207	0.574006239135365	0.625710624915052	0.393089100599062	0.255486735808462	-0.0856410994250207	0.30041214315662	0.253730973452723	0.0384613082213899	0.00758821432693692	0.23888973524467	0.26962845895942	0.0244911635785029	0.597163451717907	0.570608910810768	0.533364844700987	0.435933762012494	0.556932417422706	0.370754738678445	0.564100402311435	0.510099389553498	0.466549097518103	0.391337356404623	0.278701597576719	0.263250922599266	0.169333050767007	0.0728649678857465	0.472992529733442	0.607726371518135	0.452939687025854	0.651757011205225	0.510965778868347	0.566754974143378	0.643116104235941	0.577863918711222	0.547611297533513	0.196718094954093	0.233758014044546	0.00731659255751365	0.489250115962275	0.495303986101651	0.407547727529256	0.46065479362095	0.226310645713285	0.500509952889443	0.661158247952078	0.612692099339826	0.301953009652303	0.575357173899879	0.309362157893326	0.31121125770594	0.611735112309988	0.523168696468559	0.198124183523405	0.328796189092155	0.0861641501594419	0.173551944616421	0.122225714595682
-0.149124866952709	0.309599794976517	0.82335129678376	1	0.373139123621154	0.63459545667755	0.571960201359326	0.545789159848245	0.584794711991529	0.391126346113465	0.223861658478338	-0.067751454157947	0.294968624242458	0.215925453052637	-0.0401915365917161	-0.0494434670262574	0.194897010139898	0.130358293006514	0.0257214363264625	0.332752748078381	0.498998159394076	0.39055791699086	0.386498991836549	0.275874342085759	0.124497643116175	0.356308887777989	0.232325342613441	0.346606236404384	0.391618902321979	0.332260380921451	0.314674651875151	0.167614779237609	0.0760063788670804	0.34661822807921	0.45476462938982	0.284781762990642	0.45012005839644	0.4255748223585	0.39735374304795	0.468905657619527	0.45816745573685	0.323211084594837	0.223031464833337	0.334803619124333	-0.0540520158303071	0.461630407350329	0.445859229346868	0.387568556345003	0.404297612934088	0.208906706836442	0.428885017944848	0.600481662942511	0.559587046957861	0.329528928870996	0.545246085416861	0.290986822248506	0.33093790502222	0.57213616613735	0.514848756747088	0.151630213121458	0.325413306625106	0.0618397836146433	0.139731800293049	0.094134761509272
-0.156297293279906	0.517030372568549	0.627273032791299	0.373139123621154	1	0.409240483036194	0.29782474014346	0.428822012300234	0.405267015950438	0.265842500927643	0.516612186337017	0.119529847597094	0.417696733758647	0.506575325008561	0.220485306098709	0.301775436155699	0.375619773667613	0.304908612495235	0.258240009685906	0.660175076933557	0.613101731469324	0.485862995617265	0.478193120337611	0.685163195272688	0.387234694148299	0.790264020326954	0.605232450499514	0.41880335399891	0.261452831732419	0.224369923139456	0.281264332296068	0.198841186976511	0.291908730529864	0.577356508958164	0.638933053394805	0.773353130768468	0.62466574986663	0.497675513122597	0.779139689839507	0.465637239831967	0.747792320189922	0.420478586183922	0.305426114565203	0.0288069999046226	-0.124273235297758	0.296638900401583	0.2886474396548	0.240082709038944	0.289702215954377	0.175096754883298	0.271469663523443	0.303338540400938	0.245158373263604	0.0976719495152039	0.436705809479357	0.178648114074355	0.247961666718683	0.404262755588387	0.347643433660656	0.108090989218779	0.224136948441107	0.0267673046846317	0.0787877947839633	0.0870537942776426
-0.1078682713769	0.628531543007574	0.679472997744946	0.63459545667755	0.409240483036194	1	0.8886559769956	0.939180600429556	0.846583467390165	0.645961635296101	0.399016861784439	-0.0367413200568856	0.36179480348018	0.241281038350848	-0.110420183072386	-0.0971704113855188	0.0642305977789324	-0.00801568037461942	0.00832493617678489	0.481653899718439	0.598345686466368	0.551923763045477	0.411470140523682	0.381219529483479	0.243877716866015	0.399587412593764	0.345302570934433	0.545447124868132	0.497475193581174	0.241328251895147	0.063434739668796	0.236970103486027	0.0864975486661936	0.547154418394602	0.674791887739132	0.407185530532611	0.528331815236187	0.60233557257451	0.488531066496365	0.725227645334303	0.472360763792471	0.606347364174731	0.167909291779343	0.1880437941777	-0.0628343338179639	0.628094328146111	0.627561345902218	0.560968341451863	0.634916188481315	0.407330636309614	0.688137466525818	0.919674197284442	0.883127271904696	0.646584166096747	0.931730101916897	0.504754424463454	0.455564079514349	0.838261198592072	0.643357220860288	0.294000170424018	0.580735264236677	0.147678452470342	0.395247612042172	0.196789319683419
-0.113189443735605	0.544790880861095	0.634803283057207	0.571960201359326	0.29782474014346	0.8886559769956	1	0.727558713440294	0.582115829369254	0.555429673268028	0.12891651167228	-0.104318270674122	0.325844269394811	0.186100653585514	-0.155091264726957	-0.144439921047078	0.0610466880380876	0.118557890463682	-0.062101594331227	0.450524657161862	0.538953671183616	0.460080084894229	0.307703619526724	0.329376923559744	0.239858807051861	0.304567310566125	0.307522432594393	0.427123309373013	0.436410911208713	0.164361792926875	-0.00213767282816933	0.131523742248225	-0.0203229039976567	0.584004094538093	0.61334457362855	0.237557252427376	0.445201474887636	0.532294619343689	0.322220531642664	0.681813109205906	0.32313476790206	0.592936083013059	0.140227518349773	0.2170782817214	0.00368090278721291	0.824386671799786	0.833128952627378	0.77430520152062	0.859565142656774	0.573508707573619	0.913729989499239	0.981529741352919	0.967028397534324	0.67644655924463	0.707529492064768	0.36872063464032	0.390056291001706	0.564211303778013	0.466297174619761	0.302603130220901	0.479801388731616	0.0829049574043124	0.361531150972104	0.110352848384518
-0.0879266211566846	0.618505144575072	0.574006239135365	0.545789159848245	0.428822012300234	0.939180600429556	0.727558713440294	1	0.797503924540705	0.631784673718392	0.562136240533385	0.082109445571998	0.363799585580053	0.245247568792586	-0.0674864177012756	-0.097261811434849	0.0390264795211121	-0.0834993718560854	-0.0177945551392401	0.452317873889258	0.562523670790495	0.532882826518512	0.429436982500958	0.352850545865692	0.225932251406108	0.372782589504158	0.320301189720014	0.546214893815754	0.461673674854729	0.230458064245373	0.0916768262491147	0.250469392617543	0.0604610125398968	0.455574903694041	0.632277688137475	0.481981276844122	0.479689808716541	0.575216999071348	0.520169668205359	0.62840898363252	0.52885376238659	0.53526139425661	0.18953521950388	0.137356977083693	-0.0922548739697971	0.445845280808646	0.421821786989682	0.358212585380427	0.426402277147785	0.250779448561462	0.490702343549244	0.775989229520564	0.760625596070163	0.620539945299415	0.997903231621692	0.474763124727897	0.409963578023158	0.801077754781901	0.579387177876945	0.268002585427769	0.574529052845565	0.132396515893181	0.367460399647003	0.189014001465153
-0.113114737518072	0.509291165638336	0.625710624915052	0.584794711991529	0.405267015950438	0.846583467390165	0.582115829369254	0.797503924540705	1	0.545685666614652	0.434631511566309	-0.0579362835136606	0.28994899715503	0.226143552455707	-0.0591303108206941	-0.0143183674542646	0.0463206867533749	-0.105693420003322	0.118440958119616	0.388338632792654	0.496698130530332	0.471018010712245	0.351708517484073	0.353396972968664	0.203007813294896	0.40037991892603	0.31250777997814	0.50415850170116	0.401559368705859	0.25767250552958	0.0853229543847892	0.235425862091378	0.219313115482076	0.425648209312781	0.560012307613739	0.413477436676448	0.515360752842416	0.501329134904093	0.514780774812666	0.625455658229357	0.41558029647271	0.474756914691448	0.107025885982661	0.129467551906657	-0.116965146679307	0.324904908288452	0.346098921614402	0.298097042117432	0.328306124607427	0.233150335081116	0.332566364299314	0.652609030106782	0.558998550242083	0.336429545903022	0.807222477394499	0.50043435635314	0.380076829100031	0.996530217022998	0.762632630703703	0.174588852338501	0.512732422200465	0.147817120573086	0.261818882450808	0.207381390405369
-0.087923828537426	0.662670944333021	0.393089100599062	0.391126346113465	0.265842500927643	0.645961635296101	0.555429673268028	0.631784673718392	0.545685666614652	1	0.256628217405297	-0.0340436321610393	0.357904972570121	0.261156399998733	-0.145604296024676	-0.0455591894475458	0.0052451043162578	-0.0988794057432615	0.125743077490161	0.235924034523481	0.439750241054733	0.306481330786359	0.286300412495642	0.238602820187702	0.0708618206301273	0.355371156871339	0.188171496678097	0.861445690346312	0.29623135984903	-0.0293421697195473	0.0702451689429494	0.287793228067701	0.135286001758427	0.413888528971808	0.646409214482958	0.382105613201423	0.340266825105201	0.495941353918941	0.430737202086593	0.579501233990831	0.482333666388438	0.632992586103431	-0.00110026604272548	0.168028510508094	0.00198613637297116	0.346936665848137	0.388552269914829	0.317059167206626	0.353714557679461	0.186597533985322	0.36264948480037	0.605127437115597	0.578647301041363	0.542846185451831	0.63011402384317	0.272340320653948	0.443904580118611	0.516929609164443	0.505689973210046	0.182585256237948	0.875860749213794	0.0946298921213355	0.392194569572701	0.190696703858478
-0.0526398376839833	0.501885834488623	0.255486735808462	0.223861658478338	0.516612186337017	0.399016861784439	0.12891651167228	0.562136240533385	0.434631511566309	0.256628217405297	1	0.681355719405392	0.657018420582649	0.593792534392483	0.0389983281835182	0.110392268615638	0.0280852536484205	0.0538731151989696	0.135712330172543	0.423531592289209	0.568068235536377	0.457127161146356	0.445061813583286	0.452246469417207	0.364471309890705	0.393188765059517	0.439444727704247	0.319672372343218	0.337435191452203	0.250069664893215	0.335944722032457	0.344114624621244	0.19476321715329	0.487627749795381	0.550639807825486	0.778477350231215	0.417098132048303	0.397576570019186	0.546598361968187	0.223479497350469	0.634878688759391	0.300960355106528	0.196965239855001	0.0438357680381792	-0.096407393825485	0.0244080619444329	0.0131065803043973	-0.00918251852674924	0.0104060526605	0.0306525108358322	0.00567450473543645	0.170672887008363	0.126110725681624	0.00801471740965729	0.567149259813582	0.234948906607006	0.134433009239301	0.467741732649992	0.471507502656294	0.0340530280444102	0.209747469056631	0.0282214400787979	0.17109043948877	0.105309759857834
-0.00169941746554309	0.25824194632995	-0.0856410994250207	-0.067751454157947	0.119529847597094	-0.0367413200568856	-0.104318270674122	0.082109445571998	-0.0579362835136606	-0.0340436321610393	0.681355719405392	1	0.662824233810926	0.524028348270491	-0.0202909210263033	-0.0331599071813165	-0.062839239061508	-0.0329846536246726	-0.0325893029454553	0.241867393100952	0.249002245995539	0.171760323472617	0.21683676304852	0.21400413586651	0.300990895983235	0.0331090379553219	0.254963899075469	0.00559104627993141	0.207198731879602	0.0802269494521824	0.350710509755434	0.295588718312724	0.0147517851890129	0.311922505388427	0.257575102746546	0.440552563602505	0.133743921441954	0.121604405530894	0.12834591230292	-0.0649052209503922	0.289361001281582	0.114147758492282	-0.0200794503055472	-0.0354506280034629	-0.0474470817666435	-0.116568557205454	-0.12772178969743	-0.131444533185256	-0.134388763157885	-0.0817212401696807	-0.124349888659686	-0.0931724528197893	-0.0840521280622114	-0.113129683035634	0.0611039419269557	0.0848902027845754	-0.0428037002586613	-0.0286675001428972	0.317823876204036	0.00329554730512552	-0.0497132209318769	-0.0302262307158134	0.112216785490537	0.0340956615783271
0.00444562329922891	0.552917320763775	0.30041214315662	0.294968624242458	0.417696733758647	0.36179480348018	0.325844269394811	0.363799585580053	0.28994899715503	0.357904972570121	0.657018420582649	0.662824233810926	1	0.843373008494427	-0.041613671261172	0.0588196979702409	-0.0301929099183519	0.0898868434572251	0.196626828808143	0.517040325441388	0.648346916876752	0.470485791230016	0.524701387949454	0.575232699788426	0.573936090084787	0.35016327618784	0.594899017695945	0.365757720723298	0.464726468285567	0.314515303750208	0.313248273810313	0.465781862308974	0.239053006604784	0.663665185659796	0.643975808728778	0.646825473162351	0.608511372621331	0.430409518987982	0.386570293371919	0.285698820019725	0.568990071836402	0.456263797687792	0.0221345381303134	0.122681775822764	0.0189614718099732	0.365470781325253	0.387388353174301	0.305623955306862	0.351769450287057	0.20406083740312	0.308649054816435	0.316659782145654	0.29106530568434	0.137020298093191	0.346057496651208	0.231778008411927	0.223895062422618	0.295564125793108	0.535869359024436	0.129828644126567	0.272213946746887	0.0427316376788514	0.262110921395487	0.136674543378365
-0.0210845898928804	0.513859096665893	0.253730973452723	0.215925453052637	0.506575325008561	0.241281038350848	0.186100653585514	0.245247568792586	0.226143552455707	0.261156399998733	0.593792534392483	0.524028348270491	0.843373008494427	1	0.376896067801747	0.584219826578852	0.130129984385474	0.165730611914615	0.466563015058381	0.528589056553412	0.609144912304949	0.484885819425726	0.567814520260922	0.610658152311546	0.508887486891446	0.499975991944149	0.596996711259417	0.374653521638285	0.440328971038943	0.316673613778404	0.395503954355946	0.486431234648436	0.583234772687661	0.549489240872814	0.567054501759573	0.658616099998549	0.554888961986663	0.364276147891702	0.42707660531415	0.29334241625386	0.622194819098096	0.407424214654379	0.131590070745947	0.0908635860600569	0.0937730688646935	0.256957704346489	0.284798497113242	0.194360265085146	0.256315465825544	0.12350091870269	0.191695104800901	0.190063686924818	0.128783515079755	0.0729649358271303	0.230294323266831	0.259930614234804	0.306667936319743	0.222736014462035	0.44092164990814	0.158592279971525	0.189291186936727	0.180549837123446	0.275769322584013	0.247208475985899
-0.0458879425233656	-0.0236805114913567	0.0384613082213899	-0.0401915365917161	0.220485306098709	-0.110420183072386	-0.155091264726957	-0.0674864177012756	-0.0591303108206941	-0.145604296024676	0.0389983281835182	-0.0202909210263033	-0.041613671261172	0.376896067801747	1	0.710182778083033	0.278100778264921	0.15876864380083	0.116452164580685	0.176123960955475	0.0234268546037354	0.0842524633436667	0.166644529693395	0.186313632272743	0.0947627232333169	0.228375948527626	0.161375997245526	0.0281245114205645	0.0548576463216586	0.0833897940709247	0.22041833624091	0.115238720077151	0.319836107358153	-0.0922672350127548	-0.0383469911425871	0.119652305500036	0.092498336600883	-0.0358056191018318	0.159429191872167	0.0386327722390858	0.179849048199554	-0.0376576017705352	0.176825131881776	-0.0410040052734041	0.175802850850347	-0.0822408842928773	-0.0778712019169202	-0.120904288305986	-0.105558729881326	-0.133539214853157	-0.122431343117886	-0.133515210248462	-0.196763337990579	-0.0346619384875704	-0.065995114927974	0.0412590259974477	0.0939802057734948	-0.0686365172020953	-0.0195052087469437	0.0719606367132289	-0.189906430164611	0.231542376244498	0.0240427747852653	0.212096383774036
-0.0437128375336828	0.127322696649545	0.00758821432693692	-0.0494434670262574	0.301775436155699	-0.0971704113855188	-0.144439921047078	-0.097261811434849	-0.0143183674542646	-0.0455591894475458	0.110392268615638	-0.0331599071813165	0.0588196979702409	0.584219826578852	0.710182778083033	1	0.260828482861195	0.163713548995964	0.604426679724452	0.189019944035789	0.158059509292421	0.192409327844024	0.260243178484843	0.257818463281893	0.0674088376939132	0.399661623887263	0.201322082910934	0.149256459640246	0.114927854927601	0.111693423683567	0.250953389326755	0.198189932268595	0.746561468931	0.024817163473291	0.0852095152102065	0.245579715047938	0.104008436492703	0.0285107605108864	0.201596333108762	0.115653152791433	0.292769957725201	0.0739127658287488	0.21186954030043	-0.0138021753562501	0.138260351891417	-0.0761991447095642	-0.0574865894503879	-0.100244901824525	-0.052113336850455	-0.0725110162283287	-0.10981354897103	-0.123718767743272	-0.197166363460098	-0.077103458944626	-0.0982325042893811	0.136274474439807	0.237507249057875	-0.0289802199524657	0.00614779855984825	0.096053149813483	-0.0442432661400185	0.264767430435449	0.119729462343207	0.246351043595827
-0.0726257841316836	0.114197018188851	0.23888973524467	0.194897010139898	0.375619773667613	0.0642305977789324	0.0610466880380876	0.0390264795211121	0.0463206867533749	0.0052451043162578	0.0280852536484205	-0.062839239061508	-0.0301929099183519	0.130129984385474	0.278100778264921	0.260828482861195	1	0.220632021591548	0.178639188015514	0.222964919283998	0.0694021393164677	0.071895598694846	0.134721697594898	0.239328547906635	0.055894767786337	0.378220644390033	0.184807774079244	0.0854315204109505	0.109606539960331	0.0187075814242873	0.313624417465103	0.118114310702289	0.211184295588643	0.102446701717329	0.161004560512073	0.224918330947686	0.0879113478635226	0.090040575941283	0.263717058688278	0.113652738969067	0.263519647851685	0.0705340590741413	-0.0429119216314384	-0.0239339829908216	-0.0128153508342228	0.126096341746604	0.157672634117987	0.102146000490488	0.129872020005395	0.0187037189332463	0.118604572897762	0.0579675196269674	0.0197528903870466	0.105091336741723	0.0330985911457358	0.0913361694676565	0.156812500280024	0.0245626209055579	0.145543626360481	0.105954983625758	-0.00519055716035315	0.146381734257203	0.104021332362826	0.166794217794824
-0.0443565018020605	0.0994953550864942	0.26962845895942	0.130358293006514	0.304908612495235	-0.00801568037461942	0.118557890463682	-0.0834993718560854	-0.105693420003322	-0.0988794057432615	0.0538731151989696	-0.0329846536246726	0.0898868434572251	0.165730611914615	0.15876864380083	0.163713548995964	0.220632021591548	1	-0.00861772170174017	0.306555536364963	0.105807699367903	0.155680821966002	0.0167047836695521	0.317009055692143	0.303746575466564	0.200737952977087	0.321820791145441	-0.011971516939153	-0.0357775569286875	-0.061772655561153	0.0815385818670096	-0.0788616737026446	0.00569201712132749	0.244272596189339	0.171794113373525	0.13437739083039	0.255832745044083	0.126068253553032	0.157505050425833	0.226940548689538	0.189390534047026	0.250182479866993	0.024888877866869	-0.040015548947435	0.0101890881354225	0.179835246794172	0.193138584233583	0.158362270464329	0.213924396682838	0.129702545726559	0.222469033137104	0.0942647558342697	0.0680940295604908	0.0215022534118745	-0.0884021069829339	-0.0569535381946925	-0.0452753010564507	-0.111324543007319	-0.0598723190158957	0.0235179532366624	-0.0732913519230709	-0.0927996064373886	-0.0426308797791787	-0.122229268097972
-0.0521959334266463	0.169102436117159	0.0244911635785029	0.0257214363264625	0.258240009685906	0.00832493617678489	-0.062101594331227	-0.0177945551392401	0.118440958119616	0.125743077490161	0.135712330172543	-0.0325893029454553	0.196626828808143	0.466563015058381	0.116452164580685	0.604426679724452	0.178639188015514	-0.00861772170174017	1	0.118721568127354	0.200754282913995	0.161284041847457	0.219560558966944	0.268763895386596	0.0836127591886322	0.398791764165026	0.214091745249018	0.232802361429729	0.201473655175388	0.136848821350493	0.0190306824410276	0.320501322762542	0.895169197159408	0.0883399297547929	0.167296209727535	0.288955668851513	0.133101545592542	0.114773924133448	0.174497299888104	0.0506051010758786	0.251690733047053	0.113585741305001	0.0585165208132229	-0.00555162744438104	-0.0244727364045771	-0.0263274036916779	-0.0170589539664485	-0.00624392818359823	-0.00806917046317078	0.0706340715677455	-0.0566519286238232	-0.0432043109384044	-0.122055940085142	-0.0753307348023003	-0.0172259930910789	0.267947687490314	0.267488793704543	0.102538790455897	0.120164486149173	0.136436771996139	0.113273529142948	0.255790634296637	0.184891416995479	0.279983004137022
-0.183775387338693	0.668951370160869	0.597163451717907	0.332752748078381	0.660175076933557	0.481653899718439	0.450524657161862	0.452317873889258	0.388338632792654	0.235924034523481	0.423531592289209	0.241867393100952	0.517040325441388	0.528589056553412	0.176123960955475	0.189019944035789	0.222964919283998	0.306555536364963	0.118721568127354	1	0.610906030368192	0.710348116447615	0.593865371182836	0.842009594861539	0.763152954615913	0.596816627874454	0.841409630618557	0.406553476808043	0.499042592724581	0.281730684229423	0.274622956783769	0.429324218676005	0.205883881569857	0.599352854947962	0.663548508198197	0.579565482288792	0.789918738042526	0.521715871145157	0.571624544323859	0.59291102392974	0.638413698085804	0.652797737644382	0.0859079292555474	0.0634836011270432	-0.0585676479522637	0.346921144356379	0.359829975571285	0.292368481865058	0.359128595501632	0.232185865075442	0.405569346925493	0.459385574416376	0.432770438840947	0.314706676974563	0.436240191102923	0.424711248149834	0.396156468183517	0.373990884798683	0.433751672997949	0.278144407018182	0.228256266441172	0.277539082921251	0.402659715020599	0.309661392763831
-0.141653099818274	0.675801596856175	0.570608910810768	0.498998159394076	0.613101731469324	0.598345686466368	0.538953671183616	0.562523670790495	0.496698130530332	0.439750241054733	0.568068235536377	0.249002245995539	0.648346916876752	0.609144912304949	0.0234268546037354	0.158059509292421	0.0694021393164677	0.105807699367903	0.200754282913995	0.610906030368192	1	0.763940707745082	0.729196801267359	0.624133780153858	0.438405609979675	0.611135384042121	0.580589340885254	0.543094075320044	0.653767067074634	0.601064754203578	0.219944073851607	0.363359569350337	0.273053498413842	0.724465115682484	0.761057598668606	0.708312811406349	0.668891769154493	0.582836507975862	0.562983204552215	0.521883116244759	0.662475842952337	0.581430260893442	0.351583211087269	0.236015675163664	0.0938015666253126	0.459757314918775	0.509852142292585	0.444586313230484	0.499739915343042	0.325919682895447	0.49376383504718	0.526882644264098	0.49974182004377	0.275382476076969	0.553314625387967	0.245710974154483	0.310871454521174	0.497205960036095	0.466896076562005	0.153717631878867	0.371995528980887	0.0894256178488907	0.321317484000653	0.160248104529942
-0.124539787980502	0.699399939322426	0.533364844700987	0.39055791699086	0.485862995617265	0.551923763045477	0.460080084894229	0.532882826518512	0.471018010712245	0.306481330786359	0.457127161146356	0.171760323472617	0.470485791230016	0.484885819425726	0.0842524633436667	0.192409327844024	0.071895598694846	0.155680821966002	0.161284041847457	0.710348116447615	0.763940707745082	1	0.886290434482033	0.64081926050044	0.513756841079846	0.542921631903348	0.617787456691437	0.449575339109218	0.711794554724689	0.655680727081026	0.155984940843927	0.421306961545904	0.254762420543995	0.487737429995264	0.661416326165838	0.587989697991732	0.649122488975533	0.513314109728004	0.443672315508413	0.583747509907565	0.564683188428204	0.646465795374746	0.126796274170838	0.109661685599785	0.069738932536477	0.322500927069913	0.341011830837295	0.241146545939955	0.342118690632074	0.178597544457304	0.379765488285661	0.475966876501777	0.440435059106083	0.45098768737398	0.509392331675198	0.455757610640364	0.433187917470811	0.46446406926377	0.391585501356672	0.284280759650396	0.266772283783815	0.317039405053434	0.500178608046779	0.341184942860447
-0.0536322496566458	0.595863833223921	0.435933762012494	0.386498991836549	0.478193120337611	0.411470140523682	0.307703619526724	0.429436982500958	0.351708517484073	0.286300412495642	0.445061813583286	0.21683676304852	0.524701387949454	0.567814520260922	0.166644529693395	0.260243178484843	0.134721697594898	0.0167047836695521	0.219560558966944	0.593865371182836	0.729196801267359	0.886290434482033	1	0.522874628257895	0.390484667640985	0.483670039525553	0.495021840991969	0.461125612591834	0.754444980841353	0.708227470572009	0.225488881209701	0.5231109171688	0.308787463127449	0.406944456661017	0.591313613350985	0.616955182957087	0.540003064236296	0.486625791053421	0.473453788714231	0.388751587849229	0.614774338502025	0.506050346301903	0.135898432826796	0.127152522302203	0.0761744712181393	0.289671849184944	0.295572379323623	0.177232865378704	0.256455594490546	0.0582603672555742	0.258486067095829	0.3190339445385	0.291234404445747	0.346934553353987	0.408824526651596	0.391077102795709	0.446178399294386	0.339145146609399	0.357813683236681	0.31580521567525	0.221909626529103	0.371328121766735	0.475867791602579	0.4182041427206
-0.163010543038894	0.601888143962963	0.556932417422706	0.275874342085759	0.685163195272688	0.381219529483479	0.329376923559744	0.352850545865692	0.353396972968664	0.238602820187702	0.452246469417207	0.21400413586651	0.575232699788426	0.610658152311546	0.186313632272743	0.257818463281893	0.239328547906635	0.317009055692143	0.268763895386596	0.842009594861539	0.624133780153858	0.64081926050044	0.522874628257895	1	0.866316811428555	0.759648352958205	0.985469513566062	0.441095597772057	0.420035974678147	0.295781626156127	0.203600038744484	0.371106544654805	0.330084921484143	0.555545875102858	0.637891963278108	0.623297473198748	0.869305542046937	0.461132138682282	0.51945180513596	0.466955622821457	0.628532680226672	0.578725832302559	0.100031436505793	0.135946619108864	0.1482215800615	0.245655215195919	0.281747367707728	0.216612437990971	0.288096814792193	0.206538968114996	0.310069885874001	0.340223507979033	0.283897976400783	0.163690526742223	0.345446541992139	0.343706102780743	0.267971692272973	0.342889139706516	0.388391126137572	0.180458057735208	0.196116215550881	0.224118741570563	0.314215594165	0.242909776975972
-0.183498703630871	0.437127536753058	0.370754738678445	0.124497643116175	0.387234694148299	0.243877716866015	0.239858807051861	0.225932251406108	0.203007813294896	0.0708618206301273	0.364471309890705	0.300990895983235	0.573936090084787	0.508887486891446	0.0947627232333169	0.0674088376939132	0.055894767786337	0.303746575466564	0.0836127591886322	0.763152954615913	0.438405609979675	0.513756841079846	0.390484667640985	0.866316811428555	1	0.333484430154052	0.938506827943988	0.189296697421554	0.362964405786323	0.277384289147238	0.110928090182311	0.314095118887309	0.131780119851562	0.393119787143829	0.428832035517696	0.363831179488889	0.798626117589915	0.336799366761482	0.277253195110212	0.339040910173399	0.35755454170344	0.491387764303922	-0.0680282403288934	0.142965435399826	0.0536304169434976	0.177364664657355	0.205335362831967	0.146905715154123	0.200072173006244	0.172202115680756	0.22797965497787	0.247091207419966	0.217519554212823	0.119730605169529	0.214713611513438	0.22376608960467	0.102121520813071	0.203215531165968	0.263096812070785	0.166823412602481	0.0578347538346123	0.163425875394351	0.244295737504689	0.166393736617067
-0.0673645354031855	0.57018857700397	0.564100402311435	0.356308887777989	0.790264020326954	0.399587412593764	0.304567310566125	0.372782589504158	0.40037991892603	0.355371156871339	0.393188765059517	0.0331090379553219	0.35016327618784	0.499975991944149	0.228375948527626	0.399661623887263	0.378220644390033	0.200737952977087	0.398791764165026	0.596816627874454	0.611135384042121	0.542921631903348	0.483670039525553	0.759648352958205	0.333484430154052	1	0.638437581529621	0.585379754283883	0.324765727582894	0.199327590215695	0.247413422100991	0.297560395165335	0.453251928692791	0.541185971531884	0.648880375256716	0.712107678454733	0.598977298188708	0.432708767318086	0.621060198737101	0.435417224036573	0.72603397623594	0.452379756220091	0.277116510912291	0.0669741308540209	0.209950344210886	0.228327879039425	0.259487240234208	0.212377477132712	0.278241856924329	0.16190193765796	0.283427223470078	0.315758680283016	0.248593814396706	0.149569998913106	0.372932931814132	0.360253864211994	0.372285482139052	0.380949432137186	0.396106564934919	0.12262940355206	0.293025779668182	0.210153003973244	0.277614324957474	0.243288744806275
-0.174649938712246	0.565427451074348	0.510099389553498	0.232325342613441	0.605232450499514	0.345302570934433	0.307522432594393	0.320301189720014	0.31250777997814	0.188171496678097	0.439444727704247	0.254963899075469	0.594899017695945	0.596996711259417	0.161375997245526	0.201322082910934	0.184807774079244	0.321820791145441	0.214091745249018	0.841409630618557	0.580589340885254	0.617787456691437	0.495021840991969	0.985469513566062	0.938506827943988	0.638437581529621	1	0.369120145670687	0.414330199003332	0.298316951575205	0.180556574843601	0.364817120367811	0.273189816243393	0.518186871364869	0.587448888624876	0.556564079671356	0.871324558956388	0.43318738180479	0.4536072798979	0.437038680933635	0.557398801603001	0.566935762592975	0.0455781479065408	0.141756590642442	0.120449939137987	0.228900594882453	0.263271431286573	0.198242176014624	0.265624489283905	0.199733940057618	0.290143025903729	0.317541768487311	0.268703969844608	0.152464229182524	0.311273062687503	0.313998292358114	0.219526060246497	0.30541553581158	0.359663235968496	0.180693750631073	0.154327979528109	0.210732802566725	0.300845872630659	0.225064722451027
-0.1018032583149	0.735255814998945	0.466549097518103	0.346606236404384	0.41880335399891	0.545447124868132	0.427123309373013	0.546214893815754	0.50415850170116	0.861445690346312	0.319672372343218	0.00559104627993141	0.365757720723298	0.374653521638285	0.0281245114205645	0.149256459640246	0.0854315204109505	-0.011971516939153	0.232802361429729	0.406553476808043	0.543094075320044	0.449575339109218	0.461125612591834	0.441095597772057	0.189296697421554	0.585379754283883	0.369120145670687	1	0.415879146728235	0.0218378626943966	0.158117572741365	0.421701268067106	0.291807268314637	0.464700038398011	0.731706290365383	0.579136678425719	0.459309652112347	0.570876992139074	0.573016156783348	0.557183381514167	0.679445062278217	0.668826060106293	0.058374043510354	0.158413697918096	0.242630522736506	0.226252210654551	0.282977494414894	0.207738266697351	0.241375978408686	0.0750794406951927	0.265679235015351	0.477815970452067	0.450611819020139	0.394904418555376	0.546627719066828	0.340906033013525	0.460039538911599	0.467466904863377	0.516032802882055	0.23683735384844	0.762166066120759	0.264718634858057	0.465935540791019	0.344017082680413
-0.082533943795745	0.537785092865456	0.391337356404623	0.391618902321979	0.261452831732419	0.497475193581174	0.436410911208713	0.461673674854729	0.401559368705859	0.29623135984903	0.337435191452203	0.207198731879602	0.464726468285567	0.440328971038943	0.0548576463216586	0.114927854927601	0.109606539960331	-0.0357775569286875	0.201473655175388	0.499042592724581	0.653767067074634	0.711794554724689	0.754444980841353	0.420035974678147	0.362964405786323	0.324765727582894	0.414330199003332	0.415879146728235	1	0.634751779976679	0.109782764049494	0.677771036756613	0.289475432801427	0.382616737727937	0.546976214497895	0.402330737585283	0.497153572256853	0.60990861970588	0.41700014370942	0.386959002478985	0.415684449992986	0.521964628111062	0.0471519816368006	0.115119098401287	0.0142775766633125	0.346884555910798	0.358795545341077	0.251269191617062	0.328932002837461	0.187311257160635	0.386606721239345	0.442206146195469	0.43696992784008	0.345938042346776	0.435692105986841	0.605638271762413	0.570987422761263	0.377482056773249	0.420002738096858	0.588295049668593	0.196731225686983	0.647668531733775	0.712530182565617	0.66577780732361
-0.0347802950794266	0.108823846428603	0.278701597576719	0.332260380921451	0.224369923139456	0.241328251895147	0.164361792926875	0.230458064245373	0.25767250552958	-0.0293421697195473	0.250069664893215	0.0802269494521824	0.314515303750208	0.316673613778404	0.0833897940709247	0.111693423683567	0.0187075814242873	-0.061772655561153	0.136848821350493	0.281730684229423	0.601064754203578	0.655680727081026	0.708227470572009	0.295781626156127	0.277384289147238	0.199327590215695	0.298316951575205	0.0218378626943966	0.634751779976679	1	0.0596095932144746	0.203244373996148	0.186009391743296	0.120934705059089	0.163282601501902	0.238500138692542	0.382040014152526	0.180048112778777	0.140028952254486	0.11723004195696	0.117086173821019	0.115159157290532	0.18708719618644	0.109915605544153	0.084009006621428	0.131287947381228	0.134315740574542	0.0869285439243121	0.133028079544155	0.121924790569695	0.134073692636695	0.160808855284061	0.140599496113312	0.0948276269065695	0.221312612495379	0.175345522956692	0.184677463933028	0.269738822605678	0.120471282302026	0.0947236528166435	-0.0800099232494415	0.151455479348081	0.124668809574218	0.145650543906671
-0.0907581913294098	0.18114157557281	0.263250922599266	0.314674651875151	0.281264332296068	0.063434739668796	-0.00213767282816933	0.0916768262491147	0.0853229543847892	0.0702451689429494	0.335944722032457	0.350710509755434	0.313248273810313	0.395503954355946	0.22041833624091	0.250953389326755	0.313624417465103	0.0815385818670096	0.0190306824410276	0.274622956783769	0.219944073851607	0.155984940843927	0.225488881209701	0.203600038744484	0.110928090182311	0.247413422100991	0.180556574843601	0.158117572741365	0.109782764049494	0.0596095932144746	1	0.237697772373915	0.121582566567274	0.212727757826768	0.240594736346051	0.345426411372013	0.184931643976821	0.0437168591486075	0.249334354240225	0.0972469308303269	0.50460285641642	0.0681558468836347	-0.0202421272487642	0.10880199564813	0.0584304432289061	0.00495468115948323	-0.0212552489876367	-0.072912927467869	-0.0610583591294513	-0.141020837585962	-0.0733081717723618	0.0418771026770086	0.00433021499667824	0.0306823450099032	0.0848668590211412	0.0941382355005512	0.0403292948982032	0.078766315519819	0.311803375287888	0.105349294159782	0.075548319188259	0.0346600266914894	0.0618445847512689	0.0804273714594197
-0.103583014599139	0.422712525560999	0.169333050767007	0.167614779237609	0.198841186976511	0.236970103486027	0.131523742248225	0.250469392617543	0.235425862091378	0.287793228067701	0.344114624621244	0.295588718312724	0.465781862308974	0.486431234648436	0.115238720077151	0.198189932268595	0.118114310702289	-0.0788616737026446	0.320501322762542	0.429324218676005	0.363359569350337	0.421306961545904	0.5231109171688	0.371106544654805	0.314095118887309	0.297560395165335	0.364817120367811	0.421701268067106	0.677771036756613	0.203244373996148	0.237697772373915	1	0.361923211536115	0.297855303575595	0.409517955827138	0.402881079114473	0.354514704488695	0.248272978534205	0.319650328883292	0.190512630341786	0.462786247218743	0.375829124827085	-0.0846432116068217	0.156334245234398	-0.0652456167075406	0.124475172331124	0.142239824794831	0.116540107064979	0.0665183268082185	0.0320843462207168	0.0987739334107227	0.147714891322466	0.135139016668021	0.148582937839233	0.232462153955759	0.711614275844916	0.600699328808739	0.195531373633401	0.441329831249804	0.628973422010196	0.176019554748296	0.781946091869893	0.740029128518319	0.863019185309736
-0.0273324857680772	0.243422312187066	0.0728649678857465	0.0760063788670804	0.291908730529864	0.0864975486661936	-0.0203229039976567	0.0604610125398968	0.219313115482076	0.135286001758427	0.19476321715329	0.0147517851890129	0.239053006604784	0.583234772687661	0.319836107358153	0.746561468931	0.211184295588643	0.00569201712132749	0.895169197159408	0.205883881569857	0.273053498413842	0.254762420543995	0.308787463127449	0.330084921484143	0.131780119851562	0.453251928692791	0.273189816243393	0.291807268314637	0.289475432801427	0.186009391743296	0.121582566567274	0.361923211536115	1	0.12880202502286	0.218446501591337	0.332529218918219	0.223495226723583	0.163836229185897	0.23266870094764	0.184814334768435	0.333400715498291	0.211032640770593	0.147631567139921	0.101070387685504	0.0517327523205436	-0.00576687352119305	0.0111608532240824	-0.0206453310019795	0.00507183113291292	0.0208071473907198	-0.0406850765625542	0.00797295228165613	-0.0711297724649109	-0.0260886448700968	0.0565412804488808	0.344171909702174	0.328620924801045	0.200359044293439	0.25972674424065	0.160731662946313	0.101190681515638	0.331990211421781	0.227120984368188	0.351175422605357
-0.108575932444001	0.687385623422927	0.472992529733442	0.34661822807921	0.577356508958164	0.547154418394602	0.584004094538093	0.455574903694041	0.425648209312781	0.413888528971808	0.487627749795381	0.311922505388427	0.663665185659796	0.549489240872814	-0.0922672350127548	0.024817163473291	0.102446701717329	0.244272596189339	0.0883399297547929	0.599352854947962	0.724465115682484	0.487737429995264	0.406944456661017	0.555545875102858	0.393119787143829	0.541185971531884	0.518186871364869	0.464700038398011	0.382616737727937	0.120934705059089	0.212727757826768	0.297855303575595	0.12880202502286	1	0.83694328951806	0.702449635244781	0.566974226154743	0.55012078538882	0.535243192313373	0.546839563185957	0.610584689065883	0.61228476623234	0.1354017724962	0.0725606294891014	0.003292653765904	0.55433024167921	0.599567765296281	0.540854462231351	0.610368320863853	0.343552320318231	0.603389070190428	0.549602692358155	0.524799902252955	0.202830183825667	0.443189026012965	0.187124706242247	0.264115076259584	0.419884213185378	0.525564959085596	0.119784354829601	0.366750272370011	-0.0378187697216991	0.242285953138956	0.0645553457209202
