"PROT"	"CARB"	"SUGR"	"FIBE"	"TFAT"	"SFAT"	"MFAT"	"PFAT"	"CHOL"	"ATOC"	"ATOA"	"RET"	"VARA"	"ACAR"	"BCAR"	"CRYP"	"LYCO"	"LZ"	"VB1"	"VB2"	"NIAC"	"VB6"	"FOLA"	"FA"	"FF"	"FDFE"	"CHL"	"VB12"	"B12A"	"VC"	"VD"	"VK"	"CALC"	"PHOS"	"MAGN"	"IRON"	"ZINC"	"COPP"	"SODI"	"POTA"	"SELE"	"CAFF"	"THEO"	"ALCO"	"S040"	"S060"	"S080"	"S100"	"S120"	"S140"	"S160"	"S180"	"M161"	"M181"	"M201"	"M221"	"P182"	"P183"	"P184"	"P204"	"P205"	"P225"	"P226"
1	0.492534270527574	0.353059677573206	0.380598031397145	0.702861468018425	0.636083105620956	0.685875582545472	0.579855639525584	0.661184574170013	0.610332842640248	0.233175148006296	0.302497247895641	0.320278858478582	0.198191249901635	0.209002292951663	0.142230398099231	0.174435625001156	0.091065961633337	0.580663636601895	0.644781710751312	0.790580708768385	0.668740400817436	0.376181044263962	0.184248726658467	0.432254511372772	0.324918969026869	0.762760007241553	0.56558772625284	0.195539594443164	0.183383068358485	0.355563014122078	0.159606171988977	0.517182124691491	0.852084804366783	0.596728073660468	0.47631940981102	0.74240631105699	0.549511584592669	0.767335733623794	0.680508929645925	0.845868425044582	0.0322460141142944	0.224221859326777	-0.08525780905683	0.354808595777747	0.360908432002068	0.28439447580745	0.376289496846766	0.15237263575738	0.439529550073122	0.666535490969443	0.633220111590466	0.639438456318135	0.676025038874244	0.550971658292431	0.0902512122128308	0.57073402661844	0.488583064587324	0.170209566629196	0.587885044545911	0.247920398565586	0.287426409767529	0.312301606553379
0.492534270527574	1	0.847114548017594	0.625462450427827	0.485967113630619	0.476380118728503	0.410593481436529	0.411297207931438	0.220000702076119	0.438208856611758	0.122939391566588	0.3796200373833	0.401679446655432	0.206487514999715	0.266746425901449	0.14143189514723	0.26085013166261	0.065641757956713	0.682473592075209	0.52824618254531	0.436836740135763	0.459864007443166	0.602253077747328	0.416039316045069	0.542657462806477	0.56181454830665	0.411308653960498	0.284134114399505	0.113169155610126	0.390825543917175	0.39803167935609	0.124412919757534	0.535663766450382	0.691829153710315	0.594822394571844	0.599490747053313	0.416016664376133	0.551642632382343	0.569886250803477	0.732912495213942	0.454542444828729	0.131146270965297	0.175615190236784	-0.102027490932752	0.394353106476823	0.417509892783489	0.314237536494364	0.38078067247121	0.171226645262986	0.386122277614061	0.501616947598965	0.420944965099867	0.258880651539914	0.413864894640131	0.300158972744614	-0.00372126142428592	0.404269132838536	0.378118538144418	0.164286021435705	0.175784665743373	0.215658918183004	0.236589467708284	0.242616350010921
0.353059677573206	0.847114548017594	1	0.360881480317226	0.330340159856854	0.380690791164312	0.271938098117011	0.189582537391724	0.180681420120146	0.265544980922034	0.0622360317929951	0.282690406351793	0.301292708906791	0.0953027910458002	0.208761457749848	0.0682404014926316	0.220835491585913	0.0833323535420669	0.41358641297969	0.42928106623663	0.283916211401767	0.327414427891786	0.305042702596319	0.193654193519979	0.295820524868027	0.278666161058229	0.312929978101209	0.202658668136506	0.0647591666237642	0.333848942285909	0.356798501154456	0.0871198207078368	0.36164399824104	0.500418729302347	0.415215173768531	0.326400966566392	0.304553642490019	0.325428622659269	0.311915034087833	0.585348747636135	0.231664132227382	0.202384155137885	0.288676022731708	-0.13103186677179	0.341929957455901	0.374451935725542	0.345559415419963	0.348829192769655	0.245682492780921	0.340753610427767	0.375116888648633	0.324778125443899	0.230953921667519	0.271346537450912	0.185930133803673	-0.00168953089504343	0.183906681172456	0.163536299541884	0.115279761559655	0.15742238717376	0.143488859310767	0.199653841235208	0.161782344364555
0.380598031397145	0.625462450427827	0.360881480317226	1	0.292341602603874	0.211750808863388	0.287693953253345	0.321391070433406	0.0387080239858375	0.452796970051168	0.114226293821517	0.275302323939302	0.482652621603101	0.425945557449552	0.450625112378177	0.276728440626998	0.153096760494132	0.28344970727713	0.543760836559921	0.395517171379359	0.328078992827104	0.488659764958729	0.707844929277615	0.358066969178553	0.800385748510669	0.615682591178496	0.29343840749648	0.312873112650868	0.199989159442529	0.500801196966359	0.293322553516391	0.320194965421246	0.505646009926515	0.607038284477971	0.726989267578877	0.635110099036352	0.471644610269563	0.737676543842943	0.386043985344946	0.704862057425559	0.335521855620588	-0.0879895904691947	0.0873226670459439	-0.214952939060807	0.184182905209828	0.162373941707701	0.0927321381998969	0.15574069559575	0.0271375699153187	0.141789537409173	0.241701431039959	0.158921579733882	0.0389118552437744	0.297631421375245	0.26556213209348	-0.00858906387319629	0.318504607030312	0.294300145923132	0.166027014253716	0.0165099181588676	0.198996675626569	0.127768901338884	0.219016423091168
0.702861468018425	0.485967113630619	0.330340159856854	0.292341602603874	1	0.908621160220581	0.9652981227399	0.867122785822118	0.569390012959404	0.714353980509142	0.211988077599647	0.403115187443619	0.334340225056862	0.270505718640002	0.140261612097608	-0.0126692596433785	0.205831111693225	-0.0168092385530199	0.521450224490537	0.51859343497352	0.504825576724618	0.371727633960381	0.283709017425742	0.178304932820891	0.27768583797488	0.258495153804703	0.606625852808824	0.323691121237207	0.0238896330649079	0.0381832787104769	0.280144863530993	0.126931727500306	0.49991414942011	0.728983107528339	0.444571361946781	0.407930983629433	0.533824113800618	0.475216889683925	0.790516798063719	0.555288551891291	0.629677685853735	0.0229729267209123	0.243170750649861	-0.0652668030667955	0.508657050863577	0.543568542019877	0.474910494976049	0.565188109987038	0.320698303809195	0.637111266166946	0.94091426535768	0.901876202623237	0.752294271689909	0.961263561763905	0.676815272732188	0.073866984973481	0.868806931040054	0.742627628353656	0.155191417209506	0.506592902723314	0.12947797228695	0.254999917327661	0.170582246282137
0.636083105620956	0.476380118728503	0.380690791164312	0.211750808863388	0.908621160220581	1	0.823819572179591	0.620805904108776	0.529959458897727	0.491832322009912	0.107146199820419	0.454006636274496	0.344050450628062	0.219020480261653	0.118867905780918	-0.0454068140910932	0.252027855986054	-0.013644300476056	0.496971715797516	0.542548678808168	0.425917694190144	0.302899536137571	0.252836584795063	0.216538407642814	0.175980467013563	0.249995704356959	0.51987317715667	0.326582091319137	0.0337115854897763	-0.0152614851744457	0.239332967815911	0.0810772559387688	0.565340595398599	0.686407552680254	0.325258263113671	0.389816237785787	0.526820069874109	0.325978966191291	0.727098670172901	0.487365208006837	0.53558288076798	0.117391829765172	0.22228173450982	-0.112984308257675	0.735200944403252	0.766703338884501	0.712717845569068	0.804085537355623	0.493762516143092	0.869773939039731	0.973925661816127	0.964309997476551	0.772769115624059	0.810817827319226	0.489460445220866	-0.0105515806845521	0.619180045275383	0.550967271161061	0.169739868263152	0.40915367879318	0.0268253992035176	0.186011173039308	0.0673129316521461
0.685875582545472	0.410593481436529	0.271938098117011	0.287693953253345	0.9652981227399	0.823819572179591	1	0.82963673402184	0.558363612046815	0.760711723309324	0.266284555709055	0.345142494752285	0.254246026294418	0.225822300920786	0.0725346820841835	-0.0315998734200813	0.129975740681845	-0.0221264844514816	0.458163223475	0.472265093724694	0.500800416433571	0.37621503881291	0.249912787573008	0.136001576720211	0.270895803365676	0.220593624112209	0.600424155502187	0.310574602945752	0.0425177589684106	0.0238031357492124	0.255195060333093	0.0988470219819246	0.432483289631388	0.687673910915816	0.47571837931408	0.37171541945936	0.539529087508608	0.512783588735554	0.723941993414975	0.529989421975508	0.597687625501757	-0.000225133779497168	0.282923516787246	-0.0600989852196686	0.386067342741407	0.408621864598463	0.351783897164784	0.428972874151043	0.251138811268265	0.510383763398742	0.865953421222656	0.841287968533896	0.738733264809055	0.99898907061793	0.713844581286684	0.0614665191477213	0.837813995058471	0.65810227990341	0.142925552298246	0.515197840563296	0.115230375879401	0.240056366473688	0.149667349953635
0.579855639525584	0.411297207931438	0.189582537391724	0.321391070433406	0.867122785822118	0.620805904108776	0.82963673402184	1	0.443266244549118	0.743981295226129	0.241043719991919	0.297779587888339	0.328524674433092	0.321661185666756	0.212683765755426	0.04164934067092	0.138757971352346	0.000366079273156931	0.455568415512846	0.368350397208201	0.431072745890983	0.325820534671194	0.291222517958178	0.135470512337811	0.343889521552875	0.249144979986901	0.531183477075632	0.218961516362263	-0.0280450337865767	0.120164447579782	0.267109003368231	0.20052136202314	0.350696509450159	0.602819282733631	0.430637607317688	0.351165429113019	0.364607421434789	0.479239554981875	0.708389188391936	0.495702197814525	0.578739668308046	-0.100251909334377	0.134982804989108	0.00805049812028237	0.209092393313441	0.245004504897745	0.176020064253152	0.248486083202568	0.0942969047401323	0.295270343469461	0.706422585737201	0.623148418447984	0.503962754529858	0.836012008746092	0.671326001690098	0.179293225872699	0.997704162341221	0.907063545379239	0.123755684448173	0.459231176830601	0.218756233858298	0.266735015820755	0.254777465663491
0.661184574170013	0.220000702076119	0.180681420120146	0.0387080239858375	0.569390012959404	0.529959458897727	0.558363612046815	0.443266244549118	1	0.335501034589251	0.0998861148229695	0.252274380297392	0.170799053404593	0.0848586515974581	0.0383135051676513	0.033511376084899	0.0198518476384627	0.0429932742490962	0.309594076663323	0.382463076627083	0.428746653089979	0.391802892775838	0.0405203538877234	-0.0261578490590098	0.103158524496689	0.0193120579124591	0.888886178601561	0.283125615243044	0.0527897621709604	0.0433148157450929	0.253230317907716	0.0353161880409346	0.142284922821964	0.507377681963558	0.225636079173596	0.230529605521811	0.46990836525407	0.25516767673182	0.558922202319664	0.332710558740595	0.63236540886118	-0.0639447991240526	0.098890320752984	0.0262986648592167	0.210279334188024	0.26174786415726	0.190636936176213	0.237515773665739	0.0875457486026585	0.286366812407611	0.587785389920216	0.576414720584834	0.673172207018392	0.547503427892771	0.361183970566052	0.0197023470784826	0.426396650417991	0.383341074492341	-0.0541549277145735	0.851994501180201	0.135194189495227	0.274647864704301	0.25624903802759
0.610332842640248	0.438208856611758	0.265544980922034	0.452796970051168	0.714353980509142	0.491832322009912	0.760711723309324	0.743981295226129	0.335501034589251	1	0.582802627099602	0.324246693632645	0.348369037126592	0.25273218654126	0.226910917393913	0.130937139013776	0.166124059151032	0.157387579888766	0.466064602588204	0.475960414675201	0.512134738341331	0.458843432850809	0.401856978683599	0.180717029484881	0.48329527133712	0.342005652284831	0.491514904991899	0.306402630493524	0.101210464631486	0.267356372412591	0.314166131576992	0.294480698503133	0.487790746700971	0.655635845809918	0.645698034190926	0.3735841193157	0.475024890944348	0.649566209712881	0.554049344293455	0.61744452335945	0.58074687515575	-0.020880117310946	0.257022464026501	-0.0583710458126703	0.214972314820639	0.204025226480292	0.113610847671553	0.200746185830557	0.0514280222466875	0.234323115559393	0.552294752987237	0.469177139033585	0.362204457831562	0.770693225799043	0.644187518824404	0.125247646853705	0.752570359403347	0.582486094885099	0.21695801491953	0.334611631740857	0.243572046450819	0.21653471452941	0.264228756855302
0.233175148006296	0.122939391566588	0.0622360317929951	0.114226293821517	0.211988077599647	0.107146199820419	0.266284555709055	0.241043719991919	0.0998861148229695	0.582802627099602	1	0.298482316588638	0.170308552442415	-0.0305576595634806	0.0115755572954784	0.0205868784490095	-0.0539384715868403	0.0607962386807246	0.181733048466549	0.19433191090985	0.27641546311604	0.249635246819538	0.215281527475215	0.177359454319054	0.160757833367812	0.21141048042774	0.146386188776246	0.195570199616126	0.220095346194193	0.142493174407649	0.150813429141908	0.10070056624972	0.349018673148607	0.276374469637041	0.345254703036355	0.11957702561746	0.251025737941043	0.322377501998853	0.188320104117641	0.192420501383367	0.242197314178368	-0.0587846998244554	-0.0212708512684008	-0.00212023371383915	0.0394745771391615	0.0116266745681122	-0.0189825062045719	0.000912558232217483	-0.0503192603191447	0.0219479096115142	0.119413788100284	0.0974936633550028	0.0653694599764772	0.269487824229027	0.272059344963287	0.134863609050139	0.247333228900437	0.191959590538315	0.272431783481085	0.0976513085912379	0.0721083163188344	-0.0154834297526127	0.0252369693767167
0.302497247895641	0.3796200373833	0.282690406351793	0.275302323939302	0.403115187443619	0.454006636274496	0.345142494752285	0.297779587888339	0.252274380297392	0.324246693632645	0.298482316588638	1	0.72998690504387	0.166213928523752	0.253345296836988	-0.00125737485668824	0.0893081544593778	0.126070487093174	0.451683409620183	0.510312772620596	0.314609937281371	0.416290174782522	0.431872966747744	0.425753233267505	0.231283597570303	0.44654735424434	0.338013065660795	0.498607583227596	0.282680257932517	0.243147889566791	0.456667746297456	0.125272990072051	0.538174473761786	0.453056412330469	0.388479763393422	0.447080585419774	0.413808687574117	0.315090561994212	0.339098240688681	0.43156836357807	0.3153186731759	0.0414681167250453	0.0331572721478887	-0.185612016489839	0.467172276895823	0.506339822537569	0.378124250318291	0.448548017813217	0.126338894609391	0.430557607366773	0.455165978052504	0.401865909221425	0.283259808572154	0.341422589959	0.277483391705115	0.0187407917948621	0.290736706469693	0.282595072744198	0.260430373798669	0.168253083004158	0.143152130818179	0.118876106458082	0.141073352232302
0.320278858478582	0.401679446655432	0.301292708906791	0.482652621603101	0.334340225056862	0.344050450628062	0.254246026294418	0.328524674433092	0.170799053404593	0.348369037126592	0.170308552442415	0.72998690504387	1	0.555586466011604	0.843502412615433	0.135511244263804	0.165713461944748	0.391105583326791	0.472080304518708	0.483876257960934	0.329160632040722	0.459511766244745	0.450690472757399	0.335369356341627	0.376309831743841	0.428737674007036	0.314106293249195	0.410590112403632	0.243508666918503	0.346537078855632	0.408252034765439	0.4074375516081	0.450125839535476	0.428765584192906	0.426038098602959	0.447117032756145	0.372584466012025	0.393004795005255	0.373270831484923	0.514728586794546	0.296792310565902	-0.00783629563111189	-0.00426832580640351	-0.167056656837598	0.377125004293487	0.405108426923925	0.278700359967776	0.363457458353848	0.0898995841762071	0.33705053670945	0.356644450278127	0.274595649892196	0.20678326418212	0.252050720893175	0.248363525339714	0.0719225186639134	0.314902562267473	0.341897074122791	0.220580815303744	0.159593746905582	0.253271937445128	0.212528983789592	0.252228983472876
0.198191249901635	0.206487514999715	0.0953027910458002	0.425945557449552	0.270505718640002	0.219020480261653	0.225822300920786	0.321661185666756	0.0848586515974581	0.25273218654126	-0.0305576595634806	0.166213928523752	0.555586466011604	1	0.591310647296976	0.0999795812865966	0.228750985883479	0.216361222061407	0.259741032974158	0.227212606818753	0.179854817162919	0.169597393582172	0.229692557443297	0.127148340558507	0.245908903931893	0.203558098912848	0.162260007971998	0.0650421681952462	0.0723080430354328	0.124853480115015	0.151298909854894	0.232731160754242	0.23470105524838	0.247210774852354	0.25052941583325	0.223890678491634	0.240996893302918	0.217998221739147	0.338445336614121	0.295176027098357	0.153065241611354	0.0636614180931834	-0.09530129321554	-0.0990154339898553	0.200659840173748	0.199847351602131	0.101348033325683	0.187352062242585	-0.0225534042454101	0.184908187925127	0.251355033123133	0.172110383427116	0.140909113226726	0.229673178362222	0.100146258605255	0.0146159397495352	0.318813549040947	0.319005624266219	-0.0518318096145537	0.10513747130827	0.0671080641916918	0.181767158162092	0.0821117107458111
0.209002292951663	0.266746425901449	0.208761457749848	0.450625112378177	0.140261612097608	0.118867905780918	0.0725346820841835	0.212683765755426	0.0383135051676513	0.226910917393913	0.0115755572954784	0.253345296836988	0.843502412615433	0.591310647296976	1	0.177005806337671	0.148859962136929	0.46425438169755	0.307568999568394	0.282161010697477	0.216416358352628	0.328656224806703	0.296115688092596	0.139958446493928	0.346837358126432	0.254183497223546	0.173542900076175	0.19370748668359	0.126062687374906	0.300538393329154	0.216427507155763	0.486925666482832	0.20649975572594	0.242104574182978	0.291147512954214	0.279529103815091	0.192793386734397	0.304625068260908	0.243866848566911	0.382680211270341	0.166842548226643	-0.0519236725708945	-0.0224662652935673	-0.0865163842040613	0.158650930398784	0.169229430828154	0.0963181001170147	0.15630375846206	0.0345366051791405	0.131097316727315	0.133250156166193	0.0620955401300765	0.0614822359337985	0.071846769760426	0.131674281469425	0.0889493530470175	0.19864033644736	0.24416101856925	0.118527185897819	0.089877790339904	0.248673258797307	0.199989715510985	0.249007215820178
0.142230398099231	0.14143189514723	0.0682404014926316	0.276728440626998	-0.0126692596433785	-0.0454068140910932	-0.0315998734200813	0.04164934067092	0.033511376084899	0.130937139013776	0.0205868784490095	-0.00125737485668824	0.135511244263804	0.0999795812865966	0.177005806337671	1	0.104771646143357	0.0250622671964966	0.125854096014686	0.0217219136394776	0.0396994757155776	0.135949920263472	0.0907379501793219	-0.0477596715633364	0.218688290387889	0.0470563307370888	0.131479023613074	0.289078529433597	-0.0152395300326297	0.474654677296566	0.199266969057432	0.0653408526673185	0.0590037683382406	0.151693415769308	0.186390116815011	0.0514363538091765	0.0255861572501638	0.252906662899588	0.0919587838297591	0.263245670911776	0.183012126668287	-0.123683302337841	-0.0568691377212455	-0.0670539929663899	0.0375737596148607	0.00358391586212614	-0.0678381374262905	-0.017971124999619	-0.0823870217332375	-0.0142769023537566	-0.037393292845748	-0.0410076273669509	-0.0265908628870341	-0.0317397010625987	0.110398600769152	0.151245781428986	0.0214474537232464	0.119810757220817	0.210430087583532	0.000417362557540374	0.438306282030085	0.139061474910899	0.345102232049939
0.174435625001156	0.26085013166261	0.220835491585913	0.153096760494132	0.205831111693225	0.252027855986054	0.129975740681845	0.138757971352346	0.0198518476384627	0.166124059151032	-0.0539384715868403	0.0893081544593778	0.165713461944748	0.228750985883479	0.148859962136929	0.104771646143357	1	0.024163375857778	0.286560696604552	0.357778501101322	0.216586317631727	0.187111983568124	0.285074996614516	0.330320462459894	0.0924481715591538	0.311621087996294	0.103164864622453	0.157241109753292	0.0787674628052286	0.0548651480477683	0.0862143385725122	0.0801263257513551	0.238290307137874	0.178630094393724	0.0956095831497801	0.279568630282383	0.306242897903439	0.188160097047081	0.25334327786445	0.316893476089895	0.184510829640915	0.249532012267578	-0.0202676944122569	-0.0869561202367024	0.242829321103044	0.206950200674211	0.116625582863707	0.215898912693973	0.0041838243227243	0.284003043327038	0.252972316014418	0.246576688230693	0.197057998489576	0.119597123766716	0.0423953194357994	-0.0263421499510377	0.131469609341395	0.184250015258227	0.0192599399360735	-0.00700749240992714	0.0521596962864247	0.0889596059067098	0.0635940406775242
0.091065961633337	0.065641757956713	0.0833323535420669	0.28344970727713	-0.0168092385530199	-0.013644300476056	-0.0221264844514816	0.000366079273156931	0.0429932742490962	0.157387579888766	0.0607962386807246	0.126070487093174	0.391105583326791	0.216361222061407	0.46425438169755	0.0250622671964966	0.024163375857778	1	0.159112301833663	0.153406334427028	0.0920779841978159	0.179411527568947	0.244256515690558	0.0441097242618613	0.374328319567067	0.185477203218816	0.145443240628327	0.138097313074309	0.160536353151323	0.173929059851052	0.183852016256475	0.919232026568663	0.131980293015098	0.118629605515027	0.2312504297431	0.170118808111248	0.198552709077836	0.233412143263879	0.0526380530278545	0.182755687020675	0.0899779746148824	-0.0699762341067971	-0.0523251884229973	-0.0322264255253686	0.0343138926441453	0.0386323859617148	0.0777972104754398	0.0562781167372787	0.0460701085199002	0.0153168894691259	-0.00576525835302326	-0.07600727849788	-0.04615714816811	-0.0194894205542933	-0.00624881745767452	-0.0164349910341216	-0.00870989657746222	0.0081423141006775	0.0415526281933644	0.0578758440509021	0.108783168626864	0.0662854095907559	0.152390893778791
0.580663636601895	0.682473592075209	0.41358641297969	0.543760836559921	0.521450224490537	0.496971715797516	0.458163223475	0.455568415512846	0.309594076663323	0.466064602588204	0.181733048466549	0.451683409620183	0.472080304518708	0.259741032974158	0.307568999568394	0.125854096014686	0.286560696604552	0.159112301833663	1	0.670717957298996	0.58187027730246	0.550607486515087	0.704499652141131	0.59496067629923	0.500790521544298	0.694502111096325	0.485794851598076	0.412156432324318	0.235863294830079	0.256149240166793	0.485903037697734	0.196063451833333	0.611013763169355	0.709093692727361	0.501981656318374	0.701565906584332	0.549888717612726	0.505584759679605	0.693220547833925	0.67251115894732	0.615691253512389	0.142328956136783	-0.0486119233062604	-0.116086176999342	0.35467379575984	0.370729420830701	0.240919590830922	0.333289833735802	0.0516151271801446	0.372827176158368	0.538789646417167	0.494335951651941	0.371055184881863	0.454234996156227	0.365064283839332	-0.0116018349835979	0.443726698327809	0.414343610806648	0.19535732966606	0.322259035575104	0.262310853136879	0.329063250708776	0.312154722215156
0.644781710751312	0.52824618254531	0.42928106623663	0.395517171379359	0.51859343497352	0.542548678808168	0.472265093724694	0.368350397208201	0.382463076627083	0.475960414675201	0.19433191090985	0.510312772620596	0.483876257960934	0.227212606818753	0.282161010697477	0.0217219136394776	0.357778501101322	0.153406334427028	0.670717957298996	1	0.693748205795381	0.625564458267112	0.546935903560703	0.458842399713764	0.39186209521301	0.537682562008826	0.545555535566381	0.61575224556219	0.458339460850027	0.163045281564462	0.407823492738656	0.163645965534841	0.659438165076816	0.726811023887211	0.529600822149244	0.531461080561713	0.717119702507559	0.419931303223635	0.556464212400056	0.681101949696414	0.549490054423158	0.421167749669003	0.124679848563771	-0.129391101621329	0.422365315250026	0.433679162809566	0.340952763078397	0.400723424223602	0.11846175461623	0.437439362254033	0.560423243137645	0.520375576510137	0.409887737100208	0.466734488675238	0.278673397222267	-0.0189715950233274	0.366120366129546	0.304520416215918	0.139184265697331	0.270939855897035	0.0777351757297851	0.127411263776914	0.120654475054983
0.790580708768385	0.436836740135763	0.283916211401767	0.328078992827104	0.504825576724618	0.425917694190144	0.500800416433571	0.431072745890983	0.428746653089979	0.512134738341331	0.27641546311604	0.314609937281371	0.329160632040722	0.179854817162919	0.216416358352628	0.0396994757155776	0.216586317631727	0.0920779841978159	0.58187027730246	0.693748205795381	1	0.818257570019449	0.486735554899928	0.403356462698459	0.354532158374902	0.476898205899526	0.558644199315649	0.593160801550313	0.493455971700015	0.122990885987313	0.267927312459113	0.108931783409901	0.430566737318352	0.681956407778477	0.597913575361045	0.543271943365013	0.705720485227168	0.465359576741764	0.619793203200438	0.612026160259148	0.689551206858481	0.18191231830277	0.112674174980449	0.0464072049721892	0.178647720348482	0.179525705881515	0.11013283005107	0.202819724961767	0.0770128348596298	0.255155074170653	0.450191624677115	0.438617901510622	0.482833503374348	0.491374292249509	0.461554718463519	0.06368008882848	0.433149866674163	0.293918014342139	0.195018824893264	0.395480536707071	0.162191189644769	0.17980227947029	0.225828391425989
0.668740400817436	0.459864007443166	0.327414427891786	0.488659764958729	0.371727633960381	0.302899536137571	0.37621503881291	0.325820534671194	0.391802892775838	0.458843432850809	0.249635246819538	0.416290174782522	0.459511766244745	0.169597393582172	0.328656224806703	0.135949920263472	0.187111983568124	0.179411527568947	0.550607486515087	0.625564458267112	0.818257570019449	1	0.593669240434277	0.471771340058466	0.458048052726995	0.574998144940591	0.579157655478552	0.644276650643105	0.653250393114593	0.363451771400774	0.369545145108041	0.170118383792423	0.378369546081619	0.627332091840249	0.612542440592261	0.586060558257674	0.737611343250196	0.559277128116128	0.470138716285629	0.710683319780285	0.513278283317465	-0.0261387197260735	0.0968946125761701	0.0146698300690754	0.175698068785084	0.159655047331504	0.0571486629230163	0.155213554795359	0.0138102757276047	0.183704589152103	0.339354896140043	0.296403378747204	0.39442216775781	0.36853075627213	0.395480991940574	0.052932420387952	0.31628976812768	0.265512771415652	0.29411915935506	0.364672551620749	0.246147392656311	0.21432137490386	0.28293255150427
0.376181044263962	0.602253077747328	0.305042702596319	0.707844929277615	0.283709017425742	0.252836584795063	0.249912787573008	0.291222517958178	0.0405203538877234	0.401856978683599	0.215281527475215	0.431872966747744	0.450690472757399	0.229692557443297	0.296115688092596	0.0907379501793219	0.285074996614516	0.244256515690558	0.704499652141131	0.546935903560703	0.486735554899928	0.593669240434277	1	0.832007261045202	0.726852731028479	0.981749575018352	0.277420200929292	0.468581399417161	0.434077140756614	0.399248049612167	0.370811064250886	0.278843969395746	0.568778243506789	0.563480673240524	0.587835737480424	0.810780667224801	0.532183812925131	0.586153908541351	0.405621014466185	0.607773241190774	0.390663738262496	0.07186915177116	-0.0625717297154256	-0.0910572208754074	0.23189878638536	0.222836585055672	0.136407394195932	0.215264550941765	0.019612272518511	0.212670978796217	0.284869546200283	0.196141520300306	0.0925215874768202	0.252930480277591	0.234158747608731	-0.0304631722047724	0.282857206520218	0.295779270118823	0.32377840021199	0.0176113319562527	0.1977987261808	0.123534820127493	0.225495292575175
0.184248726658467	0.416039316045069	0.193654193519979	0.358066969178553	0.178304932820891	0.216538407642814	0.136001576720211	0.135470512337811	-0.0261578490590098	0.180717029484881	0.177359454319054	0.425753233267505	0.335369356341627	0.127148340558507	0.139958446493928	-0.0477596715633364	0.330320462459894	0.0441097242618613	0.59496067629923	0.458842399713764	0.403356462698459	0.471771340058466	0.832007261045202	1	0.22376499759419	0.92231209931418	0.0764499276669934	0.381964668725628	0.501039130140508	0.168428650327115	0.241872756443798	0.048911235929579	0.481472223060535	0.346967234569362	0.282047132904516	0.744687798524978	0.434482539368734	0.309495279774816	0.292255392987046	0.330881600533779	0.222967576799863	0.147541730469118	-0.146275767672306	-0.123075443337331	0.246759531756315	0.23681225937822	0.146435518160474	0.22290121580719	0.0170330438861776	0.236163877595269	0.224490131701079	0.186776516263196	0.102475191619131	0.133582780162325	0.06693752640569	-0.0467621090654457	0.130420235294009	0.157016165611	0.316233807841768	-0.0549892416322531	0.0627553039546387	0.042341659543452	0.0671616960800353
0.432254511372772	0.542657462806477	0.295820524868027	0.800385748510669	0.27768583797488	0.175980467013563	0.270895803365676	0.343889521552875	0.103158524496689	0.48329527133712	0.160757833367812	0.231283597570303	0.376309831743841	0.245908903931893	0.346837358126432	0.218688290387889	0.0924481715591538	0.374328319567067	0.500790521544298	0.39186209521301	0.354532158374902	0.458048052726995	0.726852731028479	0.22376499759419	1	0.583012207274759	0.392205718308052	0.349371489967017	0.140813301080411	0.493411184839758	0.351877002341193	0.429085553376183	0.402931044432205	0.560263252903843	0.684001083289004	0.501992124975635	0.396463629977115	0.647181451939861	0.35062928441728	0.657973525239115	0.410383502689936	-0.0559902162292736	0.0711063525176607	-0.0079867026932018	0.102080781924129	0.098164763343704	0.058529016975024	0.102189106616182	0.0135631501294699	0.0812157130486804	0.222221600889626	0.113338660998427	0.0349795544508355	0.279217810829732	0.328467576652584	0.00467929102715683	0.335450678634751	0.325493682231867	0.177633489298669	0.0991603671587178	0.270099786460274	0.164991279078784	0.313378479068529
0.324918969026869	0.56181454830665	0.278666161058229	0.615682591178496	0.258495153804703	0.249995704356959	0.220593624112209	0.249144979986901	0.0193120579124591	0.342005652284831	0.21141048042774	0.44654735424434	0.428737674007036	0.203558098912848	0.254183497223546	0.0470563307370888	0.311621087996294	0.185477203218816	0.694502111096325	0.537682562008826	0.476898205899526	0.574998144940591	0.981749575018352	0.92231209931418	0.583012207274759	1	0.219554917995345	0.456855922271516	0.47353360205903	0.336039728266073	0.341270587475393	0.211213231907409	0.56081634439109	0.511211967907082	0.506347930676357	0.819889230011471	0.51941462907169	0.514534834054709	0.382282064460946	0.5365687010127	0.348531653749964	0.100615522937176	-0.0938309054517544	-0.105415934126197	0.245893998980094	0.236036154398035	0.144944567031297	0.226003601943146	0.0193258613176891	0.228740105068408	0.27502048778799	0.200377254213614	0.0994380828339589	0.221871361843754	0.185963199663719	-0.0370292677881603	0.241557966755552	0.259874431538576	0.333746050416855	-0.00627874965117902	0.15948458997679	0.100879781089974	0.180359749438285
0.762760007241553	0.411308653960498	0.312929978101209	0.29343840749648	0.606625852808824	0.51987317715667	0.600424155502187	0.531183477075632	0.888886178601561	0.491514904991899	0.146386188776246	0.338013065660795	0.314106293249195	0.162260007971998	0.173542900076175	0.131479023613074	0.103164864622453	0.145443240628327	0.485794851598076	0.545555535566381	0.558644199315649	0.579157655478552	0.277420200929292	0.0764499276669934	0.392205718308052	0.219554917995345	1	0.440225820384252	0.10975705988258	0.223621138890244	0.412982495689048	0.156377187332278	0.27054450697242	0.678561318537739	0.493648594448568	0.400888575926461	0.606555434107508	0.481147511531841	0.634128742046892	0.600734784601719	0.694823232343629	-0.0227429909370451	0.149166473812656	0.118434584326157	0.212622076795287	0.250104761897796	0.155801020369549	0.212974293915178	0.0413299834792772	0.26036230625957	0.590530457192487	0.55769977808324	0.582357884390422	0.596164495208601	0.466737441680261	0.0512282256309753	0.512790264058941	0.464034868624365	0.0345074948720051	0.774376905587407	0.253661750511295	0.323841388405821	0.366820293907782
0.56558772625284	0.284134114399505	0.202658668136506	0.312873112650868	0.323691121237207	0.326582091319137	0.310574602945752	0.218961516362263	0.283125615243044	0.306402630493524	0.195570199616126	0.498607583227596	0.410590112403632	0.0650421681952462	0.19370748668359	0.289078529433597	0.157241109753292	0.138097313074309	0.412156432324318	0.61575224556219	0.593160801550313	0.644276650643105	0.468581399417161	0.381964668725628	0.349371489967017	0.456855922271516	0.440225820384252	1	0.615339590547587	0.258850401089406	0.514370859700485	0.111718140533634	0.454084131264961	0.55493598274454	0.40439732104762	0.415069766136736	0.65402318415805	0.392337608058718	0.403580248736332	0.480501780472552	0.494578923152287	0.0429100023818561	0.0869682499881217	-0.151127668450002	0.231640138212668	0.224389151039539	0.176657988878599	0.212680735994638	0.075864684338766	0.28112262331526	0.327230020141916	0.334411850060502	0.332007900116144	0.301029242190051	0.371552684037631	0.138451735247104	0.19978472403435	0.23451899946683	0.519379610784353	0.169982395169528	0.439095381779154	0.205317068513834	0.412474156140983
0.195539594443164	0.113169155610126	0.0647591666237642	0.199989159442529	0.0238896330649079	0.0337115854897763	0.0425177589684106	-0.0280450337865767	0.0527897621709604	0.101210464631486	0.220095346194193	0.282680257932517	0.243508666918503	0.0723080430354328	0.126062687374906	-0.0152395300326297	0.0787674628052286	0.160536353151323	0.235863294830079	0.458339460850027	0.493455971700015	0.653250393114593	0.434077140756614	0.501039130140508	0.140813301080411	0.47353360205903	0.10975705988258	0.615339590547587	1	0.0620269738090014	0.177852891415572	0.0804566501791589	0.232716623275785	0.201915203283544	0.175537112251417	0.292722346023183	0.489231796256786	0.156347280656736	0.106503665229017	0.189333282747222	0.0824383803167695	-0.00109291728482403	-0.0676984918644524	-0.0953608703189756	0.0489179417467218	0.00265632886928357	-0.013653023492917	0.0173953595204392	-0.0241261356958573	0.0371817899990483	0.0351467527134003	0.0354143098986249	0.109942198334743	0.0383051268127102	0.0319127997863073	-0.00884297045138559	-0.0330192010815007	-0.00669247061414696	0.319660410889867	-0.0131998027544784	0.0314956151723251	-0.0133424907679947	0.0037754600593233
0.183383068358485	0.390825543917175	0.333848942285909	0.500801196966359	0.0381832787104769	-0.0152614851744457	0.0238031357492124	0.120164447579782	0.0433148157450929	0.267356372412591	0.142493174407649	0.243147889566791	0.346537078855632	0.124853480115015	0.300538393329154	0.474654677296566	0.0548651480477683	0.173929059851052	0.256149240166793	0.163045281564462	0.122990885987313	0.363451771400774	0.399248049612167	0.168428650327115	0.493411184839758	0.336039728266073	0.223621138890244	0.258850401089406	0.0620269738090014	1	0.320642454510256	0.228763824801197	0.234411315668586	0.294588464788284	0.448374973798613	0.290250858591781	0.15094618998774	0.446363011611236	0.11937149403212	0.544034974523319	0.208393683568865	-0.169080997521387	0.0965640234101111	-0.0288803564188334	0.106189998645633	0.0873836798407094	-0.0151668649137552	0.0554684478820844	-0.0702375261075034	0.0177293234791004	-0.000599242594411486	-0.0604227137385208	-0.0508311100571916	0.0275050821274717	0.132994224691381	-0.0154471722565713	0.106355605889248	0.141393223857878	0.241249156923651	0.0647967976323673	0.347123953206421	0.230186930503219	0.361536057045009
0.355563014122078	0.39803167935609	0.356798501154456	0.293322553516391	0.280144863530993	0.239332967815911	0.255195060333093	0.267109003368231	0.253230317907716	0.314166131576992	0.150813429141908	0.456667746297456	0.408252034765439	0.151298909854894	0.216427507155763	0.199266969057432	0.0862143385725122	0.183852016256475	0.485903037697734	0.407823492738656	0.267927312459113	0.369545145108041	0.370811064250886	0.241872756443798	0.351877002341193	0.341270587475393	0.412982495689048	0.514370859700485	0.177852891415572	0.320642454510256	1	0.179294355525727	0.436231654098118	0.485597296513903	0.363688245423407	0.307385323674263	0.26633703929935	0.29996593816953	0.340836304759794	0.516245571794802	0.395310463437651	-0.0416483017753348	0.0331638268907959	-0.137559212195782	0.162849689281736	0.197149224660617	0.194120103582994	0.147711570831124	0.0826449595016724	0.182131226224197	0.263772493181332	0.223689614932093	0.225758274161046	0.25553133237931	0.390947213676014	0.117496909643644	0.231594502485732	0.306847657923599	0.357392658114693	0.3835254196112	0.698206405786188	0.703133937363104	0.748273809329515
0.159606171988977	0.124412919757534	0.0871198207078368	0.320194965421246	0.126931727500306	0.0810772559387688	0.0988470219819246	0.20052136202314	0.0353161880409346	0.294480698503133	0.10070056624972	0.125272990072051	0.4074375516081	0.232731160754242	0.486925666482832	0.0653408526673185	0.0801263257513551	0.919232026568663	0.196063451833333	0.163645965534841	0.108931783409901	0.170118383792423	0.278843969395746	0.048911235929579	0.429085553376183	0.211213231907409	0.156377187332278	0.111718140533634	0.0804566501791589	0.228763824801197	0.179294355525727	1	0.192684269354747	0.199066918782523	0.296488003555521	0.209597671246203	0.181577092701355	0.32734222540391	0.16594606875841	0.256929724478531	0.168775294208103	-0.0849171230176555	-0.0478011108343281	-0.0239063405889979	0.0875851656881349	0.0886047375318381	0.103563049036101	0.10571352153631	0.049472971594793	0.0720095286189347	0.106071971418499	0.0129115981594278	0.0100081058781681	0.104371679506593	0.0682795334956873	0.0401096167141055	0.188972885663127	0.236573592353885	0.0642678509936373	0.0511464081452738	0.136943398122877	0.0817849576623573	0.164755077044106
0.517182124691491	0.535663766450382	0.36164399824104	0.505646009926515	0.49991414942011	0.565340595398599	0.432483289631388	0.350696509450159	0.142284922821964	0.487790746700971	0.349018673148607	0.538174473761786	0.450125839535476	0.23470105524838	0.20649975572594	0.0590037683382406	0.238290307137874	0.131980293015098	0.611013763169355	0.659438165076816	0.430566737318352	0.378369546081619	0.568778243506789	0.481472223060535	0.402931044432205	0.56081634439109	0.27054450697242	0.454084131264961	0.232716623275785	0.234411315668586	0.436231654098118	0.192684269354747	1	0.74463746429517	0.574698355207053	0.524638732979098	0.562224991568611	0.486710659800018	0.51511429072409	0.598170143496282	0.496141145836548	0.108503498394472	0.034917643950166	-0.215980074383881	0.573531759797	0.583186199674185	0.476669009254741	0.553567745843293	0.176889368379462	0.574318359868035	0.540978406372758	0.498881373690441	0.260024939347572	0.429332236298326	0.253804945493609	0.0148870124332957	0.350092353584567	0.33509405075083	0.242897170422955	0.0523116335236425	0.0782283776925116	0.0878425813170679	0.0880284173904485
0.852084804366783	0.691829153710315	0.500418729302347	0.607038284477971	0.728983107528339	0.686407552680254	0.687673910915816	0.602819282733631	0.507377681963558	0.655635845809918	0.276374469637041	0.453056412330469	0.428765584192906	0.247210774852354	0.242104574182978	0.151693415769308	0.178630094393724	0.118629605515027	0.709093692727361	0.726811023887211	0.681956407778477	0.627332091840249	0.563480673240524	0.346967234569362	0.560263252903843	0.511211967907082	0.678561318537739	0.55493598274454	0.201915203283544	0.294588464788284	0.485597296513903	0.199066918782523	0.74463746429517	1	0.761412030483507	0.627079554799759	0.733196269668554	0.682381102483877	0.775532867715712	0.802542694523854	0.760695572649622	0.0629119604098185	0.233004277012333	-0.127775467111291	0.452205695633847	0.472633601103297	0.409680066244793	0.470917605195121	0.238270592290288	0.5072181298332	0.701840126259256	0.662545806826155	0.517152972527759	0.685324229412032	0.525557543032676	0.0592291360697187	0.5978163664338	0.514174466705996	0.232925387032631	0.41459285238431	0.23960894964935	0.252978812250319	0.291447363045842
0.596728073660468	0.594822394571844	0.415215173768531	0.726989267578877	0.444571361946781	0.325258263113671	0.47571837931408	0.430637607317688	0.225636079173596	0.645698034190926	0.345254703036355	0.388479763393422	0.426038098602959	0.25052941583325	0.291147512954214	0.186390116815011	0.0956095831497801	0.2312504297431	0.501981656318374	0.529600822149244	0.597913575361045	0.612542440592261	0.587835737480424	0.282047132904516	0.684001083289004	0.506347930676357	0.493648594448568	0.40439732104762	0.175537112251417	0.448374973798613	0.363688245423407	0.296488003555521	0.574698355207053	0.761412030483507	1	0.583770019672609	0.584714893984194	0.844188620587013	0.432486321649561	0.786564844819423	0.531754626871295	0.11848364316703	0.241896875063513	-0.0620042034593313	0.235612424191023	0.224950932719054	0.178010658057828	0.22613399745748	0.0877120878572906	0.204920989977337	0.337408715200855	0.28120623157403	0.17376639456591	0.484382079711679	0.416508986319863	0.0518989006793188	0.43700793358018	0.308464020753223	0.200109941910392	0.172461585993841	0.203652292711986	0.124770646435505	0.239578615844083
