"PROT"	"CARB"	"SUGR"	"FIBE"	"TFAT"	"SFAT"	"MFAT"	"PFAT"	"CHOL"	"ATOC"	"ATOA"	"RET"	"VARA"	"ACAR"	"BCAR"	"CRYP"	"LYCO"	"LZ"	"VB1"	"VB2"	"NIAC"	"VB6"	"FOLA"	"FA"	"FF"	"FDFE"	"CHL"	"VB12"	"B12A"	"VC"	"VD"	"VK"	"CALC"	"PHOS"	"MAGN"	"IRON"	"ZINC"	"COPP"	"SODI"	"POTA"	"SELE"	"CAFF"	"THEO"	"ALCO"	"MOIS"	"S040"	"S060"	"S080"	"S100"	"S120"	"S140"	"S160"	"S180"	"M161"	"M181"	"M201"	"M221"	"P182"	"P183"	"P184"	"P204"	"P205"	"P225"	"P226"
1	0.504955426751197	0.283343273109184	0.449916659106585	0.747775273448008	0.658631703561898	0.741345835863219	0.599617618783323	0.635525029781644	0.515400997858407	-0.0163043309570399	0.150332181589048	0.191861795427706	0.0953615338196213	0.164872303145692	0.0535923822698354	0.211655286916277	0.148353720620671	0.62250327556986	0.589936118531506	0.797528958024119	0.53811100285986	0.483479786093271	0.288459180093053	0.475897508911098	0.444815693376086	0.670874376059261	0.209263369931965	-0.115747706975815	0.168919352705647	0.146823380580224	0.265698711292491	0.470835905266843	0.839061775804914	0.593646346129648	0.673075014282298	0.679698991231674	0.244922380094277	0.784766581097328	0.647431692229899	0.877491355125023	0.0897570154456476	0.157020161662277	0.0883595354772577	0.258141108853625	0.336346766757586	0.291109129845411	0.219560285323476	0.276556198738502	0.160512936285907	0.463335455952842	0.71567530783499	0.662395218354275	0.703016817943302	0.733962975029331	0.487571864920982	0.1331843557754	0.590703224249046	0.525640221650218	0.0742080278132975	0.598749299849552	0.0647747808220248	0.348767146818093	0.132810798564279
0.504955426751197	1	0.827054626542387	0.587618795511292	0.593755478204569	0.563987798759272	0.500416810281624	0.52428151772974	0.216997881524241	0.466204705345748	0.0109381394607156	0.186161363407719	0.208266395072104	0.0232360747824646	0.110281628920516	-0.0273841839135967	0.280935798065732	0.117095129302089	0.702715587554684	0.53676391029734	0.498702122044437	0.365375076053379	0.540652862369606	0.430905562250908	0.431200899210402	0.53233285317486	0.293249166803879	0.0831361973712424	0.0227176440583157	0.360042594747266	-0.0273648771381498	0.214740501218515	0.547412547506552	0.64185981391534	0.552265735491273	0.648741002300037	0.401308694029124	0.249700048218217	0.595662554393036	0.57550274896918	0.504349085691335	0.14042597397823	0.342652885833022	-0.0115295957247847	0.21292311776981	0.442139144647595	0.38550890567815	0.326626211467606	0.356961572080007	0.243488111667142	0.454418599263747	0.577880281170978	0.526401007910897	0.252682644577011	0.5081273191042	0.230431207852197	-0.0744369992195266	0.525267453465906	0.478974915463945	0.062358713021692	0.149628598361077	-0.093086835701886	-0.0394827294365204	-0.0754566309227318
0.283343273109184	0.827054626542387	1	0.26872810216219	0.43966269556261	0.492628019902574	0.339246204144907	0.289818699331013	0.136811689062278	0.237731074577054	-0.0504857580118422	0.106799282471186	0.11369792188474	-0.0595852044622261	0.0565474892999743	-0.0235380843808126	0.231471265536255	0.088342821733456	0.372279319937055	0.355525760204201	0.221028292600549	0.133444947311329	0.179498760018619	0.176876310636114	0.111153666203624	0.186996126499781	0.0959437463440972	0.0199021975431185	0.00223450947725938	0.304535559982074	-0.0420878446306248	0.114341104036753	0.415017437820751	0.387681109841648	0.261910393834708	0.334598359329714	0.300468546715383	0.0858193577248003	0.281955785660507	0.328146440690204	0.26044066069169	0.191453123771592	0.386735843517085	-0.11379616276997	0.102959741761449	0.473938432598798	0.406661076683222	0.370068385946844	0.390096334890985	0.289811228656241	0.46523648004017	0.453158263742885	0.47077770444674	0.200818273719263	0.340057675794936	0.129911121133563	-0.086687191860633	0.292550143615475	0.274589441831711	0.0668986847037711	0.0345656997745312	-0.12398142336033	-0.094731419491681	-0.0921954170017013
0.449916659106585	0.587618795511292	0.26872810216219	1	0.421525398811744	0.311807404438033	0.381290701086429	0.480995987732513	0.0657985014531231	0.622887256026714	0.179714537121612	0.244462986427173	0.336033917108831	0.283129541752635	0.340691385861439	0.0633560589307635	0.25626393862326	0.2743531456065	0.615761122533241	0.451600379285069	0.420615726633291	0.441768161653821	0.674007404154771	0.361533042990958	0.704116010354633	0.608035509954631	0.222865116001442	0.14876821765956	0.114956216430388	0.327344624845292	-0.0352070118532045	0.421221569137529	0.516082010457283	0.586664220339062	0.732660241618794	0.599951825035948	0.375548867628927	0.433700350930837	0.563891219161367	0.650877117454044	0.383439675093063	-0.0440989817030877	0.120912606320815	-0.0858889764801018	0.196784913992701	0.216600451736798	0.233694961773072	0.190043354332087	0.219316725013439	0.161447127178875	0.239301047757558	0.333189927216373	0.241844803524017	0.0756508218298725	0.396994470119516	0.170316360984632	-0.0694311574232923	0.482510569558083	0.478499187001373	-0.0952292199032296	0.0348934316944918	-0.0778462800803338	-0.100913225795587	-0.0886666984967656
0.747775273448008	0.593755478204569	0.43966269556261	0.421525398811744	1	0.911336438541371	0.963865653687951	0.834844582580342	0.588383983753064	0.637079512772348	-0.00736852923619648	0.133857597901231	0.1301831424997	-0.0536868080059629	0.0174058389100871	-0.0587993365915995	0.196838855237874	0.032445529539968	0.555359822066256	0.563132401647414	0.618642267682337	0.387490366766559	0.367153112972182	0.210721638691068	0.369816661733338	0.335023538502651	0.559882465339163	0.0944361014408475	-0.0471532723899028	0.176967886522292	0.0528264832364723	0.155324045726291	0.511761191264928	0.760069689628575	0.55145297275105	0.496119333206087	0.511910471822436	0.176044258697318	0.718527666240248	0.62738829955339	0.677716061826323	0.20113152323243	0.350215299095448	-0.000361091089619681	0.217076249557521	0.545345127059639	0.49195494544274	0.436448071645442	0.482838342613206	0.34876138059973	0.650420299437123	0.949240932307899	0.891415027125568	0.726078658479677	0.961361264802177	0.737358396300053	0.195647990334606	0.835193004058345	0.672971381454738	0.130025157118752	0.570151158406302	-0.0837578723752602	0.177653315438122	0.00942534402484893
0.658631703561898	0.563987798759272	0.492628019902574	0.311807404438033	0.911336438541371	1	0.82568342453208	0.584082508317947	0.532067510039025	0.432737212029834	-0.0428169797845233	0.162043115490371	0.139441521147462	-0.147929459158251	-0.0413147199042174	-0.0209424841450215	0.223495687406834	0.000740244548349382	0.483528416212232	0.5594305296746	0.491605416874923	0.282896373293693	0.291639527789902	0.202228289013204	0.261037214002387	0.277130454720617	0.470868955377254	0.10128464370355	-0.00884083538772295	0.141701214347072	0.115402588944019	0.0463393486941562	0.617629325371827	0.72402021728904	0.445444410960379	0.426697056361857	0.536820327860256	0.135553163409159	0.627341380474026	0.534747667695474	0.604473037268668	0.238617013807678	0.40787382045157	-0.0282753589585245	0.242906869796218	0.750458895798658	0.704395718917312	0.651721802202508	0.712036394551406	0.516055942901395	0.876538423545716	0.964414571067456	0.949677901039552	0.706938808383229	0.813575986063193	0.568921299660791	0.171067082342666	0.582857146860998	0.47194542271812	0.189208777081259	0.46052469731781	-0.0661323470352311	0.151933706240834	-0.00476467630650005
0.741345835863219	0.500416810281624	0.339246204144907	0.381290701086429	0.963865653687951	0.82568342453208	1	0.790520331974669	0.59299197670483	0.634526283669658	-0.00821355780471115	0.101572953629749	0.103378619322555	-0.0201073534766647	0.0315000910791179	-0.0808727066644581	0.141048737607441	0.0465927264648923	0.500675944330889	0.509112809026389	0.635042770607915	0.426140862415683	0.340272155835188	0.177310005981307	0.359851462834013	0.304885477108673	0.58546700696008	0.0975839530174629	-0.0347217175095453	0.176198916924983	0.0157351788734102	0.148497816059969	0.386902744278064	0.695056350182787	0.546261150082673	0.444107617374371	0.501389589782268	0.169988207226882	0.688249945491192	0.615895507708834	0.651432410965852	0.183538105961259	0.292727751187153	0.0393725559179263	0.220677315425673	0.411728741229494	0.350141328389732	0.28822860122315	0.338239671394223	0.219410173530864	0.515704328407496	0.892777113589191	0.83628945900179	0.765357601087257	0.998791545889568	0.782008251953831	0.227770011187086	0.79395698092258	0.596009326750368	0.0823934143964381	0.603859693520179	-0.101235627944885	0.184711716021931	-0.00993512851100471
0.599617618783323	0.52428151772974	0.289818699331013	0.480995987732513	0.834844582580342	0.584082508317947	0.790520331974669	1	0.445279635545896	0.719948794268099	0.059254758537581	0.109254432575281	0.124566639870999	0.0561121380009304	0.0719016223066092	-0.0881305705025837	0.118883523865389	0.0183564321674217	0.543463737916684	0.458763234907739	0.551633366268216	0.347450652900077	0.393070608139641	0.206860300732849	0.413549306674563	0.352870407120743	0.44628249819893	0.0552742375755009	-0.089390911744442	0.164296989425009	0.00364606918618269	0.257053353640556	0.346312973145432	0.626421773054513	0.513094658300671	0.47968650529416	0.281466771334795	0.195960045958378	0.641862254387199	0.564237597240602	0.566370053554684	0.118161508296907	0.200316396161761	-0.0145298511755472	0.0932483962360769	0.242691287052949	0.204036428112273	0.175676564631889	0.180886858258306	0.162876483118644	0.272793395913692	0.678609517896364	0.570340844186066	0.445950954634859	0.802215997803308	0.674232649303521	0.139466538582826	0.997819049258999	0.866699364403655	0.077010017235059	0.493537077804704	-0.0661348852093715	0.12478793218574	0.0361483341992999
0.635525029781644	0.216997881524241	0.136811689062278	0.0657985014531231	0.588383983753064	0.532067510039025	0.59299197670483	0.445279635545896	1	0.350848080152118	-0.0831939692904728	0.24402210722855	0.202330795482725	-0.117952351025549	-0.122784855881784	0.019314683682888	0.288962698348297	0.0191962166206693	0.21918462817874	0.35671185696668	0.370355714688014	0.177311969266274	0.114792220289589	-0.019054978371088	0.196095505692957	0.0778583352531708	0.806701342714519	0.263082764693819	-0.252855190004583	0.0256790472577765	0.142489973805886	-0.00295889357885145	0.14152165591735	0.526557563431447	0.19679713878643	0.313917101207807	0.368452403855485	0.182363676607803	0.507902063363209	0.2961333230605	0.64293968829174	0.0327256206726809	0.124378485302181	0.0432458327537862	0.0391932933142439	0.23936406056383	0.213251515695895	0.122954382022982	0.161799892557268	0.0616782690630231	0.289318681700231	0.616057622736845	0.567493025435577	0.600386031303231	0.584973505888553	0.485730068016686	0.144464615075249	0.428011139496096	0.360341721602565	0.0908241913269378	0.920543031222586	0.0842592572462823	0.381441133163782	0.270486541410079
0.515400997858407	0.466204705345748	0.237731074577054	0.622887256026714	0.637079512772348	0.432737212029834	0.634526283669658	0.719948794268099	0.350848080152118	1	0.471257713931558	0.152607251613984	0.208256430459693	0.0884250980162429	0.230168166320426	0.00283704455638887	0.258122869435044	0.235023255416394	0.473825327276913	0.439691590644779	0.475986562779338	0.457546367997754	0.454037457652302	0.24855327406946	0.469412432702669	0.410740312907048	0.390833548264467	0.102981643569942	0.120215123221604	0.310243383665643	0.112226930746287	0.372069644613874	0.375343713795723	0.581160846911874	0.639260956364221	0.510720785783763	0.246861312134309	0.257768310338511	0.579954205940069	0.643116445111212	0.490160087134646	0.0626110959987209	0.203197923053365	-0.0514379665466089	0.10236073153473	0.227057059085293	0.241035163669642	0.187090596090982	0.207874981142426	0.185579962299474	0.218000342876678	0.494084961857751	0.370749852729066	0.220967483854551	0.652728630895912	0.528409446976641	0.119606770329187	0.726252579492438	0.529774417941382	-0.0382835818788348	0.347785971091594	0.0832279257922745	0.176013129561981	0.139387841247214
-0.0163043309570399	0.0109381394607156	-0.0504857580118422	0.179714537121612	-0.00736852923619648	-0.0428169797845233	-0.00821355780471115	0.059254758537581	-0.0831939692904728	0.471257713931558	1	0.0610622225247536	0.0594542763164322	-0.0375417515361288	0.0135856285023067	-0.05364857826749	-0.0321375150262516	0.104626567033024	0.0459386140016721	0.103813361754078	-0.00621576107048119	0.217036259296755	0.184523867485885	0.235502428740383	0.0643249355480159	0.209300342553051	-0.035889505047524	0.0136185320381057	0.369530850359784	0.0433647807264219	0.115643876529706	0.0600640069282001	0.14810222923129	0.0839843505511084	0.187040147419114	0.194803515174959	-0.00398374789001619	0.0450334658606116	0.0343621748687683	0.0852182462102839	-0.00875301449695621	-0.0373242744124009	-0.0243034080815716	0.0126647434827995	-0.0474838739378558	-0.00476372391533717	0.00879511680909468	0.0242351387683718	0.014389928170953	0.0528956241499872	-0.00320802264849403	-0.0511281665225474	-0.0899796982167998	-0.112884014210336	0.00121403578969476	-0.0506149014016165	-0.0133959273514142	0.0721221492551403	-0.0422492887496901	-0.104380785545766	-0.082175525582901	-0.0559469668022337	-0.0116748896084112	-0.0181233224301836
0.150332181589048	0.186161363407719	0.106799282471186	0.244462986427173	0.133857597901231	0.162043115490371	0.101572953629749	0.109254432575281	0.24402210722855	0.152607251613984	0.0610622225247536	1	0.960561071421599	-0.0398355402865803	-0.0463058407028362	-0.0281128760914384	0.107246936342383	-0.0452272270613264	0.203313991103442	0.454720188349509	0.165274821846435	0.169741303148127	0.343637959791961	0.164912324841358	0.378233908578601	0.304714397156475	0.27027514829345	0.908282197864486	0.0552540343966065	-0.0346665533985567	0.128647678232159	-0.0189051197058322	0.207185964889802	0.251829254018894	0.227497665729968	0.273931089035838	0.185903854999767	0.89049080245638	0.0802465922285302	0.202807949748908	0.125334714545449	0.0851716928884246	0.071458464587404	-0.0676571241446064	-0.0114939885296699	0.245125856897974	0.236489852682036	0.156808899072699	0.206403572691631	0.077181316374019	0.18440664005798	0.139689347656065	0.128867956976385	0.0207802976089538	0.104799073377751	0.0198109856020952	-0.0264140129322279	0.0971986018777195	0.151465344670707	-0.0400835213498699	0.235520354180224	-0.0670451059376074	-0.0690786883403134	-0.0299280995862157
0.191861795427706	0.208266395072104	0.11369792188474	0.336033917108831	0.1301831424997	0.139441521147462	0.103378619322555	0.124566639870999	0.202330795482725	0.208256430459693	0.0594542763164322	0.960561071421599	1	0.17161458485427	0.229647270165853	0.00477015164622866	0.115942252150894	0.107625532828015	0.230756738515237	0.468412684329944	0.213000938479995	0.219215267924724	0.386920300120222	0.168460659509702	0.442226198209464	0.337510684782716	0.267246569926941	0.871040197570096	0.0507736519762723	0.0255702514335127	0.134012038075634	0.130212223657641	0.238929741122043	0.29247841409713	0.324016952205286	0.303866402027178	0.21695199327498	0.902535084094188	0.114062040615922	0.279168725841355	0.149100790189873	0.0493140390393886	0.0871797949948762	-0.0574077382995448	0.0338175511317058	0.230529632833957	0.228250663314444	0.162355157802888	0.199250144347293	0.101349123072453	0.159319604259731	0.116738555357598	0.0945703027735112	3.64956309534975e-05	0.109278204611567	0.0127494192919279	-0.0425503611175071	0.111722788517321	0.180437760779537	-0.0395416622923112	0.172676636239469	-0.0552900697042642	-0.0923918379314559	-0.0322024162197666
0.0953615338196213	0.0232360747824646	-0.0595852044622261	0.283129541752635	-0.0536868080059629	-0.147929459158251	-0.0201073534766647	0.0561121380009304	-0.117952351025549	0.0884250980162429	-0.0375417515361288	-0.0398355402865803	0.17161458485427	1	0.659537676397809	-0.0153426001221071	-0.0595310883481403	0.149913838405549	0.0653022238267087	0.0103820959406284	0.174557964224031	0.131338626761127	0.111000839543867	-0.028820757812697	0.198892563302161	0.0717391245763169	-0.0126108381173945	-0.0682950847996371	-0.0442518992525659	0.0436215190797145	-0.135382712970695	0.1371972986169	-0.00649580018432516	0.0939374610506107	0.280557268226717	0.0889027106078436	0.0836111693841119	0.112857418129651	0.0692243807691318	0.17796041630496	0.00883702845899384	-0.0556444046643715	-0.0280543188389135	0.0221139007053556	0.190737862453208	-0.133863258870368	-0.120554766483958	-0.0552991774459328	-0.100039425477499	0.00517897550434579	-0.174776547382606	-0.126542372874101	-0.182336286112921	-0.0816293375241579	-0.00840606053568955	-0.0953308930622108	-0.109312761237702	0.0611292649581141	0.0756958013773539	-0.126380331405905	-0.164629902668938	-0.0932004806655662	-0.185336273920527	-0.127555533655462
0.164872303145692	0.110281628920516	0.0565474892999743	0.340691385861439	0.0174058389100871	-0.0413147199042174	0.0315000910791179	0.0719016223066092	-0.122784855881784	0.230168166320426	0.0135856285023067	-0.0463058407028362	0.229647270165853	0.659537676397809	1	0.0440939120393632	0.0468099794901601	0.596510498718564	0.128112444877665	0.111824811494102	0.177299776572208	0.204323615459478	0.199643537890679	0.043617975820285	0.269601846469508	0.160161157952421	0.0246684324620122	-0.0385325955029027	0.00304085713526779	0.238456104464778	0.0731769874386484	0.597211923741771	0.156559990347126	0.175673611310839	0.368076705697259	0.141569595290224	0.133599548235331	0.121656030392654	0.133704243466139	0.307629097478016	0.108661564642529	-0.120533996341582	0.0845346644655993	0.0364945101460509	0.153499356994791	-0.00712566289801378	0.0135888039951782	0.0502299646735341	0.0117611308250987	0.104081162363957	-0.0463553774374668	-0.0489441957539894	-0.0844507952646289	-0.0667060743984469	0.0407910192209033	0.00322756785660716	-0.0399052716754073	0.0659179506931129	0.128802678826088	0.0260787489299154	-0.192652509177747	0.0651880652247386	-0.0532131279391903	0.0189173247671435
0.0535923822698354	-0.0273841839135967	-0.0235380843808126	0.0633560589307635	-0.0587993365915995	-0.0209424841450215	-0.0808727066644581	-0.0881305705025837	0.019314683682888	0.00283704455638887	-0.05364857826749	-0.0281128760914384	0.00477015164622866	-0.0153426001221071	0.0440939120393632	1	0.17116896946624	0.0614601832109046	-0.0610128063359514	-0.085574865249658	0.0146668540430465	-0.0840230599459013	-0.0648123894647346	-0.0487040975234949	-0.0549883801379813	-0.0636206280140921	-0.0532139526438763	-0.0508478230164674	-0.0689323027690213	0.0136147418484124	-0.0702089439647274	-0.0538868396694605	0.00926936613364389	0.0136947700677684	-0.0214228750751127	-0.0606778428238283	-0.010953345094647	-0.010763703368453	0.0153020359074562	-0.0649284803280711	0.0368987789718141	-0.107927291348734	-0.0500910664038338	-0.0623303303296465	-0.0876600362589047	0.0295059224457425	0.0477130441748172	0.0229488791563879	0.0297336469769049	0.0480746551207811	0.00917495157998945	-0.0289484525280069	-0.0425811479414263	0.0118438006176373	-0.0852927143989829	-0.0932818104452871	-0.0642068757431009	-0.0850320085356244	-0.0871607514194768	-0.00793625940464005	-0.0845762461552324	-0.0188398693472975	-0.101336592718556	-0.0242578014896137
0.211655286916277	0.280935798065732	0.231471265536255	0.25626393862326	0.196838855237874	0.223495687406834	0.141048737607441	0.118883523865389	0.288962698348297	0.258122869435044	-0.0321375150262516	0.107246936342383	0.115942252150894	-0.0595310883481403	0.0468099794901601	0.17116896946624	1	0.0425520523665661	0.301539142588	0.124807402073362	0.0843996376154376	0.019873886959087	0.153059339928272	0.202985917062441	0.0460657023205159	0.175901508942559	0.126063780360685	0.102469661575214	-0.0392366883915728	0.140397408319916	-0.0929099297516572	0.0637342467374625	0.207650986641516	0.213713051835214	0.0987580517297852	0.245255362820999	0.182053468870645	0.104735881754189	0.291424909015651	0.14600357852049	0.376164363794054	-0.0724536480984695	0.0946920976374606	-0.184830028944948	-0.0580442130830308	0.177321396577697	0.15417829391992	0.0829644864901117	0.11908377908322	0.0381406273348863	0.189174308874526	0.242178584926952	0.231149278091801	0.0986819631927509	0.137100213051564	0.0487329820955027	-0.104505089935187	0.113688637285326	0.152527584111695	-0.0147349975194868	0.235479643021228	-0.067086015422989	-0.0191856222683731	-0.0558760762924382
0.148353720620671	0.117095129302089	0.088342821733456	0.2743531456065	0.032445529539968	0.000740244548349382	0.0465927264648923	0.0183564321674217	0.0191962166206693	0.235023255416394	0.104626567033024	-0.0452272270613264	0.107625532828015	0.149913838405549	0.596510498718564	0.0614601832109046	0.0425520523665661	1	0.10892797360768	0.113028636373527	0.127285844305886	0.210184494759519	0.168316444075389	-0.0130352745117309	0.274373125644484	0.11950161400575	0.145756634730272	0.00896469395409025	0.00579320751163614	0.196503146144701	0.225424873965828	0.848718014969284	0.128900325606365	0.154353963856944	0.286217780063287	0.127888677523766	0.0988377488354833	0.0692048454215132	0.16413803648732	0.245327855713774	0.128874620697865	-0.100318808842421	0.161763105540011	0.0787516142136357	0.0846394223792676	-0.0352767776513815	-0.00952477421761296	0.0701330412639426	0.0294095896244101	0.116495076057291	0.0235418902215174	-0.0121394746077154	-0.018282366884963	0.0810027588036853	0.0459935392620567	0.136779409851013	0.0227415932925902	0.00685405380527497	0.089875031215068	0.194836837734757	-0.0396907604106815	0.216944253229475	0.18937077832516	0.237527277556198
0.62250327556986	0.702715587554684	0.372279319937055	0.615761122533241	0.555359822066256	0.483528416212232	0.500675944330889	0.543463737916684	0.21918462817874	0.473825327276913	0.0459386140016721	0.203313991103442	0.230756738515237	0.0653022238267087	0.128112444877665	-0.0610128063359514	0.301539142588	0.10892797360768	1	0.663606707184906	0.671211059692889	0.549494746647432	0.738485849752762	0.675788236810358	0.505786021194213	0.754751872316958	0.297779928116246	0.132946833828759	0.179169542965788	0.206097625983359	0.0759853604426898	0.248053433223967	0.56707619848374	0.682797172389696	0.561462497098997	0.804595507334896	0.487237551555386	0.277201968410463	0.67250412829008	0.58358652265308	0.681488740710095	0.14104195127377	0.142051639445102	-0.0445406630667983	0.221254163822441	0.379851876256253	0.361952205418708	0.246183504790591	0.323334004510151	0.126754009328604	0.377029688286885	0.511073223635665	0.452234956874909	0.281114697537034	0.507918044731319	0.292687938525302	0.0032232602100316	0.544806806624421	0.501267952019371	-0.0178067728253779	0.220957738215405	-0.107289560625559	-0.0119874629400721	-0.103869311766392
0.589936118531506	0.53676391029734	0.355525760204201	0.451600379285069	0.563132401647414	0.5594305296746	0.509112809026389	0.458763234907739	0.35671185696668	0.439691590644779	0.103813361754078	0.454720188349509	0.468412684329944	0.0103820959406284	0.111824811494102	-0.085574865249658	0.124807402073362	0.113028636373527	0.663606707184906	1	0.648317696535192	0.591114986039712	0.616878376718755	0.433834498547283	0.546659333554875	0.589156094684522	0.501884923704686	0.358227607407281	0.237412771290823	0.0803427053378173	0.241783667159582	0.182443719115075	0.641755079423592	0.762681611936916	0.641283733187879	0.655744579154044	0.495903171460096	0.412489959386232	0.48141758146179	0.657445829454653	0.542990195054682	0.486783056871515	0.158493008925247	0.122477350355869	0.30203579707483	0.566645734223998	0.558883224809177	0.396639550721215	0.510767763485199	0.199857161111962	0.510491479618553	0.553435930411909	0.473476500883938	0.327984919382505	0.512098115849121	0.249524017441159	0.0385275205199363	0.46469489400658	0.366021462132384	0.0231385730754149	0.27464559713023	-0.138961422658283	-0.0158897335361267	-0.0901887554063867
0.797528958024119	0.498702122044437	0.221028292600549	0.420615726633291	0.618642267682337	0.491605416874923	0.635042770607915	0.551633366268216	0.370355714688014	0.475986562779338	-0.00621576107048119	0.165274821846435	0.213000938479995	0.174557964224031	0.177299776572208	0.0146668540430465	0.0843996376154376	0.127285844305886	0.671211059692889	0.648317696535192	1	0.763246224342583	0.588171741220123	0.381973045473996	0.549247403897674	0.551394624340036	0.566092978108855	0.200023589179141	0.157400737383107	0.163325270396478	0.0468668476788362	0.213227881120287	0.378158742428225	0.734267051798161	0.67630661699663	0.716844944468905	0.498827566375921	0.249503078669385	0.615473560913745	0.651157266993758	0.714104148305002	0.187765793044672	0.149688361136785	0.260799315162	0.323869504603383	0.224465077588656	0.214654860813118	0.167590913313705	0.203193585372138	0.115096692345019	0.297885856115519	0.54813619441239	0.480468873626705	0.493464839533629	0.637095574250247	0.459680770928049	0.0500407260063397	0.557937867624345	0.407130225999858	-0.00461425623711552	0.377206518985213	-0.0810346336826205	0.119044742827501	-0.0357753466450783
0.53811100285986	0.365375076053379	0.133444947311329	0.441768161653821	0.387490366766559	0.282896373293693	0.426140862415683	0.347450652900077	0.177311969266274	0.457546367997754	0.217036259296755	0.169741303148127	0.219215267924724	0.131338626761127	0.204323615459478	-0.0840230599459013	0.019873886959087	0.210184494759519	0.549494746647432	0.591114986039712	0.763246224342583	1	0.645397349751525	0.484167530962862	0.542403449981862	0.626018258684995	0.445385401868916	0.229079026941536	0.550924465522664	0.327691977975666	0.135124509974078	0.265201065689249	0.354674395587891	0.569953102439467	0.604326240347207	0.617083682531795	0.39946895658099	0.223671327461229	0.421057388752693	0.677940744301113	0.432496687246658	0.0619530592095585	0.0869741216636787	0.254729006890106	0.301463934833639	0.151330489180505	0.180822861747975	0.11365597393054	0.156037519339053	0.0430864911426991	0.175306574441803	0.326987620232873	0.24841319208552	0.243191716219313	0.432595134344505	0.26912995232858	0.0115250427432475	0.354943642312883	0.249551808165883	-0.123495089841569	0.182417169182879	-0.0926709642605301	0.0732771920927472	-0.0722614886323548
0.483479786093271	0.540652862369606	0.179498760018619	0.674007404154771	0.367153112972182	0.291639527789902	0.340272155835188	0.393070608139641	0.114792220289589	0.454037457652302	0.184523867485885	0.343637959791961	0.386920300120222	0.111000839543867	0.199643537890679	-0.0648123894647346	0.153059339928272	0.168316444075389	0.738485849752762	0.616878376718755	0.588171741220123	0.645397349751525	1	0.78439810722854	0.809013797931205	0.980727668735346	0.369067691961774	0.320603207844654	0.354025553247066	0.217299294353185	0.0802784314567865	0.264754005503228	0.461610801025474	0.605690020729207	0.669559507984577	0.712376377420407	0.368320207948345	0.453204170544933	0.465804555772036	0.568796242345313	0.48622986296777	0.105484216214945	0.0538098566369828	0.231133654784608	0.322082160591242	0.197812149064317	0.208409639524458	0.150268594984551	0.196187376302982	0.087393922105459	0.224720065642364	0.329588909213978	0.221740010765786	0.126946487438021	0.349207923351572	0.180794388882654	-0.0167978317940797	0.395906955681343	0.34768424646728	-0.08045275217707	0.0934892727220335	-0.0182912807447987	-0.00545940876751733	-0.0407357909339745
0.288459180093053	0.430905562250908	0.176876310636114	0.361533042990958	0.210721638691068	0.202228289013204	0.177310005981307	0.206860300732849	-0.019054978371088	0.24855327406946	0.235502428740383	0.164912324841358	0.168460659509702	-0.028820757812697	0.043617975820285	-0.0487040975234949	0.202985917062441	-0.0130352745117309	0.675788236810358	0.433834498547283	0.381973045473996	0.484167530962862	0.78439810722854	1	0.27004591511871	0.890434540624002	0.00873782379702335	0.157672837674615	0.557797936655355	0.0671435407901321	0.049162081635687	0.0253835174659645	0.349215790411206	0.356547543823481	0.271656074718959	0.599884431392577	0.304860986438162	0.176623402942755	0.312723442977998	0.231574790064504	0.399883925960932	0.0771822095344537	-0.0146807927768233	-0.0916433323929164	0.120700747519569	0.178955582723522	0.180285573078841	0.0956739098115628	0.156638379343746	0.0173274411068301	0.174972887234122	0.228716011152475	0.157656971423918	0.050223854078301	0.181206856318751	0.0451009282881036	-0.0237727470338864	0.21528203208328	0.146272739826128	0.00368545415609992	-0.0259249506702338	-0.0683039853028369	-0.0518152678609032	-0.134751663158623
0.475897508911098	0.431200899210402	0.111153666203624	0.704116010354633	0.369816661733338	0.261037214002387	0.359851462834013	0.413549306674563	0.196095505692957	0.469412432702669	0.0643249355480159	0.378233908578601	0.442226198209464	0.198892563302161	0.269601846469508	-0.0549883801379813	0.0460657023205159	0.274373125644484	0.505786021194213	0.546659333554875	0.549247403897674	0.542403449981862	0.809013797931205	0.27004591511871	1	0.678636599069584	0.564265364974137	0.349107122070308	0.0208201035935362	0.274949202415969	0.0777981597008869	0.387340519594845	0.385972057286841	0.602102534001552	0.781992571587682	0.536510770419344	0.282057292404444	0.537196434227648	0.426548330224112	0.663418601292812	0.375064515791	0.0898791057736835	0.0962318169494998	0.445341406979953	0.384510641282154	0.138799243174585	0.153602202257384	0.143763189400202	0.157006936175337	0.120024003224638	0.18387900111209	0.294366978529003	0.194516729574038	0.148059182940588	0.370117391157101	0.237321628348877	-0.00322792182387732	0.409930690157402	0.401019817077301	-0.128047186894709	0.169780922201762	0.0351805525898802	0.0398184118165651	0.0633188004741994
0.444815693376086	0.53233285317486	0.186996126499781	0.608035509954631	0.335023538502651	0.277130454720617	0.304885477108673	0.352870407120743	0.0778583352531708	0.410740312907048	0.209300342553051	0.304714397156475	0.337510684782716	0.0717391245763169	0.160161157952421	-0.0636206280140921	0.175901508942559	0.11950161400575	0.754751872316958	0.589156094684522	0.551394624340036	0.626018258684995	0.980727668735346	0.890434540624002	0.678636599069584	1	0.273670117310476	0.28565283974574	0.435340818576569	0.181235155715293	0.0748158901357798	0.20224893674021	0.44834062303832	0.55615080841763	0.57654007089704	0.711207660253025	0.365706775332462	0.38865974095272	0.439943255697235	0.490306515051775	0.482240938260636	0.101731409606129	0.0345606925209676	0.140705575171785	0.274111224710891	0.201467178975848	0.209675781007117	0.140645678585146	0.193260466115504	0.0699306664304056	0.219798545790231	0.313135508222815	0.211781471693825	0.108104756654576	0.31269879392825	0.146559656401362	-0.0196777650138816	0.357532359175016	0.300802295604145	-0.0575549025861253	0.0606117218538713	-0.0345410063626701	-0.0198611202541904	-0.0719696453190295
0.670874376059261	0.293249166803879	0.0959437463440972	0.222865116001442	0.559882465339163	0.470868955377254	0.58546700696008	0.44628249819893	0.806701342714519	0.390833548264467	-0.035889505047524	0.27027514829345	0.267246569926941	-0.0126108381173945	0.0246684324620122	-0.0532139526438763	0.126063780360685	0.145756634730272	0.297779928116246	0.501884923704686	0.566092978108855	0.445385401868916	0.369067691961774	0.00873782379702335	0.564265364974137	0.273670117310476	1	0.324876631435852	-0.181674024211719	0.0927075952346296	0.187026551518819	0.154039497896963	0.233693968153372	0.662482907172231	0.518567343764508	0.425824302312427	0.394315676141684	0.287942495896702	0.532981405247929	0.550431640237429	0.595936877134106	0.10934878825334	0.128011591027031	0.469428472924959	0.344245412330798	0.193559017037185	0.170315701453363	0.0988456984381275	0.140985943312442	0.0412010862314188	0.254357696010841	0.550955415035749	0.489880539809842	0.537324381574145	0.581955796748107	0.447977914811888	0.124102362752183	0.430123142390962	0.379170398419997	0.037788079589474	0.749305510944819	0.114656731875302	0.381492337713678	0.276380076258606
0.209263369931965	0.0831361973712424	0.0199021975431185	0.14876821765956	0.0944361014408475	0.10128464370355	0.0975839530174629	0.0552742375755009	0.263082764693819	0.102981643569942	0.0136185320381057	0.908282197864486	0.871040197570096	-0.0682950847996371	-0.0385325955029027	-0.0508478230164674	0.102469661575214	0.00896469395409025	0.132946833828759	0.358227607407281	0.200023589179141	0.229079026941536	0.320603207844654	0.157672837674615	0.349107122070308	0.28565283974574	0.324876631435852	1	0.131043397655094	-0.000271279489356488	0.156201238787365	0.00827038378188487	0.07621207056759	0.212034930578834	0.169393561462371	0.212597808014637	0.240362009571147	0.873338872063328	0.0626664141346336	0.17113389015204	0.176618318605366	0.00144261858811846	0.0808212511194674	0.00418217350069286	0.0362017212146652	0.0992053840459248	0.0775913478302685	0.0266390730409608	0.0515992371675296	-0.00677580228230275	0.10320172214016	0.0952599305001763	0.121799176344438	0.0865481591621585	0.096893035479012	0.0238899532702641	-0.0254494025550263	0.0347797906879955	0.141752657811469	0.0458539788065189	0.277517573801409	0.0846185666461134	0.0876477224149142	0.115100637278199
-0.115747706975815	0.0227176440583157	0.00223450947725938	0.114956216430388	-0.0471532723899028	-0.00884083538772295	-0.0347217175095453	-0.089390911744442	-0.252855190004583	0.120215123221604	0.369530850359784	0.0552540343966065	0.0507736519762723	-0.0442518992525659	0.00304085713526779	-0.0689323027690213	-0.0392366883915728	0.00579320751163614	0.179169542965788	0.237412771290823	0.157400737383107	0.550924465522664	0.354025553247066	0.557797936655355	0.0208201035935362	0.435340818576569	-0.181674024211719	0.131043397655094	1	0.0964003892530875	0.136039667404318	-0.0835560059462902	0.159957388139306	0.0382641080520694	0.057416839376276	0.188414314439913	0.015524881774003	-0.00937177118274014	-0.0745821944942604	0.0939608791545838	-0.10710102310221	0.026366327464508	0.091892263542171	-0.0793410477189414	0.0291100122881836	0.0772966456083556	0.140028566668346	0.0741238033353086	0.118122107421713	-0.00551378980234818	0.0553548003207562	-0.0287559615219438	-0.0527448641377859	-0.177307543944262	-0.0285581132314106	-0.0854390280548678	-0.0489649998557395	-0.0752027397429112	-0.139717330610813	-0.0649026679995859	-0.244725024593387	-0.0987563462697422	-0.129813316172191	-0.138510614171153
0.168919352705647	0.360042594747266	0.304535559982074	0.327344624845292	0.176967886522292	0.141701214347072	0.176198916924983	0.164296989425009	0.0256790472577765	0.310243383665643	0.0433647807264219	-0.0346665533985567	0.0255702514335127	0.0436215190797145	0.238456104464778	0.0136147418484124	0.140397408319916	0.196503146144701	0.206097625983359	0.0803427053378173	0.163325270396478	0.327691977975666	0.217299294353185	0.0671435407901321	0.274949202415969	0.181235155715293	0.0927075952346296	-0.000271279489356488	0.0964003892530875	1	-0.0267035143174643	0.266343404752877	0.199103887056882	0.195461165914009	0.316703525810279	0.152451482585075	0.203173812545977	0.115310886324948	0.172434122660575	0.503482674135284	0.109666895578417	-0.159255450946463	0.132985220319451	-0.0146103281149177	0.0757884499136087	0.132091511386563	0.158651792443095	0.123744807029066	0.121463772565672	0.110076931376671	0.129080945879685	0.1385988538713	0.110341048972403	0.0208751036929645	0.183612234536016	0.122889124516765	-0.0601173182700114	0.163022550265262	0.178720266660831	0.00640903229384368	0.00111382148273635	-0.00014730213256715	-0.00116535869542025	-0.0420709226379463
0.146823380580224	-0.0273648771381498	-0.0420878446306248	-0.0352070118532045	0.0528264832364723	0.115402588944019	0.0157351788734102	0.00364606918618269	0.142489973805886	0.112226930746287	0.115643876529706	0.128647678232159	0.134012038075634	-0.135382712970695	0.0731769874386484	-0.0702089439647274	-0.0929099297516572	0.225424873965828	0.0759853604426898	0.241783667159582	0.0468668476788362	0.135124509974078	0.0802784314567865	0.049162081635687	0.0777981597008869	0.0748158901357798	0.187026551518819	0.156201238787365	0.136039667404318	-0.0267035143174643	1	0.133668256631331	0.285992914774456	0.273130385636945	0.143683298816643	0.100596567485026	0.0299502419314348	0.0103751989833331	0.110103054435683	0.176934894284774	0.18197423962972	0.104023010775872	0.13998077871291	-0.0389603838345627	0.0148811252732	0.208193837988064	0.239919514682411	0.280489722770491	0.272328204074252	0.242549221575723	0.195579268318974	0.0528171879481101	0.049074628393387	0.0203775702299695	0.0124659731820569	0.151005987797863	0.450299197219534	-0.0158882392961787	0.0237745325233819	0.304687688221495	0.147575620733553	0.611721614888849	0.567810556808946	0.629272960501102
0.265698711292491	0.214740501218515	0.114341104036753	0.421221569137529	0.155324045726291	0.0463393486941562	0.148497816059969	0.257053353640556	-0.00295889357885145	0.372069644613874	0.0600640069282001	-0.0189051197058322	0.130212223657641	0.1371972986169	0.597211923741771	-0.0538868396694605	0.0637342467374625	0.848718014969284	0.248053433223967	0.182443719115075	0.213227881120287	0.265201065689249	0.264754005503228	0.0253835174659645	0.387340519594845	0.20224893674021	0.154039497896963	0.00827038378188487	-0.0835560059462902	0.266343404752877	0.133668256631331	1	0.208040995848364	0.232704636723794	0.360442451201286	0.272157745106037	0.138036526142242	0.13620590863563	0.325032428032239	0.383619287573219	0.228879477293418	-0.119479456567879	0.103976075177726	0.052660757498826	0.10820482240719	-0.0359326420071159	-0.0321141115015558	0.00399791624992338	-0.00864684816043179	0.0429681344509951	0.00528087494681707	0.0636309320912365	0.0435817312836124	0.0820314197728715	0.153773006373178	0.174567186730536	0.0309101330022232	0.239014372276274	0.382538410459472	0.134365035779922	-0.0120627634915389	0.192174960356461	0.159846454589117	0.176240912904676
0.470835905266843	0.547412547506552	0.415017437820751	0.516082010457283	0.511761191264928	0.617629325371827	0.386902744278064	0.346312973145432	0.14152165591735	0.375343713795723	0.14810222923129	0.207185964889802	0.238929741122043	-0.00649580018432516	0.156559990347126	0.00926936613364389	0.207650986641516	0.128900325606365	0.56707619848374	0.641755079423592	0.378158742428225	0.354674395587891	0.461610801025474	0.349215790411206	0.385972057286841	0.44834062303832	0.233693968153372	0.07621207056759	0.159957388139306	0.199103887056882	0.285992914774456	0.208040995848364	1	0.750455994169047	0.559038394951453	0.506244189361097	0.485806101397275	0.169789237668453	0.520038502872792	0.560297770905093	0.430924925843989	0.10149078038569	0.227133431245603	0.0115272560892837	0.323079784097022	0.730132439959784	0.698265650957566	0.491886674729824	0.65255992807554	0.290172128781487	0.701188542157023	0.555210619630142	0.508549358746452	0.267093280656761	0.382470250991109	0.157393984511331	0.0356302007213814	0.349268308869616	0.322358221317579	0.0639116299423689	0.0571583418456166	-0.0978235492635752	-0.00158125558915064	-0.0927604373931931
0.839061775804914	0.64185981391534	0.387681109841648	0.586664220339062	0.760069689628575	0.72402021728904	0.695056350182787	0.626421773054513	0.526557563431447	0.581160846911874	0.0839843505511084	0.251829254018894	0.29247841409713	0.0939374610506107	0.175673611310839	0.0136947700677684	0.213713051835214	0.154353963856944	0.682797172389696	0.762681611936916	0.734267051798161	0.569953102439467	0.605690020729207	0.356547543823481	0.602102534001552	0.55615080841763	0.662482907172231	0.212034930578834	0.0382641080520694	0.195461165914009	0.273130385636945	0.232704636723794	0.750455994169047	1	0.755778635910062	0.694804665968668	0.601360774512923	0.291722654262708	0.758036391109686	0.761869413315264	0.733509112609019	0.188110140954731	0.250824908398124	0.167958216553914	0.363420788638092	0.562070760221084	0.526424357930518	0.392296395974184	0.492195550470407	0.264352909231666	0.602429367621817	0.744643347294324	0.658343681885048	0.518839852822572	0.694671810090917	0.42504842252581	0.119185830895051	0.624949667941876	0.522735503054272	0.0940060256907229	0.458120675279258	0.00915421008960205	0.219024937424473	0.0812316562864538
