Var	PC1	PC2	PC3	PC4	PC5	PC6	PC7	PC8	PC9	PC10	PC11	PC12	PC13	PC14	PC15	PC16	PC17	PC18	PC19	PC20	PC21	PC22	PC23	PC24	PC25	PC26	PC27	PC28	PC29	PC30	PC31	PC32	PC33
BMXWT	0.10400840583288	-0.0353498210068606	0.209623022418903	-0.0879821591481568	0.0864853244052564	-0.0133557315284571	-0.397234722746591	0.268119985010721	-0.0962040662552125	0.194556751900884	0.145380802776421	0.0312386148604254	-0.212626512715354	-0.272565807766512	0.0330531416665499	0.0434331255610382	0.127103133036308	0.196327535292043	-0.320170083900312	-0.0537248824192672	-0.145627993270812	0.182684407199756	0.322044045722271	0.0855296447765541	-0.138449384779645	-0.365373557287515	0.0337174596937299	0.164197364072038	-0.0222262284390962	0.0157031738613484	7.49089994336304e-17	0	0
F_CITMLB	-0.121107992256893	-0.107730444537154	-0.251351425242282	-0.260520362221278	0.0206498685992985	-0.104375597040176	0.132270478711638	0.294498392241007	0.114477488316313	-0.00567791359374026	-0.0909279385580952	0.194487649382935	0.0849654173471652	-0.253666958704657	0.199385334302079	0.196136585307139	-0.216273495986915	-0.380258685564554	0.215686907922014	-0.075072973847644	-0.25040073260968	0.0844627798896188	0.174161485861095	0.0436821997594887	-0.0424361595099192	-0.0406992788727382	0.00714656584914936	-0.0275425801159959	-0.0265745890253341	0.0272727540540683	-0.177631519711471	-0.145589763306542	-0.337703341116324
F_OTHER	-0.249519911529334	-0.0947795862413182	-0.230066940858508	0.00579168122363797	-0.11343337341053	-0.148915327811118	0.0710545400484655	0.0695868386757731	0.0263756426425957	0.251701926618759	-0.157877676387199	-0.107112705135657	-0.361085384620029	0.0688793850686866	-0.224461189933513	-0.246890982918795	0.240502897490509	0.197006818283062	-0.0704597966720083	0.167019381020245	0.163773231284804	-0.1335297657883	0.178347191759744	-0.174662702050251	0.0871449824730048	0.0764501482603934	0.0353615914302051	-0.0626995490139715	-0.0505354644954448	-0.0238422587919448	-0.206642010620537	-0.169367246670519	-0.392856501565154
F_JUICE	-0.060621766501337	-0.100086579471177	0.143441185974162	-0.281950993995823	-0.211155257314742	-0.27956348482512	-0.103095287206646	-0.098511840049039	0.167441835993086	0.0418478996556878	0.207239161077789	-0.262843136294973	0.304743540868723	-0.0448848735354649	-0.0650267569024432	0.00317488698612609	0.104754362361412	0.00262857008989284	-0.288487439204612	-0.250703479759839	-0.001025147869906	-0.132885761851682	-0.402049825756602	0.254119238139763	-0.031839240149465	0.0157145428078498	-0.00356001063412521	0.0211568324867948	0.0551265049538643	-0.00554032697753117	-0.135103530508053	-0.110733112346814	-0.256851451382558
F_TOTAL	-0.261371491349008	-0.168032908870211	-0.234180428929953	-0.267509166417564	-0.155347854416294	-0.280085544651532	0.0779949003445223	0.171695162800726	0.155692823179796	0.182228457667525	-0.0668257873276002	-0.0742902185302073	-0.0590225391020094	-0.118650025883818	-0.0635266456744918	-0.0506540745257243	0.0818029439960199	-0.0851711315818969	-0.0489615220529612	-0.0408248675574819	-0.0346562943701854	-0.0982359220334104	0.043331056899498	0.0192950012499402	0.0198389818697856	0.0343870684429843	0.0260382952988884	-0.0482140364483636	-0.0248153645992326	-0.00267221402383533	0.310914197958686	0.254830474698264	0.591093087655264
V_DRKGR	-0.148337354259009	-0.0981255414438008	-0.00456734860042067	0.127448925127186	-0.111514305507306	0.198344188864425	-0.281196139791296	0.282013017345057	-0.152561044353323	0.128217654690893	-0.00429185608756994	0.108835589512152	0.0879770791282776	0.249715503731521	-0.0141041644523951	-0.155953248266195	-0.254602245217556	-0.3912328395186	-0.409017082362899	0.142158828107741	-0.0800224890979174	-0.0879430065435604	-0.226557451149363	-0.28831353130956	0.02332860332005	-0.0229396038509289	-0.0942384089537677	-0.0798061400154905	0.00503659908585684	-0.00964162426905255	0.127810619072217	0.0402512434390385	-0.0845812286361322
V_REDOR_TOTAL	-0.197964639183743	0.147306117592833	0.245832179974475	0.248991851051411	-0.11409393344022	-0.178425315698596	0.156018188773756	0.286126644258647	-0.0543775522963119	-0.0796405790619434	0.147588042365503	0.0455916067582872	0.104110875548773	0.0350582770574243	-0.0997303155784608	-0.149697140937458	-0.196506543821008	0.0907839750495135	0.00853541391337033	-0.0273751811234792	-0.0914931533312004	-0.0755025529946575	0.203283985899468	0.177986864877811	-0.154985106698995	0.410425679144603	0.154066684156515	0.394758289974485	-0.203798738494213	-0.00366021446544087	0.160692707414708	0.0506067596885117	-0.106341607017198
V_REDOR_OTHER	-0.158402257226905	-0.0149052112925935	0.36398586767358	0.0433145793921255	-0.151291489562568	-0.266828319582466	0.0798135492341123	0.171323208707774	-0.107819738512168	-0.216915399708839	0.0668291101893285	0.0428755735719639	-0.128167773501466	0.108214446228847	0.118537698434445	0.0259278030352903	0.025439200290258	0.248838277235799	0.140522162963128	0.127575617594715	-0.389537421144025	-0.0447071038194522	-0.0520319029025964	-0.0532616941530877	0.00191297018647201	-0.0673734781465963	-0.162257743882748	-0.523022327995235	0.197120116233589	0.0390223288347779	4.54497550705923e-16	-1.80411241501588e-16	-5.55111512312578e-17
V_STARCHY_TOTAL	-0.131655806364498	-0.0570789579886488	0.319498649241029	-0.296049977804252	-0.0166372986422176	0.310527591301478	0.137654827597362	-0.223533319784755	-0.000572453826560829	0.0785516739974693	0.00998531351801024	0.0953274568134609	-0.139832160793806	-0.0881048034457056	-0.229007825070965	0.079789793936115	-0.0415363498408287	-0.174891353906661	-0.0917769223092285	-0.030905455289281	0.181778272058835	0.0549121233221315	0.24593127776109	0.139802709996464	-0.13963668861877	0.192829761239399	0.00802862050494857	-0.243192599785163	0.27098140321447	0.00667462033639903	0.337838581352795	0.106395095179433	-0.22357142543345
V_STARCHY_OTHER	-0.128505879188583	-0.0447009305127588	0.349557074669212	-0.214773361328786	-0.187240763211554	-0.00551175298577496	0.246474861951598	-0.200783137023747	-0.0727342255692181	0.0114833478135016	0.180590131886802	0.0784049407747524	0.0145341667407818	-0.0149525749283001	0.00794032519087746	0.10997353721651	0.234604896875515	-0.187437719773199	0.0934600403850128	0.201707682656044	-0.0534354486649682	0.0711667431399441	-0.0621555573824914	-0.430608877832633	0.107495375141631	-0.235926097660211	0.154221647041433	0.26462636686975	-0.348931629654492	-0.0257139937838321	-2.4459601011273e-16	-1.59594559789866e-16	2.08166817117217e-17
V_OTHER	-0.355017565660645	-0.0216933025822405	-0.0590465574155502	0.207892764179444	0.0142822151314609	0.119372985669648	0.00234624967588781	0.115939081086276	0.0927668478481238	-0.0814811874498157	-0.0276873342674332	-0.295600696630495	0.202394253714796	-0.0702693660583551	0.164070908337792	0.0963048384105269	0.0132297025505735	0.123861830012956	0.17898097503112	0.12736447941399	0.227641605912634	-0.0779761769553997	-0.0010266893487775	0.109601154961892	0.108453892730956	-0.461664295884567	-0.0543531336960279	0.0969798553496643	0.0875716514510868	0.00223559898928104	0.390821591943958	0.123080970523116	-0.258633990384407
V_TOTAL	-0.400400562853607	-0.0284598046745585	0.21180728481794	0.0642228430398734	-0.0558268697045026	0.253659179101707	0.0625473574452348	0.0886640722856234	0.0133894222147776	-0.0029378485232831	0.0268996646081608	-0.106236059508812	0.102383189238409	-0.0336717959373651	-0.0531714032596122	0.0352601989016631	-0.124878682634559	-0.0788704402824996	-0.0204673662140561	0.0908716191690019	0.214659704217114	-0.060396277234378	0.147830880825095	0.139999509405731	-0.0457075309895347	-0.0894281155779565	-0.00995412793811081	0.0153602905006271	0.160277648606986	0.00223849040126075	-0.584408529006853	-0.184047070107796	0.38674401053409
PF_LEGUMES	0.00541821535886841	0.181965906822639	0.0742890691411098	0.130379894477721	0.198824507033646	-0.127069969968285	0.155664556122292	0.113620722076613	0.0223662021813124	0.0440731657156712	-0.275015096536947	0.0717273655071011	0.330121266081855	-0.315784064071377	-0.359291438586323	0.398317406763786	0.00158632277281103	0.17409035406453	-0.270117753717349	-0.043574357360651	0.00912789296291739	-0.0632275171318815	-0.00178649246190352	-0.351094507166476	0.138596940501617	0.0620264295576739	-0.0884436579049417	-0.0543019219770213	0.0740729635620049	-0.00407520233733076	4.2934406030426e-17	7.60025722912339e-17	-2.73218947466347e-17
G_WHOLE	-0.0869608759377526	0.119990675578648	-0.189761280798995	0.200854675892333	-0.0331454486196221	-0.175872309150182	-0.0127053277346934	-0.193118082683246	0.0409614015632201	-0.114789294316714	0.493140937991269	0.307769701307996	-0.133625324678617	-0.119115817252505	-0.030102178714086	0.165595692790774	-0.0147211997996754	-0.138448321601293	-0.217038047063352	0.121432095327951	0.139433730912892	-0.113692142765034	0.139652634089368	0.222794805705676	0.330790212928484	-0.0287986726134995	-0.284601176495687	-0.120758640719935	-0.174291208864805	-0.0105836471682788	-1.28369537222284e-16	2.46330733588707e-16	-2.35922392732846e-16
G_TOTAL	-0.0581453041356789	0.376102876023281	-0.0551517390826585	0.0916460295725601	0.125869994920776	-0.269551623638234	-0.118124431012254	-0.0466052169693628	0.12880991469308	0.0509229205488371	0.118653055632061	0.224797697627113	-0.0337050945055243	-0.081233225901963	-0.101310676901869	-0.0763126931847646	0.0272071935312186	-0.169965142132806	0.0858878654772636	0.239652026886029	0.10600015681136	-0.0666948109807885	-0.184676248373496	-0.0300403639220972	-0.319806275585543	-0.174403869598908	0.507678733024727	-0.0785426364933579	0.299580400560185	0.000495758152173938	3.27862736959617e-16	-1.34441069388203e-16	2.94902990916057e-16
PF_MEAT	-0.0733795030039826	0.157869873288902	0.154701512784557	0.135121941621125	0.0265690293069842	0.0109801247260401	0.0120193586978577	0.173544637081497	0.56007106003231	-0.00681387742051737	-0.0625435850324892	0.0268339129604824	-0.15654766758023	0.356869458260078	0.141158875398541	0.171554297851496	0.152976971347542	-0.0914696500254652	-0.120147356929749	-0.287842705234493	0.107404469368771	0.281705848317216	0.0236863030024839	-0.0469925622973919	0.0932877548820994	0.020332169662219	0.0952007941823554	-0.0949332423935618	-0.100512936491134	-0.0170184654934126	-0.136656743191628	0.306925389601201	-0.0604395851855887
PF_CUREDMEAT	0.033488488976191	0.120301018856782	-0.173867672367333	-0.401332521447476	-0.0157845430248539	0.0975687656761884	-0.0880163938878084	0.106825456054499	-0.126269373109857	-0.24282577512052	0.173622946180068	0.0931620422093835	0.165713115538436	0.276452460128812	0.132722708644754	0.146018462847994	-0.0267469487323708	0.245585244742292	-0.0638509553563659	-0.0941174308597172	0.167356985001889	-0.450475078868751	0.266066175896534	-0.200957169144306	-0.0939188270851256	-0.0162485665444093	0.162529847963869	-0.056308842563686	-0.0250313318182261	-0.00671664653985961	-0.0914702684751617	0.205438437452719	-0.0404548283116986
PF_ORGAN	0.033010676276901	-0.0211279644471234	0.095065145761731	0.0609935556728828	-0.121581540242894	-0.0468364058486858	-0.224667759115973	0.251775758085357	-0.316879253913153	-0.347354615196399	-0.107832040528676	-0.163301733789895	-0.341732929523745	-0.281052206672282	0.0316951945147555	0.217925987560804	0.15888717943221	-0.242337646895704	0.10903924183827	-0.1642653746121	0.321676085835352	-0.0896624971901328	-0.19546249324892	-0.0246445385200835	0.114042790134013	0.197483936736273	0.154587816724565	-0.0214357319865662	-0.035955546640931	-0.0196782253461618	-0.00166368086828036	0.0037365583778983	-0.000735801097052596
PF_POULT	-0.15959364758565	-0.0417540982472577	0.183634252256728	-0.0238782630868114	0.0163513664678436	-0.283687053360529	-0.221270418733151	-0.227433766099184	-0.226018364495808	0.332402456964346	-0.158329674023665	0.224098926866984	0.0566170337134346	-0.0846215751640864	0.17560697130171	-0.10710194406372	-0.314013138636048	0.109416917604665	0.209220379987306	-0.159194869286859	0.239748309305973	0.0442114208895741	-0.0339890696160379	-0.0439616617014842	0.151756262090213	0.00215467980263365	-0.0778806670479139	0.0150394967010957	-0.0146313058498791	-0.00839975525486272	-0.177093707341005	0.397745137576857	-0.0783237618626651
PF_SEAFD_HI	-0.14454540438443	-0.0102766338014436	-0.127295449701443	0.127100242845775	0.254688861557061	-0.0341760222750827	0.319332847488286	0.0139090480283928	-0.253350454976639	-0.0728367328779635	0.279363107625222	-0.0762995972164341	-0.106715317755354	-0.00313872894922128	-0.175244236814179	-0.217576666077872	0.028185439567863	-0.110752463143448	0.00657015722853551	-0.556957793564647	0.00989450084691378	0.0560763900448853	-0.056003377628473	-0.198965012746279	-0.258863000739817	-0.239555301030212	-0.166383324454282	-0.0227204484742874	0.0461978173400607	0.00197435700439808	-0.0431712743335624	0.0969608954885498	-0.0190934881932239
PF_SEAFD_LOW	-0.0819022683648904	0.0434227303752651	-0.084780860193727	-0.316868819774406	0.350651248253534	-0.0438526639737542	0.203210728126068	0.119549440215588	-0.185601134280533	-0.160242222647958	0.0122190696676494	-0.146584740019542	-0.201519877430282	0.114439755237723	-0.123946592237807	0.0756848603764856	-0.222413638960038	0.105046133713441	-0.193017395926063	0.342628921131781	-0.027994023010735	0.2737485120869	-0.274312583589388	0.209940277545776	0.149939033836674	-0.0030833708535527	0.0578929069439342	0.129074262263674	-0.00138150456075922	-0.000631429477303896	-0.122792074587667	0.275785917712904	-0.0543076168714901
PF_TOTAL	-0.365745251299596	0.0777565277351765	-0.00254828313885314	-0.188788228033901	0.231595167624523	-0.0877368723321224	-0.173988146721439	-0.0634381003646061	-0.0160719693381666	-0.0718924671301572	-0.00662698469668896	0.180256499391519	-0.0764604276699485	0.214328330875541	0.131482075133589	0.0580551089551317	-0.0604252810837205	0.154272396909599	-0.00980710151813754	-0.217790970814504	0.0752934655722775	0.186185465902169	-0.0620714467184006	-0.110862196035621	0.175233378685649	0.0936437353069886	0.0198725110440439	0.146962831935482	0.111173219691939	-0.0257945074514944	0.257127695095816	-0.577498161827828	0.113720632208582
PF_EGGS	-0.029974224175579	-0.127588497618861	-0.0305666248396785	-0.112520817287536	-0.0241954412770591	-0.0165537759118918	-0.328507149968893	0.0810038899310069	0.104274689211805	-0.407122167356077	0.0461713400108586	0.136385624583156	0.295148473507402	-0.0179423769255715	-0.448675217528116	-0.334705687174563	0.157957567330923	-0.0287681664719523	0.212989442734904	0.039118042098532	0.0195611664501597	0.312567686618391	0.141224659290219	-0.0596284787683356	0.186969442554046	-0.00475256521957108	-0.0534243100153477	-0.00448033314677188	0.0635379907354965	-0.0251783661039338	-0.0551567439045064	0.123879764120279	-0.0243943375490918
PF_SOY	-0.0544320350324882	-0.0281736455292634	0.0331086751181561	-0.0534122734162073	-0.118131122186445	0.30565942299635	0.0869459727422388	-0.00224136144327212	0.325059992936178	-0.233824172316977	-0.116677754517841	0.351231944273949	-0.268035039059206	-0.336964091666771	-0.00403792119717326	-0.255609795298573	-0.190455280024635	0.265355393226726	-0.0829827273831185	-0.129146202550129	-0.0860962223390158	-0.243421093201049	-0.304333703086477	-0.0258214728382914	0.0592933209475741	-0.119104274629432	0.025365128431668	0.129729372688574	-0.0335468529776078	0.0101660125390018	-0.0207412713722753	0.0465840371143126	-0.0091733039196184
PF_NUTSDS	-0.321455916190934	-0.0195634591097079	-0.175030584686572	0.117666478164495	0.0355567380558744	0.15160163979576	-0.171202280039894	-0.239469561286572	-0.0592348536942519	-0.0283176093473471	0.0443739905874803	0.00994740565464548	-0.034338608536271	-0.0761859908972907	0.152216480521204	0.166372158944669	0.344804788296529	-0.0105387681800513	-0.0331590472766105	0.0234577380570894	-0.403135233633845	-0.0430206919217412	-0.0207293725481568	-0.074653413614266	-0.0399356991351361	0.287024487905146	-0.0544248095879777	0.290605245682131	0.344378289017077	-0.00809425420078065	-0.123783972163452	0.278013678617941	-0.0547463063691821
D_MILK	-0.068392870495939	0.192518466429856	-0.189284387408092	0.0324178883144417	-0.478506148735894	-0.0613679077131047	-0.0695540627626989	-0.23789619120354	-0.0728499017000501	-0.160097068267417	-0.152949463191051	-0.122545465522792	-0.0926434079406704	0.0614326096641232	-0.149480587479796	0.157163168847542	-0.257675024767584	0.0432050870871919	-0.107280397822104	-0.0840063861802106	-0.060382725470871	0.241460321017386	0.089870108184449	-0.0566547312788045	-0.118105169774326	-0.141952084814402	0.0403407249758477	0.0526954073389079	-0.005007549738356	0.547603106942525	-9.0205620750794e-17	4.16333634234434e-17	1.11022302462516e-16
D_YOGURT	-0.013147715324982	-0.105359845545594	-0.113149944095699	0.0240079188086139	-0.160570613392026	0.21756506047435	0.0224180856202156	0.276037892876351	-0.143725967177632	0.323109916496849	0.149764897510063	0.372526664445103	0.0413946111393879	0.166885125974183	-0.264477933313785	0.303133583552827	0.198937446697519	0.199687231021366	0.277275173657873	-0.05717125508056	0.0650146215221931	0.070529778226227	-0.310325427056964	0.205493423935322	-0.0578851690197429	-0.00576961626819662	-0.0123711980737572	0.00982328973188536	-0.0361945615040778	0.188650879779347	-7.97972798949331e-17	-1.90819582357449e-17	6.93889390390723e-18
D_CHEESE	0.0467426537018996	0.363170664654084	0.00588196068795113	-0.107918892789813	0.0135540271687127	0.18819167435187	0.124032070883279	0.179708351436257	-0.0673060092142779	0.200528233062036	0.218525776621753	-0.113769628341399	0.129364888776211	-0.213455368088999	0.228833001205301	-0.318647186382003	0.128885222783181	-0.00495016679168987	0.00252264302424625	-0.042785217442337	-0.00132014615389167	0.0787038759501982	-0.00401374624739703	-0.0667981992708823	0.402969773653394	0.15180371851079	0.100586466613908	-0.117885799789546	0.118551025522472	0.443485558642391	-2.18575157973078e-16	-1.82145964977565e-16	6.93889390390723e-17
D_TOTAL	-0.016505217273328	0.368814281484334	-0.17154056716811	-0.0398251942118023	-0.415215739333057	0.143872743570585	0.0530479373750439	0.0202008324617381	-0.147523508409604	0.0928887512989171	0.0485753081988323	-0.0658605294538569	0.0273066069818402	-0.077672234823218	-0.0104111643543594	0.00508124324286423	-0.0906116789777967	0.102920273694876	-0.00164320267189744	-0.100512308944893	-0.0817326916521855	0.262595576532192	-0.0122965757606271	0.00779806910666909	0.0955427279647332	-0.0374034884249908	0.0723395765604046	-0.0839895107236798	0.0647621738198172	-0.678673890500425	2.81025203108243e-16	3.46944695195361e-18	-7.63278329429795e-17
OILS	-0.329389156816163	0.154327055359194	-0.0385731725689796	-0.00262750411414128	0.235926000344039	0.202340799576467	-0.234347815841606	-0.154946682593535	-0.0517172745149222	0.0127081410803544	-0.0843093563959077	-0.108844109832816	0.0902816983049086	-0.125573775907298	-0.0757135554940191	-0.0109526768866286	0.0549833244770843	0.0463395477569023	0.0375236356964073	-0.0365034214965061	-0.202090599503108	-0.0164283421896096	-0.0650402999619242	0.120149326190854	-0.141114573970822	0.0629936251973342	0.155225018206626	-0.38388853363254	-0.612853193030765	0.0217748391309875	-1.37043154602168e-16	8.50014503228635e-17	-5.89805981832114e-17
SOLID_FATS	-0.0209799241331525	0.425423090365572	0.0405622500789123	-0.235589278546224	-0.024133502593883	-0.0124444766836478	-0.105756259113585	0.11760505101276	0.12704754867162	0.00708277887336495	-0.0371043623806751	-0.0350187500640132	-0.0632147177910913	-0.0659446483126184	0.056541070763068	-0.0471177418943177	0.0909749775294915	-0.0343066263079632	0.12635216408493	0.184812681071599	0.177941904002844	0.0237568942269431	-0.117306445441715	-0.100438215770289	-0.376722623478424	0.0999593683915422	-0.642276570106349	0.120160342816996	-0.0917285553420356	0.0135929784255585	-6.93889390390723e-18	9.36750677027476e-17	-1.45716771982052e-16
ADD_SUGARS	0.0406460854652618	0.343849933783871	0.141510547118424	-0.10380074441633	0.0685412523876611	-0.00461399966246142	-0.0794783739147216	-0.0111112403599096	-0.0557403655707019	0.092486688576415	-0.227473216381474	-0.046507279541496	-0.136396699682142	0.233769589649029	-0.304254620941874	-0.00378010187242372	0.0337512920877842	-0.250381628547961	0.175134687170323	-0.161365426962707	-0.286207257392057	-0.389176437388658	0.0798272703061155	0.228840336458695	0.314545161803144	-0.237915775860803	-0.0846065155096856	0.169408148159863	0.0510488608874306	-0.0095086227177897	6.41847686111419e-17	-6.93889390390723e-17	3.46944695195361e-18
A_DRINKS	0.0572088835685158	-0.0816498700428777	0.01299781665883	-0.00171617153951444	0.0740755687253536	0.0697723808078053	-0.222688064854194	0.0108581853081667	0.282356760120802	0.167740875030815	0.426636778314585	-0.347265694720231	-0.195411892892694	-0.0634732089695284	-0.224252330373732	0.190067929513025	-0.398444520952668	0.0755624795538343	0.307973103666677	0.00434548182506363	-0.103240919338417	-0.0720297117156414	-0.0245371025726547	-0.299265368364577	0.0789840991844913	0.131749939545614	0.0152064189454322	0.00580172875134065	0.0365713189024977	-0.013388425773788	1.38777878078145e-17	3.46944695195361e-17	-4.16333634234434e-17
