"KCAL"	"PROT"	"CARB"	"SUGR"	"FIBE"	"TFAT"	"SFAT"	"MFAT"	"PFAT"	"CHOL"	"ATOC"	"ATOA"	"RET"	"VARA"	"ACAR"	"BCAR"	"CRYP"	"LYCO"	"LZ"	"VB1"	"VB2"	"NIAC"	"VB6"	"FOLA"	"FA"	"FF"	"FDFE"	"CHL"	"VB12"	"B12A"	"VC"	"VD"	"VK"	"CALC"	"PHOS"	"MAGN"	"IRON"	"ZINC"	"COPP"	"SODI"	"POTA"	"SELE"	"CAFF"	"THEO"	"ALCO"	"MOIS"	"S040"	"S060"	"S080"	"S100"	"S120"	"S140"	"S160"	"S180"	"M161"	"M181"	"M201"	"M221"	"P182"	"P183"	"P184"	"P204"	"P205"	"P225"	"P226"
1	0.859192452772482	0.925465726994395	0.725940546681788	0.695052621306287	0.941971152628356	0.89727986221496	0.89256189761248	0.884434093993446	0.513561751516444	0.614528741070629	-0.211531958734391	0.303962247326597	0.266893926481698	-0.0909622718837248	-0.00684233309446614	0.0906549325264627	0.557616547467665	0.0929713184753717	0.842322200285459	0.613495280560857	0.757160602573891	0.60144367758568	0.759152907717423	0.623577940801218	0.722927923512046	0.727291751899256	0.652222060185918	0.382299814194978	0.0596277037905779	0.130654755553288	0.0331039547122568	0.321180976602542	0.591937886754497	0.873008627064636	0.750410051049906	0.729229698377845	0.821404732177366	0.67424153864768	0.916314393705877	0.772061337139711	0.832229995132385	0.242967771023431	0.368849581915079	0.457135171712496	0.408901477345153	0.601906200546943	0.578202692769373	-0.037082173663713	0.212987526875086	0.268654717168744	0.71597226041523	0.917488963936525	0.88288365125377	0.803780857961521	0.889574843344899	0.739381651034542	0.324370971482012	0.879626150699141	0.821424841805061	0.0742305697979727	0.494066952645702	0.044016817148369	0.520189890497951	-0.00549488135962789
0.859192452772482	1	0.710284135918284	0.439748498212959	0.69084791671473	0.818992373914119	0.788569352171876	0.791523550053855	0.739801408155378	0.698763269777781	0.45773632560651	-0.236405349646583	0.236005498056198	0.277195923345447	0.0444123985323982	0.127042634108363	0.185424386330861	0.457180969007092	0.239020164028569	0.784359482842031	0.553782813717675	0.731690459229344	0.600392166648883	0.64576158473571	0.451082190513699	0.734862228184978	0.591661389578412	0.803397897476818	0.401218690514536	-0.0198848095602377	0.211940079436602	0.149094724602378	0.393794135110573	0.612199125140285	0.923376841156424	0.741969423705835	0.632167811673953	0.832178595552219	0.628698890698912	0.891616290953401	0.744746693077659	0.932888252652333	0.165911889297316	0.130683214656308	0.350466494237228	0.364050904158586	0.53205754580458	0.504662618731801	-0.084840041911413	0.141077434353556	0.137660407444982	0.643539288425973	0.816370642591376	0.778174922841312	0.839443544645897	0.779967462850424	0.736613722315697	0.401047507578936	0.723415793458201	0.756987342167315	0.211695536914848	0.648371962917546	0.219926256377789	0.710848336968718	0.210644397650562
0.925465726994395	0.710284135918284	1	0.835812850471185	0.71457975770453	0.767052225281748	0.737087075002739	0.689155870792753	0.74779584590101	0.313069997743332	0.577823203723747	-0.181203717813096	0.327532795154364	0.294248447342904	-0.0809549373600097	0.003601659710921	0.124967319210878	0.582787688136691	0.137262195486956	0.84663892190651	0.590980386553878	0.673665299458796	0.562236581754865	0.830388399782936	0.732859735572888	0.70667964048793	0.812762782753813	0.500066500866971	0.34026275205837	0.0749989854630698	0.202243070076743	0.0258242928574571	0.30284600359144	0.567292684228464	0.784180762858626	0.740244810246675	0.748706704190788	0.74539106580026	0.633217247400722	0.789974427841292	0.784206050619291	0.706970298147302	0.251473686521423	0.366340445412381	0.294395999626689	0.375430431758718	0.524991063660431	0.504401436441372	-0.0567773676140946	0.167961134811375	0.267762504874845	0.607560084853734	0.748751522003058	0.720407752724531	0.569174868857355	0.689226699070137	0.540924765652687	0.229772054182111	0.749875859210991	0.631926257507883	0.0421918027541084	0.290147337752131	0.0325720141604073	0.372794409977487	-0.0494398287409001
0.725940546681788	0.439748498212959	0.835812850471185	1	0.375041264748566	0.570034520713735	0.583537956632894	0.498415499085501	0.52715936861249	0.139185685258105	0.428811901119196	-0.073868631549194	0.427212147201427	0.364715340943195	-0.126783455303839	-0.0342953197850293	0.202306789832351	0.361382559680314	0.0968734581393776	0.596868008392661	0.465988009344983	0.462615589458143	0.392451893937518	0.585835772616116	0.560497183933425	0.43497745798522	0.58798892026407	0.319433051650236	0.313257445106492	0.104967658227209	0.270627246306175	0.129486713895407	0.22391433503453	0.472198397449332	0.533574011756806	0.472563611091012	0.532088683360488	0.526765307969741	0.378543993709865	0.4970570591744	0.569230909904635	0.414075314769487	0.20086412372945	0.525058144889526	0.320850765023633	0.288214591238982	0.430252247375081	0.390674789838611	-0.0210143929079412	0.159669852626743	0.27870271990743	0.499327957973892	0.566116493293047	0.589837084154203	0.349231532258676	0.499662433536208	0.373137157787651	0.20001341893669	0.530040680360467	0.40758163383886	0.0494851743098723	0.138151908955731	-0.0420894652203806	0.218028013172328	-0.0754234323357387
0.695052621306287	0.69084791671473	0.71457975770453	0.375041264748566	1	0.583409177475361	0.538850850348505	0.550394142679885	0.565381226787866	0.353225894288725	0.535794942661589	-0.119504425720998	0.120502275388869	0.238417198622996	0.119464318357274	0.257129185340869	0.202727869138909	0.515719773785677	0.342438983588896	0.682862600698053	0.430838621913278	0.516915921150534	0.524943729202506	0.7398706569077	0.484543940537755	0.888640563589364	0.667254686910262	0.542964740151874	0.188986847764885	-0.0356287806313274	0.291709262509451	-0.0594183794488389	0.441272200313058	0.471095708172456	0.743749884319505	0.838099936317978	0.640382172541	0.668825437157381	0.679222155797509	0.654271730661964	0.802517630034914	0.629128333350641	0.148116321166097	0.0953727438094006	0.169898008147139	0.325770584285427	0.437713939688426	0.443430109645375	-0.0847068295686093	0.100221744457705	0.188641173089428	0.467593921845079	0.562962557181692	0.491351859966212	0.508050864847295	0.549057823889567	0.406250450490014	0.159338897826708	0.564064788490418	0.563149464692712	0.0439286133862359	0.293175075814968	0.172437661433453	0.356785318554907	0.0680336693611994
0.941971152628356	0.818992373914119	0.767052225281748	0.570034520713735	0.583409177475361	1	0.947500438557727	0.97851883347029	0.920931660917737	0.550269667487253	0.61624835787102	-0.187998803428832	0.259506052283505	0.200978430627201	-0.124913605641758	-0.0560060512874432	0.0301710511568526	0.46820021131008	-0.00573167552892257	0.714666225144913	0.574581059899493	0.730593745387017	0.560602722443737	0.606401341497195	0.4727530711494	0.620983104402044	0.572331331426387	0.63293482028653	0.36085547599941	0.0789170354401562	0.0252089860299526	-0.00416378768963228	0.259109127668523	0.51924315049001	0.8092768510596	0.661750853129257	0.623941547506643	0.762696998797564	0.638441776214845	0.887967074230541	0.663660953614877	0.776215464768772	0.221708415254731	0.351467899482657	0.438371884280387	0.376710751188787	0.619707094685922	0.590798442991782	0.00784350053955417	0.255748853077646	0.289718362345837	0.743073052793076	0.965432022365211	0.933115107090078	0.874808888441512	0.97635898041147	0.813535548681073	0.331156986918944	0.915808368495093	0.880776027701198	0.0380800778996556	0.550030911311147	-0.0227490917227734	0.497457155816799	-0.0407830433339522
0.89727986221496	0.788569352171876	0.737087075002739	0.583537956632894	0.538850850348505	0.947500438557727	1	0.902033828200114	0.77422900765998	0.517800373099999	0.511042432604683	-0.165429549466769	0.333647159541882	0.255866365437605	-0.149273640162744	-0.0789667980430197	0.0166845522904624	0.444916029017458	-0.0499414684045601	0.698318170906779	0.603648507428	0.69698014013098	0.556289763243204	0.568513338650472	0.466100222007055	0.546036649753811	0.544275379852384	0.589303309402432	0.432652966238033	0.127688194981505	0.0203845676542019	0.0826986690359821	0.148319954594733	0.609193986236629	0.806372531596859	0.606292473612269	0.638679754884351	0.784438826663557	0.545125317146693	0.832239178180543	0.638857219686277	0.718002352793111	0.213645765278149	0.37378663014216	0.372626513843352	0.353981600052694	0.769960593619539	0.728405842707411	0.0715207524430132	0.354602684979837	0.387985215604098	0.887850218945622	0.980287558016069	0.971709990631573	0.848949110173937	0.897124259825641	0.740946155884214	0.375199076316344	0.769034154124703	0.754362484504386	0.0299498522017095	0.480726662570428	-0.0220072318449828	0.482817505483358	-0.0523468179128459
0.89256189761248	0.791523550053855	0.689155870792753	0.498415499085501	0.550394142679885	0.97851883347029	0.902033828200114	1	0.883910231754919	0.554999250052572	0.573388008094551	-0.189761432611607	0.226041016463727	0.171835402415633	-0.113030046182465	-0.0548126787160888	0.0328252108126051	0.360345285965975	0.00719603622014643	0.646175345932019	0.539664681277698	0.690511839049871	0.522907250300736	0.512719271583824	0.356301140899274	0.595937843304562	0.469212422377255	0.622982067049332	0.340211715330289	0.0879262329355945	-0.00497105789273549	-0.0370323665174604	0.264632004928974	0.459124186259086	0.762550650025703	0.634999414962828	0.562518840697215	0.699688894481636	0.643306566558537	0.854449307765399	0.594344560578732	0.737432790015319	0.229097770190648	0.339198660446567	0.454311897839098	0.360534267803709	0.564143526168286	0.532357581752636	-0.0442833723833187	0.185746324841753	0.266787321133384	0.686483257444469	0.924082854488731	0.908192030805853	0.875476751659077	0.99939677708741	0.821818588697033	0.34130987620939	0.876515959880012	0.878300670858151	0.0312501710194112	0.554082851032873	-0.0336129808814	0.489100660980574	-0.0419038769532525
0.884434093993446	0.739801408155378	0.74779584590101	0.52715936861249	0.565381226787866	0.920931660917737	0.77422900765998	0.883910231754919	1	0.488014154668417	0.701549521456262	-0.159977098239802	0.182177417748993	0.151589404327476	-0.0806151505841294	-0.0179667717747344	0.0364204954422171	0.53594414699444	0.0282121867577359	0.683112941478021	0.483668837970165	0.689854718091884	0.51256537281238	0.648315148957371	0.527648913517165	0.626497495198888	0.619478839253195	0.592040789587654	0.226479075021025	-0.000737085884635202	0.0610502514558425	-0.0653082868620395	0.351036850347944	0.388066774350799	0.720136251571128	0.647449430920225	0.567637386472306	0.675816507276271	0.642130006630226	0.832833113211868	0.65259342815585	0.750074355354061	0.1746243899584	0.274386870735107	0.4112816392321	0.353584586287101	0.396506731919761	0.388565827940789	0.00198616956368708	0.184869291590554	0.149419430223348	0.501111870197975	0.830976002525442	0.75088503991857	0.751601642358377	0.883633940629523	0.755130756594468	0.201002697335855	0.99751847020232	0.900182404093169	0.047853072393887	0.548510536698136	-0.0149414958119259	0.427322240218535	-0.0180334435255236
0.513561751516444	0.698763269777781	0.313069997743332	0.139185685258105	0.353225894288725	0.550269667487253	0.517800373099999	0.554999250052572	0.488014154668417	1	0.176322380729646	-0.272494234316427	0.146364153641364	0.186429307735566	0.0796272393257433	0.103682400109193	0.109080063861346	0.199111437125208	0.171045588855792	0.381083454952342	0.314119875407042	0.404115175526011	0.346549984297425	0.281183084983421	0.100994245727137	0.47211801572291	0.225302397687735	0.902065127837289	0.248478248139487	-0.0885988211576074	0.039834349837903	0.139775549108531	0.213545682252527	0.33673980459783	0.592256242542418	0.373503584526684	0.305487280178967	0.463321176028483	0.320593075483772	0.580458672699065	0.377711709698107	0.724163984306679	0.0203516688535156	0.0140001974795616	0.341509083905782	0.270940201231854	0.356246880814819	0.281680079879056	-0.107537549836638	0.0219655233696045	-0.0773004401098723	0.372405127997571	0.566739324599074	0.534618524289897	0.656862338867167	0.54274971580447	0.520922008600495	0.167387812968949	0.468199043059954	0.556815933807704	0.0715385895831032	0.902238072961351	0.119407017221202	0.539301879996226	0.295557246301376
0.614528741070629	0.45773632560651	0.577823203723747	0.428811901119196	0.535794942661589	0.61624835787102	0.511042432604683	0.573388008094551	0.701549521456262	0.176322380729646	1	0.439917751114987	0.257334040518912	0.307512766422247	0.00978533223665593	0.157172383139962	0.090528793983273	0.518237083201332	0.0905298701359903	0.542692013042049	0.356792818134297	0.470663312553386	0.388432146418714	0.638744761123354	0.568061812418086	0.541182705760396	0.626444615194033	0.353029234617384	0.136112785739806	0.0310153260261487	0.322444401152075	0.0439865839203986	0.315242946989872	0.381037126237352	0.549724407900163	0.629901616715327	0.544593789556618	0.52516857617417	0.536921987967402	0.519119815611088	0.629885902065278	0.481724105840966	0.0852115845830534	0.266982149962865	0.228593750697772	0.243530370800088	0.254446887770197	0.277781951411475	0.124932173036726	0.240850398771703	0.21712226306986	0.343815426165755	0.542515837669032	0.419966318142482	0.395149536177778	0.580048515384472	0.488553837227071	0.162310382375799	0.706233294104761	0.546445312867649	0.00478582043540736	0.248517813353199	0.0245327293458073	0.216337750044307	-0.00560688797141563
-0.211531958734391	-0.236405349646583	-0.181203717813096	-0.073868631549194	-0.119504425720998	-0.187998803428832	-0.165429549466769	-0.189761432611607	-0.159977098239802	-0.272494234316427	0.439917751114987	1	0.351735845554917	0.377256210471298	0.0835064792945574	0.117806897808046	-0.0508535891689361	-0.110007178658973	-0.12264250336963	-0.0821152561309152	-0.0371966540966412	-0.131563072706422	-0.0860916919502351	-0.0774964779557614	0.0256370163596787	-0.210328435415895	-0.0440960650009205	-0.199646016978813	0.0145363315542378	0.219040194705398	0.184811175119235	0.193465088022322	-0.0559979989134153	0.105958296049501	-0.104824711521823	-0.0314384312445566	0.0257307767751477	-0.0790118214546818	-0.0808358541198822	-0.266908150274484	-0.14206197859504	-0.206178444714923	-0.0533512869651469	0.0191299162284972	-0.120440151710646	-0.13122666245906	-0.109408137330597	-0.0755264596193763	0.320938600968439	0.258575436263198	0.116649927249681	-0.0964035113836365	-0.210913723566795	-0.244282210080055	-0.260527665999588	-0.18324817965232	-0.148488694954721	-0.0393421395769035	-0.17063547331039	-0.144832380724502	-0.0908717480273317	-0.161947112871779	-0.0485849057956224	-0.197172268872592	-0.0309617222506101
0.303962247326597	0.236005498056198	0.327532795154364	0.427212147201427	0.120502275388869	0.259506052283505	0.333647159541882	0.226041016463727	0.182177417748993	0.146364153641364	0.257334040518912	0.351735845554917	1	0.858319739562335	-0.0202760393516669	-0.0945354853074123	0.050925746365867	0.0144729437225503	-0.0819014417646226	0.418695968013077	0.378109878485841	0.165854840153403	0.210783339045668	0.279577758369166	0.345183072512855	0.0821460961041587	0.307164877751513	0.315276611332586	0.324782559014954	0.181210103290517	0.185864795540395	0.51649237844792	0.025317973076696	0.641965414122559	0.399921938434029	0.322875225185749	0.397603516329265	0.408531420949662	0.190159834171124	0.172302424131842	0.270141828768879	0.241552400461253	0.0676803749607364	0.0654200649844162	0.0432955830751314	0.102745381287108	0.436394594122136	0.424871182132447	0.139168631247348	0.290302575463122	0.283741006069699	0.430962400313778	0.265474186456993	0.293190938204528	0.142688097396968	0.229676340259637	0.146682056108931	0.0983174052948233	0.151751331417339	0.233136236999391	-0.0731832216184949	0.131892904335433	-0.109962258170409	0.103653938379979	-0.0364046102545877
0.266893926481698	0.277195923345447	0.294248447342904	0.364715340943195	0.238417198622996	0.200978430627201	0.255866365437605	0.171835402415633	0.151589404327476	0.186429307735566	0.307512766422247	0.377256210471298	0.858319739562335	1	0.380907269675883	0.427723747410008	0.204983029064857	0.0482128806905375	0.244015025283142	0.376176318033629	0.322300893181307	0.155776943936942	0.222511729980794	0.310033866048855	0.30225574689028	0.2162997090115	0.313229519386077	0.373716203055787	0.265030669266512	0.114120017149436	0.339400091727081	0.441285791026117	0.333526237224243	0.573438087938158	0.390769098279103	0.371974963936831	0.379679336029509	0.406594431817401	0.223585088908043	0.155338378912833	0.344230770333217	0.261967813256057	0.102689296723232	0.0437490821933544	0.039202700292215	0.111205284402035	0.361313804178205	0.359979382960335	0.0753733443945323	0.207825922555542	0.238518505707501	0.352880369519537	0.208525667066973	0.204353168706006	0.113289672170415	0.17430845510473	0.0969499450747385	0.0520210180584073	0.118846029333294	0.233092682089719	-0.0283135187492367	0.151256117426185	-0.0595256398539012	0.122332188987845	0.0120039504351189
-0.0909622718837248	0.0444123985323982	-0.0809549373600097	-0.126783455303839	0.119464318357274	-0.124913605641758	-0.149273640162744	-0.113030046182465	-0.0806151505841294	0.0796272393257433	0.00978533223665593	0.0835064792945574	-0.0202760393516669	0.380907269675883	1	0.720293308166302	0.0974064870352645	-0.0742976686864267	0.262077657946353	-0.0891227703153443	-0.0998661081468986	-0.0615982413913361	0.000584632003339959	-0.00379680374779918	-0.0689137873936326	0.0971086632976412	-0.0257128621380463	0.135106699213797	-0.0421427950107515	-0.0732723999559694	0.147731588178882	0.0375269893336431	0.264672724216902	-0.0730456470852674	-0.0161500497884549	0.0204646869745118	-0.0416693093024794	0.0331694244999688	-0.0159430619236826	-0.0578719962123585	0.0458750942805577	0.00922076067112323	-0.0560346895942501	-0.0950973574573253	-0.0556955629754417	-0.0785929392425431	-0.177820401211284	-0.163412484884893	-0.0852666913663215	-0.13825397484973	-0.0452778470760059	-0.163769421182795	-0.117736899046794	-0.165192929004699	-0.0978411443871949	-0.112063892091238	-0.0651567086132042	-0.0233796874572228	-0.0926983836923542	-0.0411514709617909	0.108743267417797	0.0706224509131377	0.102714984370741	0.0774612496782991	0.116968439237791
-0.00684233309446614	0.127042634108363	0.003601659710921	-0.0342953197850293	0.257129185340869	-0.0560060512874432	-0.0789667980430197	-0.0548126787160888	-0.0179667717747344	0.103682400109193	0.157172383139962	0.117806897808046	-0.0945354853074123	0.427723747410008	0.720293308166302	1	0.299833020121782	0.0806378564868007	0.635013559802923	0.00477844547498199	-0.0302492957582061	0.018570374414112	0.0658099979905853	0.120140135988782	-0.0121674768555022	0.285200539299861	0.0773746865194508	0.169346821985851	-0.0553828795551193	-0.094339106308941	0.33645822088614	-0.0594970194643811	0.62529326584301	-0.00814492821757689	0.0617591286968906	0.16419106081067	0.049212687523273	0.0736786342061106	0.111327668738891	0.00506235529699141	0.201718979264087	0.0898371016744815	0.0997289308945933	-0.0188749587801106	0.00978134935159431	0.0444182690739361	-0.0470341350907451	-0.0301956175649955	-0.0947753395902439	-0.0976797219740385	-0.0310709177342062	-0.0566009529446386	-0.0532200629084238	-0.108691632137253	-0.0207512245019758	-0.0566262321145681	-0.0679328889291134	-0.0792110115986351	-0.027837804897624	0.0540062107955904	0.0670940721351857	0.0573046590664606	0.0731131335443675	0.0497386004042228	0.0815152134345427
0.0906549325264627	0.185424386330861	0.124967319210878	0.202306789832351	0.202727869138909	0.0301710511568526	0.0166845522904624	0.0328252108126051	0.0364204954422171	0.109080063861346	0.090528793983273	-0.0508535891689361	0.050925746365867	0.204983029064857	0.0974064870352645	0.299833020121782	1	0.140702318543454	0.544207263184566	0.090219390504208	0.0391980306683494	0.0563577012538888	0.0720107147585537	0.111694065650554	-0.0273928209312163	0.28555806668602	0.0659550988994905	0.176804092878143	-0.0373689594401236	-0.135773766996297	0.473601722423907	0.00984875643498441	0.356625384681943	0.135238444614563	0.133355050651231	0.223331218557783	-0.00481961153687145	0.0885583301589756	0.119846026300455	0.0832451830931873	0.265834956618156	0.133836323936629	-0.0544556968485498	-0.0368566346030146	-0.0452134132036097	0.202711253275325	-0.00569644384465106	-0.005495428303607	-0.0781945402861797	-0.0454727335883373	-0.0856320136158906	-0.0230329698302148	0.0390217081497786	0.0195148162306568	0.0235614805634223	0.029340025624279	0.0158587053452104	0.125977836213424	0.0363945221527725	0.035952776189182	0.0225366501618714	0.101178147923394	-0.0119870403570355	0.0890001737579957	0.0466262152622934
0.557616547467665	0.457180969007092	0.582787688136691	0.361382559680314	0.515719773785677	0.46820021131008	0.444916029017458	0.360345285965975	0.53594414699444	0.199111437125208	0.518237083201332	-0.110007178658973	0.0144729437225503	0.0482128806905375	-0.0742976686864267	0.0806378564868007	0.140702318543454	1	0.0852573384697036	0.611355467806828	0.341325104836638	0.489753773597419	0.391450922080446	0.720897878621577	0.679060067492195	0.541004671199421	0.720099585407409	0.31955594008827	0.146884971592989	-0.0424847756532185	0.221692677550928	-0.0586709663541693	0.179916720172661	0.333317965138101	0.516472790833413	0.491070697805722	0.526581099609391	0.576287455857297	0.423510745662791	0.570656667328457	0.630586457577075	0.511123142054987	0.0507026666318094	0.0228900400550295	0.214729225438445	0.217004782712399	0.217956433746735	0.228967781232742	-0.0202637645858783	0.0895496048408441	0.12375967724007	0.337329314566097	0.492737816529297	0.387667157027082	0.405075114769369	0.353019306342245	0.26765165450671	0.164666822327194	0.550807070462788	0.346292181019744	-0.00644469550208065	0.24702966119555	-0.0173543140914379	0.193510534026178	-0.0721099829658813
0.0929713184753717	0.239020164028569	0.137262195486956	0.0968734581393776	0.342438983588896	-0.00573167552892257	-0.0499414684045601	0.00719603622014643	0.0282121867577359	0.171045588855792	0.0905298701359903	-0.12264250336963	-0.0819014417646226	0.244015025283142	0.262077657946353	0.635013559802923	0.544207263184566	0.0852573384697036	1	0.136011822525215	0.0936831509373315	0.103148306087172	0.130140689063197	0.249385302339585	0.0763723967531783	0.43247305648439	0.194960500503303	0.255726341748393	-0.0408300307827885	-0.120129246272815	0.381913945361628	-0.0375639146337442	0.857697783031418	0.0490048976142473	0.168361441864728	0.30536260771342	0.191030121335151	0.0880627448751543	0.206370401104844	0.109471135220416	0.334033431872245	0.208623762793343	0.178081628766407	-0.0577288742498249	0.0131395902859369	0.134879938480498	-0.024963142505686	-0.0313925396000838	-0.0896715197325338	-0.0893071035356808	-0.0404174124762506	-0.0636936995701851	-0.0274175044196093	-0.0577191481290005	0.0144888461740594	0.00480428215035892	0.000455537412317273	-0.0691818010971232	0.0247332487005876	0.0500410957690433	0.152096263903942	0.132766233811689	0.132514280417555	0.0900913038348247	0.163149119808652
0.842322200285459	0.784359482842031	0.84663892190651	0.596868008392661	0.682862600698053	0.714666225144913	0.698318170906779	0.646175345932019	0.683112941478021	0.381083454952342	0.542692013042049	-0.0821152561309152	0.418695968013077	0.376176318033629	-0.0891227703153443	0.00477844547498199	0.090219390504208	0.611355467806828	0.136011822525215	1	0.691180478817548	0.739928696855666	0.613187708228314	0.87722353957787	0.801673790461802	0.700799898741777	0.86768576573176	0.589975153665401	0.429735170886515	0.13729714462715	0.263074984891936	0.222152023572765	0.304959988516674	0.717770899285332	0.868640884845605	0.754681727085609	0.847850420670915	0.823561580155366	0.634852991277297	0.815304993264781	0.781096652891663	0.792719493411574	0.293577004227337	0.13965395448881	0.291722017295002	0.379855144518859	0.481432192765685	0.503785747075087	-0.0416714680175534	0.176254670797939	0.283073033900628	0.620516164520172	0.705770693005078	0.660308673930689	0.592732040312348	0.644444414078855	0.556241884122876	0.300066155754538	0.676614235185979	0.633028221448306	0.0538929192071587	0.391973220646595	0.0497238342795266	0.472599892742887	-0.00129678793229191
0.613495280560857	0.553782813717675	0.590980386553878	0.465988009344983	0.430838621913278	0.574581059899493	0.603648507428	0.539664681277698	0.483668837970165	0.314119875407042	0.356792818134297	-0.0371966540966412	0.378109878485841	0.322300893181307	-0.0998661081468986	-0.0302492957582061	0.0391980306683494	0.341325104836638	0.0936831509373315	0.691180478817548	1	0.835912426393244	0.847864700083895	0.592025069908562	0.55302888245685	0.454078997519792	0.589345117794347	0.464117901504279	0.772933442361102	0.670772633396759	0.0730956814604128	0.233116985172097	0.198859363796375	0.606026964451046	0.673576145504681	0.60248071664565	0.663714317646178	0.607952360445164	0.561251843089662	0.561112801330953	0.565486485219528	0.513514533626242	0.493346209815613	0.170693589801331	0.130151056598062	0.259068448228616	0.47692040494753	0.468827727737567	-0.0243715829882943	0.181975426732477	0.336843552256998	0.582341408718085	0.574067939262189	0.594922221950701	0.431854235022759	0.540893573972135	0.39533544788408	0.161472734966473	0.477248840103547	0.448823193405774	-0.0265130992863061	0.28938399982806	-0.0405285548535164	0.306128687386997	-0.0361004736354938
0.757160602573891	0.731690459229344	0.673665299458796	0.462615589458143	0.516915921150534	0.730593745387017	0.69698014013098	0.690511839049871	0.689854718091884	0.404115175526011	0.470663312553386	-0.131563072706422	0.165854840153403	0.155776943936942	-0.0615982413913361	0.018570374414112	0.0563577012538888	0.489753773597419	0.103148306087172	0.739928696855666	0.835912426393244	1	0.903805453890407	0.649098877089318	0.56699724991977	0.560052275979308	0.633057979467971	0.509240853033937	0.676902255876081	0.546699540584042	0.109142830698568	0.0280950641133004	0.282661040738586	0.447094060255965	0.710372079767837	0.614247158659937	0.609798669049935	0.708371393740414	0.614176739345631	0.764847119309369	0.61396125444111	0.700402374464606	0.373236783485583	0.171373926851309	0.258277127812115	0.287170052575769	0.403518266403327	0.378998906056942	-0.0464291964819821	0.132463136629718	0.166099464513853	0.532054740912755	0.717435570677172	0.705447991626653	0.637924269396	0.686669148425189	0.617110458563628	0.257063851093696	0.687116516847091	0.611463679173895	0.0972618222742553	0.409672215089718	0.0570689523141479	0.45625024302994	0.0254182894138354
0.60144367758568	0.600392166648883	0.562236581754865	0.392451893937518	0.524943729202506	0.560602722443737	0.556289763243204	0.522907250300736	0.51256537281238	0.346549984297425	0.388432146418714	-0.0860916919502351	0.210783339045668	0.222511729980794	0.000584632003339959	0.0658099979905853	0.0720107147585537	0.391450922080446	0.130140689063197	0.613187708228314	0.847864700083895	0.903805453890407	1	0.590680777495415	0.507695533921804	0.521158802746728	0.57334560792941	0.477831624714453	0.767577270182728	0.671135197855313	0.195952679619744	0.152850444809191	0.254469521699395	0.47113015741695	0.642143988043493	0.623354175828739	0.532849155614429	0.652416480744477	0.590921871742183	0.590938737100854	0.623583545961514	0.560242722254748	0.247438401555904	0.130854735568724	0.141763168340041	0.221928406947808	0.408145889371621	0.378995387068909	-0.0709080633316346	0.102781173850063	0.124391473094341	0.466927157943812	0.567893192597788	0.555924638458326	0.470002671029268	0.522248209573831	0.411246327873615	0.127414264874421	0.510365297608655	0.443368189828858	0.0503987163839382	0.311972758800813	0.0743420093905049	0.384574650602001	0.0648530154895726
0.759152907717423	0.64576158473571	0.830388399782936	0.585835772616116	0.7398706569077	0.606401341497195	0.568513338650472	0.512719271583824	0.648315148957371	0.281183084983421	0.638744761123354	-0.0774964779557614	0.279577758369166	0.310033866048855	-0.00379680374779918	0.120140135988782	0.111694065650554	0.720897878621577	0.249385302339585	0.87722353957787	0.592025069908562	0.649098877089318	0.590680777495415	1	0.91942743196878	0.787786272624205	0.991117885485523	0.51957584353414	0.286060654655571	0.0556057062340152	0.33950045919525	0.131043751551122	0.392039977397233	0.563540370003889	0.752673408551175	0.780537301388838	0.817866175471141	0.779332828206996	0.636681587690044	0.687343381389781	0.862933408418586	0.670430747085909	0.265328295897488	0.116929531955534	0.215081616497218	0.321276269402663	0.376865622051852	0.397816983574397	-0.0251686092378633	0.143464619758455	0.262314612389004	0.479597236219936	0.595109697730359	0.497663147433716	0.452651614357269	0.513325877055187	0.386443964978591	0.193963100326086	0.65391342405912	0.499375427619795	0.00792016353958754	0.282623715393666	0.0472277754760706	0.305730895965516	-0.0162058386332343
0.623577940801218	0.451082190513699	0.732859735572888	0.560497183933425	0.484543940537755	0.4727530711494	0.466100222007055	0.356301140899274	0.527648913517165	0.100994245727137	0.568061812418086	0.0256370163596787	0.345183072512855	0.30225574689028	-0.0689137873936326	-0.0121674768555022	-0.0273928209312163	0.679060067492195	0.0763723967531783	0.801673790461802	0.55302888245685	0.56699724991977	0.507695533921804	0.91942743196878	1	0.482662531370159	0.963545667735345	0.317578131319159	0.30059256278855	0.136221598437879	0.220505651343121	0.202183432102283	0.215159640014052	0.513710433553438	0.599987640292932	0.581216029347705	0.789768912111163	0.692479709487429	0.453711398595103	0.541069116725025	0.694863641584828	0.511024365970442	0.237856808177774	0.138304885599245	0.133511891197609	0.185074200316559	0.296020436559171	0.328077968285519	0.0259697434261704	0.157344332882789	0.305449136193157	0.413180688813804	0.475896671858059	0.393964833674574	0.30580515561275	0.358893403424111	0.252934551624533	0.148630924738959	0.536551864517362	0.336655093937713	-0.0393455404074743	0.136522040064716	-0.0382596459939441	0.177893503560515	-0.104696254850151
0.722927923512046	0.734862228184978	0.70667964048793	0.43497745798522	0.888640563589364	0.620983104402044	0.546036649753811	0.595937843304562	0.626497495198888	0.47211801572291	0.541182705760396	-0.210328435415895	0.0821460961041587	0.2162997090115	0.0971086632976412	0.285200539299861	0.28555806668602	0.541004671199421	0.43247305648439	0.700799898741777	0.454078997519792	0.560052275979308	0.521158802746728	0.787786272624205	0.482662531370159	1	0.699100109912101	0.663202221962705	0.166680307930213	-0.0886409791573447	0.412544498803942	-0.0244265514787643	0.540446071397751	0.453673216218278	0.740403965412664	0.829894596534041	0.589574555831373	0.652876312937995	0.711376732967697	0.688769621930965	0.834747034201422	0.697030157388236	0.219352382055426	0.0669093005287779	0.286885024590649	0.426996387047352	0.37954706131773	0.376730945132298	-0.0960066514153225	0.075179931911984	0.108224799313682	0.426847739920671	0.590362440506809	0.501459563963061	0.536412014181058	0.593539588997474	0.473560916379709	0.198539649632754	0.624651718122877	0.596274984174702	0.0774049656856499	0.421017896606859	0.16449814645758	0.408554309263113	0.125696785188743
0.727291751899256	0.591661389578412	0.812762782753813	0.58798892026407	0.667254686910262	0.572331331426387	0.544275379852384	0.469212422377255	0.619478839253195	0.225302397687735	0.626444615194033	-0.0440960650009205	0.307164877751513	0.313229519386077	-0.0257128621380463	0.0773746865194508	0.0659550988994905	0.720099585407409	0.194960500503303	0.86768576573176	0.589345117794347	0.633057979467971	0.57334560792941	0.991117885485523	0.963545667735345	0.699100109912101	1	0.460887541375981	0.296212027037267	0.0839625101755944	0.305437309331623	0.157467553916048	0.339271969631879	0.556896783507339	0.714695680392081	0.727548206729737	0.823332907249523	0.764428996784537	0.586872413820812	0.650470356989581	0.821890580462282	0.628823961948808	0.260771035788404	0.126259522824258	0.191551300070354	0.280937515908278	0.356377799129565	0.381475385328038	-0.00757675905650122	0.151427690636892	0.281566697760552	0.465770354612496	0.565620651507655	0.471682541948125	0.411290142416177	0.470503227889616	0.348144689221928	0.182005250007859	0.626228684772933	0.453579276803894	-0.00754533530091191	0.238531241559528	0.019366812300415	0.268307987386061	-0.0461658436109074
0.652222060185918	0.803397897476818	0.500066500866971	0.319433051650236	0.542964740151874	0.63293482028653	0.589303309402432	0.622982067049332	0.592040789587654	0.902065127837289	0.353029234617384	-0.199646016978813	0.315276611332586	0.373716203055787	0.135106699213797	0.169346821985851	0.176804092878143	0.31955594008827	0.255726341748393	0.589975153665401	0.464117901504279	0.509240853033937	0.477831624714453	0.51957584353414	0.317578131319159	0.663202221962705	0.460887541375981	1	0.359603347524061	-0.0545512373766328	0.227222622206519	0.34589339992404	0.357476353285203	0.528121457753717	0.76652370444763	0.631120953640642	0.524474344344842	0.656530772512311	0.536956614015931	0.66059755425816	0.639147926422062	0.794986368532837	0.0972992221833216	0.061410101540679	0.368531134140301	0.347211537156752	0.389339691325827	0.347337495619291	-0.0925726269842193	0.0660038694852757	0.070367031893601	0.43855715566257	0.62962920353382	0.581161878854256	0.640126080769529	0.614352584975388	0.593035955159047	0.219982967208859	0.568253143158203	0.618170707892425	0.175769059316744	0.850641591831768	0.220344289400602	0.62963164052594	0.382410725453185
0.382299814194978	0.401218690514536	0.34026275205837	0.313257445106492	0.188986847764885	0.36085547599941	0.432652966238033	0.340211715330289	0.226479075021025	0.248478248139487	0.136112785739806	0.0145363315542378	0.324782559014954	0.265030669266512	-0.0421427950107515	-0.0553828795551193	-0.0373689594401236	0.146884971592989	-0.0408300307827885	0.429735170886515	0.772933442361102	0.676902255876081	0.767577270182728	0.286060654655571	0.30059256278855	0.166680307930213	0.296212027037267	0.359603347524061	1	0.743395939335105	-0.0226827195446502	0.383989645362841	0.0224281939041209	0.43559394346339	0.476437057722496	0.33033735334949	0.41945898862343	0.45557395842722	0.34758245875778	0.368845847096717	0.321527447446351	0.379691074765282	0.245418124940136	0.230560840001138	0.10071794757963	0.091586034112331	0.322576644409589	0.297273963137381	-0.00437005869668626	0.129020718992805	0.14274687234761	0.406234613482913	0.402770259849304	0.468508494931653	0.305760798906255	0.337943858476186	0.358072896766898	0.187743209156627	0.213117749395347	0.251746676747513	0.233889296123514	0.201810462754875	0.268295642437268	0.420150696191512	0.279521759464751
0.0596277037905779	-0.0198848095602377	0.0749989854630698	0.104967658227209	-0.0356287806313274	0.0789170354401562	0.127688194981505	0.0879262329355945	-0.000737085884635202	-0.0885988211576074	0.0310153260261487	0.219040194705398	0.181210103290517	0.114120017149436	-0.0732723999559694	-0.094339106308941	-0.135773766996297	-0.0424847756532185	-0.120129246272815	0.13729714462715	0.670772633396759	0.546699540584042	0.671135197855313	0.0556057062340152	0.136221598437879	-0.0886409791573447	0.0839625101755944	-0.0545512373766328	0.743395939335105	1	-0.114486096753438	0.0898014010525748	-0.0742369216479668	0.158678461044129	0.0815036418346659	0.0847207485428779	0.177144666353664	0.117672281185058	0.191837554913276	0.0504379899715172	-0.0183442067312759	-0.0327702566773028	0.326777624598418	0.0962176890326136	-0.0824505085876627	-0.0525175632788669	0.0971958178216225	0.07461285211334	0.090033764131213	0.122729477247792	0.13591390033625	0.146842172731602	0.0825296338544965	0.159101039627795	-0.012621399330958	0.0946918937219292	0.00843876521297016	-0.0956862975662061	-0.0064823158662588	0.000184110348239269	-0.117668512093819	-0.0586617083133887	-0.119462432204292	-0.0516128880957498	-0.108807367617021
0.130654755553288	0.211940079436602	0.202243070076743	0.270627246306175	0.291709262509451	0.0252089860299526	0.0203845676542019	-0.00497105789273549	0.0610502514558425	0.039834349837903	0.322444401152075	0.184811175119235	0.185864795540395	0.339400091727081	0.147731588178882	0.33645822088614	0.473601722423907	0.221692677550928	0.381913945361628	0.263074984891936	0.0730956814604128	0.109142830698568	0.195952679619744	0.33950045919525	0.220505651343121	0.412544498803942	0.305437309331623	0.227222622206519	-0.0226827195446502	-0.114486096753438	1	0.244391622405726	0.373547858830186	0.348878752884421	0.246168501677812	0.386557501777034	0.128042729839055	0.230778758591026	0.266902766669879	0.0757434316424027	0.49869990058687	0.182287208844942	-0.128227904777499	-0.0654382051919122	-0.0131420812698185	0.240913570932967	0.0922492322293208	0.133454163903414	-0.00734242931725666	0.0561889690393544	0.0180535089774838	0.0744618273285828	0.0191159076692364	-0.0370720469946231	-0.0382640286730573	-0.00261659465460866	-0.0177850027130831	0.00987052963157521	0.0619530934108392	-0.0170711988194451	0.0616950140753161	0.0759404613825967	0.0938535377477578	0.144939008314975	0.125695456809641
0.0331039547122568	0.149094724602378	0.0258242928574571	0.129486713895407	-0.0594183794488389	-0.00416378768963228	0.0826986690359821	-0.0370323665174604	-0.0653082868620395	0.139775549108531	0.0439865839203986	0.193465088022322	0.51649237844792	0.441285791026117	0.0375269893336431	-0.0594970194643811	0.00984875643498441	-0.0586709663541693	-0.0375639146337442	0.222152023572765	0.233116985172097	0.0280950641133004	0.152850444809191	0.131043751551122	0.202183432102283	-0.0244265514787643	0.157467553916048	0.34589339992404	0.383989645362841	0.0898014010525748	0.244391622405726	1	-0.0515449596088695	0.525929354361731	0.287398144939567	0.146637744356388	0.252418541508228	0.198817562383836	0.00610625001724533	-0.0183236821645352	0.228982186393061	0.140657933119041	-0.154400079677083	-0.0393660789827199	-0.00657576789643814	0.0242364964497892	0.0835114662886206	0.123026895272841	0.10511602004605	0.143213151589058	0.248848836724252	0.147639766105638	0.0452764512858602	0.0157963127802745	-0.0619358035006497	-0.0351141502680492	0.156803468876706	0.16671175337644	-0.0830721096113535	-0.0495733556974354	0.387675921963462	0.196720408742642	0.328734645220582	0.439786759365804	0.535239430185173
0.321180976602542	0.393794135110573	0.30284600359144	0.22391433503453	0.441272200313058	0.259109127668523	0.148319954594733	0.264632004928974	0.351036850347944	0.213545682252527	0.315242946989872	-0.0559979989134153	0.025317973076696	0.333526237224243	0.264672724216902	0.62529326584301	0.356625384681943	0.179916720172661	0.857697783031418	0.304959988516674	0.198859363796375	0.282661040738586	0.254469521699395	0.392039977397233	0.215159640014052	0.540446071397751	0.339271969631879	0.357476353285203	0.0224281939041209	-0.0742369216479668	0.373547858830186	-0.0515449596088695	1	0.14585365871933	0.321000842774449	0.441515633423779	0.309452168570319	0.270618884897652	0.417291196979467	0.323406346362195	0.43839041183612	0.389609531773988	0.227219318601087	0.0782666309229533	0.192135390268774	0.207070288857391	0.0417978299276841	0.052782650097256	0.00731742126066689	0.0383750149775479	0.0377470952634011	0.0487332747718825	0.173673934249131	0.132691395247347	0.216663675086169	0.264742312095669	0.194806099502703	-0.0614635410879949	0.339593610437201	0.388444695889758	0.173830338540742	0.238952151062576	0.150946003571383	0.178020104822803	0.150420669077734
