"Sample"	"X84431"	"X87426"	"X90522"	"X91183"	"X83995"	"X84950"	"X85898"	"X86021"	"X86054"	"X86417"	"X87265"	"X87684"	"X89735"	"X90391"	"X90581"	"X90696"	"X91670"	"X92614"	"X93048"	"X93489"	"X93663"	"X84413"	"X84593"	"X85634"	"X86034"	"X87375"	"X87757"	"X87805"	"X88126"	"X89087"	"X91259"	"X91830"	"X92254"	"X92702"	"X88661"	"X90473"	"X90813"	"X91549"	"X92074"	"X93624"	"X84169"	"X90815"	"X92486"	"X84702"	"X90585"	"X87872"	"X92964"	"X87506"	"X88146"	"X92393"	"X88132"	"X85374"	"X91252"	"X87333"	"X88637"	"X89491"	"X90009"	"X92418"	"X93451"	"X92199"	"X92275"	"X91594"	"X85007"	"X85946"	"X86296"	"X88425"	"X88575"	"X93282"	"X85825"	"X87138"	"X88222"	"X91442"	"X93547"	"X85630"	"X90396"	"X84612"	"X84926"	"X86183"	"X90004"	"X92841"	"X86747"	"X89891"	"X91364"	"X91966"	"X91131"	"X83866"	"X87857"	"X91976"	"X86718"	"X84808"	"X86284"	"X93063"	"X93044"	"X88545"	"X86487"	"X86540"	"X93373"	"X84195"	"X88350"	"X84030"	"X84368"	"X92390"	"X86897"	"X91292"	"X88337"	"X91952"	"X89204"	"X92987"	"X88075"
"X84431"	0	0.40117202119271	0.332171627679085	0.394197528221663	0.425040824735972	0.45789284500709	0.424729060192522	0.439917483632244	0.452358368763395	0.450611674116349	0.44896350875963	0.46077658963918	0.442291308470505	0.435307548771451	0.473035476287703	0.477523011070485	0.49025561145437	0.474150671325262	0.396859861382507	0.477292541909213	0.424427736592135	0.469086163851221	0.445156556607548	0.442831625474964	0.41876744975426	0.460213284352907	0.423008217633802	0.42152530986603	0.469753234246143	0.43171784510427	0.471094652458692	0.493962081384007	0.483611518884685	0.44944220109998	0.440767990781268	0.450347077997372	0.482267648232645	0.409462190295888	0.415400556155047	0.41207750570996	0.432664852239997	0.447925691184358	0.443006834614418	0.368521857514892	0.41920421498159	0.463558464162287	0.418611553686017	0.473381945394936	0.456664844696213	0.450854354852492	0.380608561667836	0.454838560122672	0.491395527710836	0.478753643298098	0.416750295912857	0.462918860459958	0.429255069461484	0.440960694601327	0.528407574852706	0.438786563528047	0.481996033436878	0.430442037419252	0.447671496190056	0.445968439319125	0.490259898825969	0.426570520907038	0.43794009591556	0.416876276261774	0.451934707326347	0.410455747828687	0.441860546863524	0.484113507534404	0.465899941333582	0.477975383343658	0.462517417197647	0.478046213949986	0.426818511020765	0.3899085337811	0.410367662593725	0.426047484352464	0.423588398870189	0.435911624809425	0.410625005785115	0.411225279810841	0.43946124653102	0.516054882192011	0.455900744983147	0.417080163495731	0.458778265868163	0.453539700099634	0.458546849295002	0.462905122760277	0.497940331327601	0.467160271478786	0.490049848758052	0.404342181334333	0.455270460624066	0.455360597509159	0.459069039973824	0.434174606399285	0.439611690459096	0.381043058771613	0.433644132035221	0.394809858846974	0.442688496491206	0.386972087580059	0.369790427198858	0.50750041746117	0.410805102538293
"X87426"	0.40117202119271	0	0.430441182287306	0.417850836558353	0.416293952078409	0.46707357331944	0.41598218753496	0.442542094525227	0.441274267391308	0.439890637431332	0.396029729924812	0.451582838278208	0.433544435812943	0.442241113782338	0.460680995906973	0.444763172438536	0.469550206849215	0.444268504922581	0.409891153856779	0.490964280382387	0.450341047815459	0.470513131505452	0.436786373054293	0.47471582748218	0.426660503257338	0.448374959153201	0.411311062447507	0.427545222061873	0.458579396399343	0.415450263698175	0.459761352679464	0.462413992236424	0.443260025586876	0.4609118870452	0.429516739640439	0.46043193624576	0.492200131259075	0.464662970991871	0.418302735841459	0.421017690946225	0.41366079427068	0.351099302626367	0.4201742803323	0.420109267440197	0.413991436006866	0.450562140054564	0.392236448520523	0.486650294701317	0.453971755902768	0.443392883331863	0.395710308568771	0.480976794823292	0.47902610253323	0.461153344201231	0.398771749323	0.451931226031622	0.413903021206913	0.3883591871219	0.519508086517811	0.451671316536983	0.470395009319094	0.40632014552048	0.440210024669427	0.461042071873994	0.482798427305339	0.4172648233857	0.430478624394931	0.436997993140265	0.439646582015278	0.399777766607064	0.434399075342895	0.476652036013774	0.458438469812953	0.470419430029091	0.41018615977601	0.456872508295135	0.418738396944666	0.410597098449471	0.448019737358684	0.435542621510099	0.417357948316872	0.427134799054364	0.403163534264485	0.402904120828867	0.456270775165083	0.488431199797246	0.457488846578797	0.414458575526776	0.451316794347534	0.42241254399036	0.470249957962344	0.455443651239648	0.4990847727155	0.414528165397033	0.505972252241379	0.411998489742713	0.447808989103437	0.44789912598853	0.451607568453195	0.429334724205023	0.432411369219693	0.319254694842911	0.44871776459009	0.417065490558525	0.451212872029013	0.383709584829792	0.415857772126509	0.500038945940541	0.425811187899642
"X90522"	0.332171627679085	0.430441182287306	0	0.378100486939356	0.361584059275863	0.4221371698296	0.367442576973722	0.353105559666287	0.358122413174141	0.398422632203649	0.380973725603502	0.408778463337854	0.383238257562667	0.328411376344503	0.417183274632977	0.434712389370274	0.435571250756316	0.420645352050632	0.357673004283233	0.43425980443713	0.329307744584932	0.425687837981736	0.399408589692737	0.435536858936629	0.377181666626129	0.415534178386063	0.366565465077428	0.394594266562315	0.441238478698575	0.382906719541267	0.414304443620473	0.434292657703677	0.438992161043829	0.413304621682747	0.416900481428006	0.430458103880049	0.4625338843701	0.369650374547874	0.420167370380739	0.395761456794336	0.428272154252984	0.453301985895499	0.418982016220045	0.384341026424017	0.383192573892212	0.425579228684747	0.380771086815868	0.443760657061303	0.416886658065807	0.406484937058256	0.361200382659682	0.422263316990276	0.453842511260467	0.448889821224665	0.375769948441807	0.425588590957116	0.388213934775773	0.403641994243615	0.462856104729534	0.412190843209775	0.436201904141822	0.397237470509565	0.402915867631153	0.320903177870699	0.452510475678694	0.380087341568707	0.372739023560736	0.383931030049576	0.398550108151536	0.365414424463004	0.404394999292169	0.446562484780567	0.420714338991726	0.435697776506901	0.425237323566085	0.412447686212106	0.389175030735675	0.380278103096816	0.392388430228255	0.389041202445384	0.386632238779776	0.398631531177863	0.356414356805847	0.368499546672272	0.407817616890552	0.466003863736397	0.433922795877214	0.3779277581106	0.420997798994878	0.381025296714801	0.402417008502793	0.417764734275673	0.469709166485918	0.425508455537212	0.475653256888724	0.384179134501064	0.417670739110671	0.417614915791028	0.410466034892813	0.403873062639042	0.408262705398561	0.353511884861341	0.409237291262882	0.379754865787206	0.396977064277218	0.363971832203426	0.277098357020685	0.462723413623128	0.318396351929135
"X91183"	0.394197528221663	0.417850836558353	0.378100486939356	0	0.387565859766582	0.42822814553005	0.382148343159019	0.413212291245863	0.409823899006779	0.411356231192697	0.394769805317117	0.422186311007059	0.400133834387294	0.414287466472846	0.43572501823049	0.428936073087903	0.439463708114358	0.42837699360229	0.391266369390947	0.462763655557732	0.415969296667808	0.437256127875103	0.406854144493696	0.409475553792194	0.394069682448843	0.422764916480268	0.374396610350167	0.365398788426596	0.448469216792779	0.393839696966474	0.432836642963303	0.453334573536805	0.446150338451246	0.425455303735198	0.358648465953209	0.40640653451727	0.432241081259089	0.397927731309425	0.395644401790134	0.392800107704026	0.41483297093581	0.445187528616637	0.411973334992843	0.393029844712632	0.375451388886887	0.425137165974975	0.371006032066768	0.448177344357446	0.390391630465446	0.3993174564269	0.362719760900191	0.436618796381421	0.453400448550695	0.455216166643046	0.378968931110707	0.428818170602181	0.391443514420838	0.394331179909146	0.485184342205569	0.423099138020488	0.443809124082424	0.409597931153018	0.395057145909814	0.430257800031058	0.441354479255382	0.383420348833758	0.399912544368139	0.389112437079351	0.406071204278437	0.372292019968776	0.403952936582397	0.442115112356375	0.427814126878487	0.439878767775586	0.424764663880147	0.403119673747731	0.376342504504082	0.374776602036386	0.401192334543005	0.402501502771623	0.386608972907583	0.396632583286784	0.372692938156865	0.372199802888959	0.393657138539338	0.476514335155791	0.424956312616872	0.378840856193429	0.420555736285106	0.438303627380858	0.443015460456061	0.419386344893364	0.452588147052842	0.426084069822357	0.4644684039593	0.381431952882097	0.40553648914617	0.417158873085783	0.40660691996524	0.399267436855423	0.404704520915234	0.348147190932812	0.401594487913082	0.387181255698189	0.407679583445318	0.368057915051626	0.371597253681781	0.464218383090886	0.390184086258491
"X83995"	0.425040824735972	0.416293952078409	0.361584059275863	0.387565859766582	0	0.373620937988157	0.325464198002137	0.354475701459987	0.327776844383243	0.33353224836273	0.324728966057064	0.354822923909483	0.329426912252856	0.327858659129016	0.34918852833802	0.378168653557078	0.388579071217055	0.373813132977962	0.331846709470882	0.393703600277689	0.363718766640072	0.388027568898143	0.353678224749155	0.388485149957514	0.349095454382406	0.363701053275316	0.316438151309216	0.348372728745508	0.381102672167795	0.329369996496311	0.36601348963923	0.394877907813637	0.390844334598243	0.369954508588713	0.365859502116991	0.379864843753229	0.400704606192689	0.394413426413527	0.375247675741581	0.349081573964573	0.392883177939351	0.429685829070395	0.353899555526291	0.33015285965656	0.312401527509146	0.376821824002335	0.326263405505497	0.408248285359887	0.379312309789915	0.334469827368595	0.319265155110522	0.349558155820458	0.404495407559413	0.406965716657877	0.253522117060822	0.378756371884445	0.341381715703102	0.353300952113503	0.429237349869934	0.369453147585283	0.394530832019826	0.361025018852975	0.345377129643891	0.377868296113893	0.388344103132679	0.326195906960333	0.325227648400768	0.352109299753751	0.359218347224337	0.322965157794821	0.292140046317795	0.396054387409236	0.379241214578445	0.391649717726116	0.376191751580104	0.411487282226428	0.330239109176994	0.329774241669308	0.380977192379357	0.357499208841114	0.331859752496022	0.348038271051043	0.324120025856822	0.323393929718097	0.382340469311003	0.412712654768616	0.382718261931196	0.31112115182083	0.334262433957113	0.388620042623913	0.392953661738325	0.376168482600324	0.413268445686012	0.327897194858853	0.427468660020463	0.3538236760566	0.368660300455682	0.368644762508886	0.355479611980894	0.357541090406919	0.36297817446673	0.319307369941619	0.369442595950766	0.338667145121292	0.378486960406751	0.288504871376916	0.348205060076085	0.420763777301217	0.347014540996248
"X84950"	0.45789284500709	0.46707357331944	0.4221371698296	0.42822814553005	0.373620937988157	0	0.386381126132212	0.419308803554711	0.403089067089555	0.405920052746209	0.375646284384392	0.409718832401232	0.369951981880841	0.348157931610758	0.42762695097783	0.431533621934783	0.386009706679926	0.427566076221424	0.362626477470613	0.436515009214899	0.430062061284535	0.401523999507442	0.386098432815066	0.427918271550722	0.40679911977083	0.405715019539771	0.363720610660616	0.389488662220774	0.449332733012791	0.398729887321928	0.40970811097009	0.391083780574555	0.441801701064388	0.407109025491492	0.419010492129527	0.447533384981546	0.479197896259876	0.391720920513224	0.372044710111182	0.406275864582338	0.406842717922604	0.45419701547132	0.388751615475865	0.312822796303185	0.393976736560238	0.385766569676619	0.388004615492289	0.411244438022945	0.434482811707215	0.425034642822614	0.353868867221825	0.443320269014814	0.453241063245702	0.474890022173826	0.396176182868089	0.432097832006306	0.394513177700262	0.393094814946848	0.498643921652643	0.423418356859345	0.388882544816421	0.379560077835139	0.423852869818795	0.420379978773392	0.459216539303752	0.406210498122194	0.382717291442581	0.407071303522426	0.415675119114173	0.372082515293728	0.398144009185622	0.438719823724644	0.435257018529393	0.456460342275607	0.378284696761954	0.477843359921442	0.393205261182206	0.374388376623033	0.441894120509431	0.375704362062825	0.404459397052658	0.415233828029673	0.390264983000271	0.338115081789944	0.408122555159059	0.442859565672009	0.436411049578623	0.386466417786562	0.428171327674435	0.419742207028399	0.424400037024416	0.402664325905575	0.490986913027503	0.414338566397087	0.457417955772499	0.379452270225231	0.407808872997496	0.429540885479282	0.431972536807424	0.423917707782028	0.409473187910196	0.370113652714504	0.409296913916873	0.390637619021497	0.412323041611166	0.409480956434734	0.415556429768228	0.481680705431292	0.395369348676072
"X85898"	0.424729060192522	0.41598218753496	0.367442576973722	0.382148343159019	0.325464198002137	0.386381126132212	0	0.362552520702782	0.326107032078802	0.35125510631355	0.340717462154537	0.361610937447755	0.323062833445802	0.352483419682085	0.373623356466044	0.363471834597448	0.40259126939124	0.375002809298465	0.302121684162554	0.327691093066717	0.363370650026827	0.389083990520562	0.351646035717153	0.353849758924201	0.310593504358172	0.367271747176299	0.288656354562883	0.349608652342898	0.392976047488811	0.338359082108765	0.378193111282484	0.382857891127153	0.390663730431589	0.378618542179972	0.371676890389294	0.38110076735062	0.41317654784067	0.394055414593191	0.384551115975651	0.363042663917559	0.392525166119014	0.412470155785698	0.377132317675695	0.344145167869141	0.334358255547206	0.376463812181998	0.331913627520619	0.407936520816438	0.378980120409864	0.334538157383051	0.248800375271358	0.362626402946593	0.404528326153462	0.40815539297838	0.330084254267215	0.354455448789142	0.342571392023605	0.354284657714186	0.434526432393163	0.374227015623255	0.394924447238932	0.335273192636649	0.353072075037695	0.381670738161251	0.351985017510634	0.330832335828149	0.341669926892741	0.370532309424787	0.322670947721931	0.323407343125285	0.355080814185164	0.397244063729739	0.353852464170713	0.36216964468076	0.361202561792944	0.386568947933114	0.339817694206245	0.330963917989811	0.344989620779378	0.274345753787892	0.338021911037776	0.349274194648434	0.323808261313373	0.324135643094905	0.370859493305517	0.429168500963699	0.380155809588464	0.33511517610282	0.371683613887873	0.389418950537366	0.394143338058828	0.339665170425898	0.424335030964866	0.380522841317794	0.427956148107722	0.321396828815718	0.368313402581241	0.350708991404247	0.372162318667997	0.357183078586582	0.362620162646393	0.31899560539817	0.369084584130429	0.322766598944662	0.354467497214451	0.349200465962547	0.319126477253298	0.378708228599097	0.33694376491535
"X86021"	0.439917483632244	0.442542094525227	0.353105559666287	0.413212291245863	0.354475701459987	0.419308803554711	0.362552520702782	0	0.390029594120139	0.368372316065641	0.386786969269889	0.398722204727703	0.380202944690024	0.389629393502046	0.410903932000837	0.428989792231342	0.440037603912222	0.410592633386328	0.361580093669618	0.427357245239828	0.396799295434744	0.412634348213938	0.372742261321444	0.422802143007104	0.367316048824605	0.390892798165763	0.360147430069084	0.376884864286477	0.416141859575445	0.368845502833584	0.409671120841084	0.430680464350062	0.422253724234113	0.39414447283411	0.394893271545417	0.398951171839199	0.438068386378841	0.391488830254666	0.40206809347016	0.377232975773769	0.418146328039178	0.447809461725531	0.394844034630426	0.35060354549604	0.3332319907757	0.402554547404785	0.346127719461912	0.391975070881661	0.399741200597425	0.349984594889328	0.327636380800022	0.442156832792032	0.390795634948778	0.390176276145863	0.346768153147424	0.405929658966516	0.367878805401051	0.380260627925016	0.428798967798635	0.390638307573111	0.402029309713039	0.364378568193611	0.386697039781965	0.396730767335607	0.429285442417878	0.359572105246749	0.33198976716403	0.383048091541425	0.37934750141977	0.348468678116001	0.372997384568847	0.422849173355803	0.375728956594185	0.4155466651578	0.40133904531386	0.437136353631835	0.365435266741363	0.356672543662126	0.406908684386063	0.373660345566073	0.352339731616273	0.374016441040094	0.349932006154227	0.349799332865497	0.397211486742816	0.446899742265463	0.408748073618355	0.347966742056774	0.373919009963148	0.405665833876477	0.409221764071988	0.401688673135236	0.440802134470021	0.398410237525919	0.454076343679921	0.36988157686848	0.39446531247082	0.394555449355913	0.398145929429565	0.355963547897506	0.388909666473437	0.327054096673554	0.38566518433513	0.356140662889833	0.386605516693684	0.367194014741438	0.302342102564948	0.446695269307924	0.313341645906161
"X86054"	0.452358368763395	0.441274267391308	0.358122413174141	0.409823899006779	0.327776844383243	0.403089067089555	0.326107032078802	0.390029594120139	0	0.351558339121329	0.326318709010966	0.375034975168683	0.337929410640485	0.343083362437262	0.37416884365092	0.348211529478197	0.419910576850063	0.363851749358006	0.332489543547547	0.421803345113782	0.391036310667496	0.415345112925566	0.378102529027779	0.411707864743381	0.36181398121661	0.391018597302739	0.303914704108133	0.37690407109741	0.418098659182314	0.354903479537131	0.373939931118886	0.42052193013575	0.417514197154482	0.398485850940616	0.398972309143806	0.387894120808509	0.440805856411543	0.389262290147465	0.41189278200705	0.388424464946507	0.417190552118467	0.440099464356571	0.404473983707094	0.371774476440013	0.362033811394966	0.404139368029758	0.359542936091491	0.435565829387311	0.398075784814482	0.369231223699026	0.319907989187187	0.429075416443698	0.431869992184862	0.433159830295256	0.355071055791853	0.404950485521823	0.36757582934048	0.381618683194848	0.460383834333409	0.399379802108722	0.416628648138934	0.386005334165875	0.380413741069095	0.376543723899165	0.430506912877079	0.35632559376084	0.350677105785819	0.395513535366227	0.374280748486053	0.328129827334384	0.382756370032924	0.420259461782334	0.402697982241901	0.418967261753539	0.403509295607528	0.41190727506635	0.367447002777118	0.35830558402121	0.394775455052867	0.347187290351584	0.365697466885536	0.376569613402946	0.33468632884729	0.350612606400606	0.395817683345505	0.44488085857696	0.416322435420691	0.362744484673693	0.399359169735634	0.384264112475166	0.419147775375703	0.387678106191584	0.449369690784715	0.408152149888667	0.446102280720766	0.352449730526941	0.395977844483105	0.39596230653631	0.399503984699397	0.382680167739747	0.387958489779629	0.331783856902785	0.39676013997819	0.365984689148716	0.40346727571965	0.374492545818896	0.34726759973428	0.422358308395645	0.364619320763111
"X86417"	0.450611674116349	0.439890637431332	0.398422632203649	0.411356231192697	0.33353224836273	0.405920052746209	0.35125510631355	0.368372316065641	0.351558339121329	0	0.343397490501166	0.3819414614307	0.354538628950088	0.356395505509902	0.381644989765428	0.401960525758331	0.41651371113223	0.401151729430215	0.357637617782295	0.417712534986763	0.389509674951486	0.405621739652175	0.357939764756172	0.396389291859927	0.377066952087716	0.37606295045405	0.317775932166557	0.372321327690306	0.407215620130783	0.34097943000302	0.361697335048749	0.408340670232632	0.409911964986177	0.360738134859381	0.395065356119804	0.406983381274446	0.439059161764497	0.409489299984452	0.4107000361074	0.386376594509176	0.390135360573542	0.448766019299907	0.403061178876409	0.370027781792967	0.334828391771885	0.401744937675652	0.357796241444445	0.433819134740264	0.404883159170292	0.39008445291951	0.319917552300301	0.441915701875004	0.429181332638134	0.43430431311013	0.355995479675692	0.405874909405662	0.368500253224319	0.380205878364162	0.460898409717444	0.397697930458671	0.407429517722659	0.386595868233353	0.386725764341516	0.407599599361965	0.429314166977429	0.365624789058498	0.35683099828432	0.402619709476986	0.378278207732757	0.349510015980147	0.381009675385878	0.416612184935675	0.384790843702341	0.417220567106493	0.401762600960482	0.437278190537841	0.365872779172225	0.355738386083811	0.40676810069077	0.384837805293367	0.36395077223849	0.37515680857226	0.3496908752372	0.347601542665968	0.405890677365525	0.453671281113473	0.414909630590006	0.360997790026647	0.385426549649467	0.415319987937966	0.42013622152196	0.401959390911737	0.443840463969029	0.406405455241621	0.454105068239471	0.379466149388988	0.387763988780748	0.39441486566062	0.398123308125285	0.363168632935631	0.388769082778143	0.326896439876931	0.395233504262179	0.36423799450167	0.404277868718164	0.376484896771894	0.374970720704532	0.44655468561263	0.372585390376626
"X87265"	0.44896350875963	0.396029729924812	0.380973725603502	0.394769805317117	0.324728966057064	0.375646284384392	0.340717462154537	0.386786969269889	0.326318709010966	0.343397490501166	0	0.38029329607398	0.346261019961757	0.343301512259451	0.373111212361678	0.354512137070319	0.40596856626762	0.399204953975102	0.331832963515217	0.418742374926377	0.38761819045516	0.404535252067538	0.374720760885239	0.410958092925345	0.367062804061457	0.381948304842219	0.314044224051971	0.36158728975741	0.398253090483816	0.354101186896893	0.386556946350863	0.415863689137915	0.386394842520881	0.376668607569706	0.395911338956401	0.405335215917727	0.437410996407777	0.407221120256081	0.387336947378428	0.38723171673297	0.40342888560916	0.42468668150388	0.401321370491105	0.368379616436248	0.347559307872776	0.397252954483108	0.356148076087726	0.414722097512515	0.403214568976971	0.379746730377844	0.334459931649999	0.41745933228525	0.419960537686621	0.432357537655017	0.354318702834322	0.404135101020359	0.366760444839016	0.321604212664272	0.458773972821496	0.398429160299892	0.412174387841824	0.356087080722936	0.377261127853105	0.405859790976662	0.415610057221807	0.355193360889004	0.364298928407349	0.38957446580452	0.3755840102712	0.3415718204071	0.379269867000574	0.421439596818245	0.403163898602103	0.41548075872119	0.352162795476582	0.426695150627131	0.364052142773352	0.352468844113259	0.39618506078006	0.374254765382657	0.362210963853186	0.373508643215541	0.34804270988048	0.34547838824018	0.383714676849304	0.439879556275001	0.388356313355975	0.359349624669927	0.39588575856451	0.300575362520712	0.411334791048796	0.391457509337262	0.448569479531973	0.332080372435491	0.452159841560494	0.350174955256801	0.385550251322906	0.392492027828706	0.396390811546863	0.381385223263219	0.358478427768153	0.343243145826503	0.393286728807066	0.36252097604094	0.35310133109853	0.353673256619175	0.364387680793822	0.411383417721682	0.362209317535725
"X87684"	0.46077658963918	0.451582838278208	0.408778463337854	0.422186311007059	0.354822923909483	0.409718832401232	0.361610937447755	0.398722204727703	0.375034975168683	0.3819414614307	0.38029329607398	0	0.363716060948317	0.378662491294512	0.388953563408685	0.423114761182248	0.433543930716312	0.392644216115131	0.3679934489165	0.423314306112869	0.399865506085691	0.415027289720833	0.385726593880266	0.433955615262639	0.382852748089454	0.389262352036835	0.36168027555948	0.367328719086052	0.376242959318089	0.369026009138533	0.40296291432963	0.415964558487721	0.425221987243672	0.410254463634036	0.405208507539517	0.410093511783694	0.446257754879906	0.4298875170287	0.419603529175882	0.398957110634555	0.413060649270479	0.467511343842837	0.408632015666536	0.379745818612389	0.363238011631788	0.400140716451298	0.333774563893913	0.424355667252744	0.407193798690871	0.393448762965326	0.340264255711667	0.451633738694426	0.440414696582115	0.437099723330627	0.362293887210265	0.397387594585844	0.373824276360726	0.379724756152658	0.474753123304645	0.402178582108886	0.414366576096438	0.383750995847803	0.385049928173165	0.417382675665705	0.438546664875559	0.375493549700319	0.385257410359776	0.410882755769741	0.391676047558415	0.351598130578919	0.39127064614919	0.424524742323476	0.415310040619247	0.417819526717342	0.411480637779903	0.447634021672046	0.376228610306431	0.365375884414315	0.391452682631467	0.393100851586122	0.365405781627942	0.281274426224941	0.345446026195987	0.358720152114278	0.417629355510802	0.447168720323895	0.424016076589571	0.37133014633307	0.391877369784822	0.418877092469625	0.428399267814715	0.410588243434715	0.46047656252093	0.416123492061042	0.454919030023568	0.389821980523193	0.401898000095236	0.404770696794825	0.40752382499764	0.393687829852537	0.399124913912348	0.355454109387238	0.405589335396384	0.373956031321091	0.414633699852369	0.374053058368138	0.384351799521703	0.456910516746835	0.382682758705937
"X89735"	0.442291308470505	0.433544435812943	0.383238257562667	0.400133834387294	0.329426912252856	0.369951981880841	0.323062833445802	0.380202944690024	0.337929410640485	0.354538628950088	0.346261019961757	0.363716060948317	0	0.356534616829214	0.343799856909625	0.398199607098036	0.38016370662309	0.373483202229546	0.329445344914547	0.408229088440024	0.381346246048011	0.396270639227823	0.318026137792174	0.412012599098835	0.353170794740432	0.362577425732871	0.304586591884002	0.365250499841588	0.376601754428006	0.349243095012844	0.368586435274225	0.354977050567949	0.408094818332777	0.38846921184904	0.372980254871071	0.386049743133152	0.430738796118653	0.410919585622568	0.358412913218864	0.364335788145064	0.399580312990839	0.419267805137848	0.366045410891928	0.361707416147123	0.352343746775482	0.365114560165706	0.349502392934003	0.409832001036305	0.361393398488646	0.361735243309392	0.316486794880781	0.400878424406682	0.420619581828393	0.424220483427363	0.345754713250555	0.378049445462624	0.347306370891989	0.370551435848037	0.441101698490425	0.35271784296205	0.397659942411489	0.36642164533983	0.369091381434789	0.387910299720832	0.406338375738448	0.348211448713295	0.341395393728457	0.386456705400927	0.353485131316004	0.32268311118763	0.338441755311258	0.402130830095904	0.396790780581568	0.408900201460649	0.366419995100079	0.409085917670093	0.357709350268751	0.345654556401044	0.385085390433382	0.354725131646325	0.355710259085488	0.364916042147123	0.306346449997299	0.271528574856617	0.385039382040823	0.42613526030567	0.40584010514212	0.352810886295391	0.389669105116149	0.405870526358447	0.410052391839193	0.361991396673652	0.441957302483251	0.384132877229519	0.433242282180723	0.35127387652124	0.386161299872052	0.386251436757146	0.38900456495996	0.375168569814858	0.352574081589774	0.336934849349558	0.387070075358705	0.355917628855826	0.39611443981469	0.367139709913935	0.34580369551975	0.418362412744882	0.354552260470221
"X90391"	0.435307548771451	0.442241113782338	0.328411376344503	0.414287466472846	0.327858659129016	0.348157931610758	0.352483419682085	0.389629393502046	0.343083362437262	0.356395505509902	0.343301512259451	0.378662491294512	0.356534616829214	0	0.370362100329304	0.405234122513913	0.418405667253246	0.396445893974962	0.358823679292595	0.421885159859554	0.333524087105269	0.391541540744609	0.365409207202108	0.379718477782725	0.377723546197325	0.390726526231751	0.308734222107106	0.376985885843183	0.417825429045087	0.3561157166094	0.375635880376231	0.406788540540279	0.417350654083553	0.398479166551266	0.379241044790124	0.408478000850905	0.409748036942548	0.384551845738335	0.411886097617701	0.365536206510037	0.373086739348903	0.4586185520461	0.390330475786839	0.306412674204538	0.361411987396227	0.366624254972346	0.345682180494968	0.422563481454442	0.401725974761818	0.375320983420977	0.346242124932235	0.439100681750214	0.418976819772199	0.404610871955867	0.356343180514593	0.406162722594092	0.368788066412749	0.381661891214471	0.463366193139134	0.395670100299753	0.34197441470145	0.386972180556904	0.379725416604642	0.353868076830267	0.430530372649549	0.365854103024872	0.378405101024932	0.402870410065457	0.368410553927499	0.325272880458994	0.367381670024352	0.399652404461491	0.40630668353528	0.418326326846809	0.40325722053694	0.437345944795235	0.36719492770653	0.358298899631861	0.40795416220107	0.362216763976542	0.36028294226616	0.371877838436073	0.346411905101012	0.334206620234976	0.391698154814496	0.454704349815426	0.413003353420576	0.351278659743067	0.399018595529924	0.385990439639244	0.395936932946248	0.372117361765383	0.427935189985236	0.399855344129744	0.454172822496865	0.379725661897348	0.395690636081526	0.395634812761883	0.376982407775749	0.383399752975726	0.388836837035537	0.345377051843687	0.390428442503911	0.365663760974118	0.38934837476422	0.37664115016441	0.310010949611353	0.447764256331491	0.316788648246537
"X90581"	0.473035476287703	0.460680995906973	0.417183274632977	0.43572501823049	0.34918852833802	0.42762695097783	0.373623356466044	0.410903932000837	0.37416884365092	0.381644989765428	0.373111212361678	0.388953563408685	0.343799856909625	0.370362100329304	0	0.426163305108809	0.394357656077007	0.386016789122002	0.380005867934789	0.428809698447226	0.401626641421515	0.436022220449874	0.391256991282559	0.432156565753547	0.396174629979806	0.411695704827047	0.360394848289931	0.397915068438078	0.438775766706621	0.365954092385593	0.402296163796119	0.39267410606013	0.438332645239648	0.396001220701844	0.419983306484474	0.4294071834458	0.461482963935851	0.439859663869614	0.424213773864154	0.395881159980452	0.441042336403258	0.479547734640996	0.425484981047762	0.392451583964321	0.38004128920413	0.412153135469587	0.36493763879383	0.429756231770182	0.382528911232713	0.349372233849269	0.367259806662253	0.457831210306256	0.452305255642525	0.453064955539458	0.374811674123878	0.387979386059119	0.387316447672506	0.376146953761294	0.486910901760593	0.307519137968406	0.417732226285479	0.40541206268154	0.399002446390233	0.430023401533319	0.433424992849646	0.386148813210284	0.385255424978844	0.410120403276374	0.408453765212973	0.361662631322287	0.403433477557231	0.44126478160597	0.427322459637537	0.439644369277847	0.424186403131835	0.456038832967169	0.3854068926974	0.377053783004046	0.429136350843264	0.404426611334683	0.377550836914619	0.382168910550246	0.307857047224695	0.371788110653451	0.414109478223413	0.4739135566126	0.422646493224833	0.365780790496064	0.357064762930523	0.41359324398483	0.439553789404414	0.410220451823561	0.469161846393135	0.389105167251642	0.448373515291742	0.386576256548047	0.416692978928021	0.402675926572443	0.39427566882275	0.389578701151918	0.399379756854219	0.366470741350758	0.417601754414673	0.386661796673023	0.423038511147491	0.395245539201222	0.395117813937883	0.468922935765124	0.395009192547979
"X90696"	0.477523011070485	0.444763172438536	0.434712389370274	0.428936073087903	0.378168653557078	0.431533621934783	0.363471834597448	0.428989792231342	0.348211529478197	0.401960525758331	0.354512137070319	0.423114761182248	0.398199607098036	0.405234122513913	0.426163305108809	0	0.460195035200386	0.423135089207818	0.374043298321687	0.46143779527625	0.431287446287172	0.455067893503806	0.4212802271269	0.453313614820001	0.400450719758801	0.430171795070499	0.388691340756018	0.401485173260922	0.440974373305874	0.397978262370425	0.437599215699968	0.461419125109548	0.429067691826222	0.414759101372389	0.423886516924952	0.414958372447925	0.464969064577876	0.444647927763986	0.4161062276628	0.42996291466574	0.443628060408008	0.475287442709689	0.444538842734097	0.409401331295943	0.400069577199383	0.44442382638008	0.398246500516798	0.474128069520939	0.425800946911617	0.431263286553242	0.385738696962294	0.453452264033674	0.466783625089105	0.476115407176463	0.391540902261536	0.432318983597056	0.409405797670531	0.383894414002447	0.509272937070499	0.434860983994135	0.462289057664909	0.398074984164124	0.428536858407849	0.449368905612416	0.471125261043762	0.407435883124831	0.418069279880059	0.443974373026276	0.43280006954414	0.390584931793185	0.422725909081317	0.452692060927769	0.446765303551375	0.436550489430687	0.397541930284296	0.445865341095461	0.406977986220137	0.39851236228801	0.448579194757102	0.415675198702581	0.405228351538252	0.415384841309795	0.391490368002908	0.391639151491381	0.447942232164834	0.483414687185412	0.440726401019404	0.402589462562701	0.423172866632249	0.406698223354222	0.461947315588293	0.44377048497807	0.484531504920768	0.410093990879906	0.495916162305804	0.40267156506706	0.424614633177802	0.436225959726952	0.439934402191617	0.425143092784665	0.430580176844476	0.386909372319365	0.437044598328512	0.405392324296947	0.438481787500454	0.398954134196672	0.416781814770864	0.473151429110878	0.414138021638064
"X91670"	0.49025561145437	0.469550206849215	0.435571250756316	0.439463708114358	0.388579071217055	0.386009706679926	0.40259126939124	0.440037603912222	0.419910576850063	0.41651371113223	0.40596856626762	0.433543930716312	0.38016370662309	0.418405667253246	0.394357656077007	0.460195035200386	0	0.451711030201816	0.408842903289903	0.470122779566886	0.440855733236267	0.440818092416345	0.395302226828518	0.45779154227818	0.428949703159386	0.427953752878209	0.380646955106406	0.420556339430454	0.467933278754242	0.410535163553654	0.397289277078784	0.367309077385789	0.468106185263892	0.3954002508785	0.449161973598733	0.458585850560059	0.49066163105011	0.462329553388385	0.386044479087915	0.438597750523883	0.469903883099046	0.49530934881685	0.427418272208332	0.42163025107858	0.380950146536212	0.369660449560999	0.409398710730058	0.477528107990768	0.456465203619304	0.440813124669959	0.394963454526609	0.45207155621835	0.480606677076777	0.485546173497892	0.407569337476654	0.457300253844305	0.391398959229681	0.398027457575966	0.518573222578624	0.449761986193947	0.461399137387498	0.438198337518966	0.438049036962404	0.459024943800609	0.477498724795024	0.417080259986933	0.389905771614455	0.433242165442648	0.426471820405054	0.382982900319594	0.384051805965559	0.474690231460577	0.366937384849712	0.468721945124836	0.359716578446068	0.464566412150265	0.417302777415685	0.398914284062577	0.446082792537628	0.430550855914618	0.415376116677133	0.426759277857873	0.356816774493378	0.347000321066467	0.451502453554619	0.436916030380011	0.463430438248803	0.41260025931226	0.449074634714043	0.454828760684561	0.458018153645649	0.437334671675517	0.473936483258254	0.41823740825694	0.47165510099394	0.419749566940037	0.435984837248324	0.445742662471038	0.433513487579926	0.423372720712224	0.377129498575334	0.39629397853484	0.446508159051748	0.415413293509341	0.455503034006305	0.415908775178879	0.415799954225349	0.497872106040646	0.424065161781231
"X92614"	0.474150671325262	0.444268504922581	0.420645352050632	0.42837699360229	0.373813132977962	0.427566076221424	0.375002809298465	0.410592633386328	0.363851749358006	0.401151729430215	0.399204953975102	0.392644216115131	0.373483202229546	0.396445893974962	0.386016789122002	0.423135089207818	0.451711030201816	0	0.383127480963178	0.448735414073857	0.41275893842892	0.438743107645264	0.404198392590655	0.447469397599066	0.394631972119026	0.382297408518843	0.377567106251996	0.383017124928309	0.441536018987301	0.38048403712585	0.396016434753851	0.428792414280522	0.439527264239937	0.420049630647563	0.40775834927671	0.387832761234616	0.461341455652896	0.430147485603956	0.431848977080045	0.375529140387789	0.430860132371134	0.478981962739032	0.424797527969851	0.3909491437398	0.383756725729702	0.412808094695954	0.365725463768419	0.42345385951867	0.40757711066763	0.412943967829222	0.366307650057303	0.464064351497021	0.420094810826736	0.431394322734442	0.36475045739373	0.383657540135783	0.380789572153441	0.383892439059691	0.488931902520844	0.394564119355564	0.409640049397122	0.405663581875518	0.397953897583148	0.430360329850873	0.431555288898407	0.386685491417141	0.394859855101691	0.411310850332581	0.409481259965245	0.362929824002247	0.40429498760157	0.438036676113628	0.427746304739879	0.440658473048136	0.424424944630724	0.451723987014902	0.380374739148858	0.355192013004273	0.42997785240852	0.383543531630589	0.377520680691601	0.372819599609516	0.339472961771769	0.371151366296254	0.422090524625392	0.470509794839432	0.391062008177717	0.384340840533063	0.379331654077254	0.437711465736431	0.438631026128425	0.425267844497265	0.468675477944307	0.429944452450534	0.4608036574938	0.400916743039566	0.413961693965535	0.417679190394338	0.381971584469564	0.404378209723482	0.391778255241954	0.367421429476141	0.418444686975049	0.387349821432641	0.420890304912544	0.389382182070925	0.394843403522731	0.469808633963946	0.396001689704531
"X93048"	0.396859861382507	0.409891153856779	0.357673004283233	0.391266369390947	0.331846709470882	0.362626477470613	0.302121684162554	0.361580093669618	0.332489543547547	0.357637617782295	0.331832963515217	0.3679934489165	0.329445344914547	0.358823679292595	0.380005867934789	0.374043298321687	0.408842903289903	0.383127480963178	0	0.394607639889734	0.372467907974368	0.380166904424646	0.359603801135093	0.356820652953874	0.328302069478704	0.349454850594031	0.306140767750681	0.358739233021085	0.369358795101609	0.345543643954683	0.385725506726727	0.389414088922578	0.3855213286823	0.3737838978584	0.380807471067481	0.390231348028807	0.42172211145586	0.376049481298699	0.357069416362824	0.358917649630637	0.394808073617301	0.408905139260678	0.372078945254711	0.314656782432641	0.34346569527515	0.385543679842313	0.340288167750642	0.403767089944007	0.3841891324606	0.349587144651866	0.261360750350511	0.394442655042635	0.403152934102402	0.416395221154691	0.338458794497238	0.385223000865112	0.351395425033114	0.348193624036005	0.44365701307135	0.370840848292221	0.403939120444399	0.342976658538567	0.362143981207191	0.378221690631987	0.412283719827451	0.339962916506336	0.35853926157635	0.325655436969651	0.355179092009477	0.331069104805568	0.364068632028197	0.405957227793822	0.388060030713183	0.400367442593584	0.35514409291312	0.395536226096053	0.348861030421482	0.32928104342378	0.376167540600054	0.327995301065444	0.347009728880809	0.3575416291483	0.330931119983838	0.333266223773092	0.366152219184513	0.431504435757664	0.387014847911851	0.339209926526837	0.380720132182791	0.370891051486888	0.390753270084424	0.36916889360655	0.433465611643054	0.374431807639613	0.412479967694442	0.261240864803498	0.377443983259428	0.353014255935922	0.381286943657943	0.366265645963525	0.371666680463339	0.303563271960452	0.365716791148199	0.339095718724484	0.374711666102755	0.327339911967283	0.328114295096331	0.402702532151272	0.33356102961712
"X93489"	0.477292541909213	0.490964280382387	0.43425980443713	0.462763655557732	0.393703600277689	0.436515009214899	0.327691093066717	0.427357245239828	0.421803345113782	0.417712534986763	0.418742374926377	0.423314306112869	0.408229088440024	0.421885159859554	0.428809698447226	0.46143779527625	0.470122779566886	0.448735414073857	0.394607639889734	0	0.438916562431222	0.455411035763542	0.416779630257457	0.402947575503464	0.403833763392561	0.4319380604008	0.391010245379095	0.417345711698051	0.452954385379858	0.409243686247897	0.437461177022253	0.440133784891009	0.453432599663456	0.4269074054772	0.414646503883918	0.437115377914408	0.463544362973966	0.445100465088746	0.458990832962107	0.41818632752847	0.467504726180868	0.484282632197618	0.443376333089277	0.395784913295138	0.393787746944296	0.451151825155388	0.39471296498166	0.439694563205744	0.423762414132192	0.438689320913837	0.361151728532863	0.472324485057522	0.463793475817169	0.470134646137448	0.385148660905051	0.440245432084219	0.407672481049311	0.428189266662732	0.485405038455503	0.416779342679984	0.436139927526518	0.384145075084413	0.435016561196223	0.419029407160064	0.408301639638943	0.41454460604585	0.384972120434775	0.4196298778035	0.436845887100469	0.397527371269054	0.430321702494721	0.467126627044734	0.446976552144375	0.453881593353528	0.413302055285445	0.480398361983623	0.415279666651961	0.403715241247444	0.452092848487178	0.378962181798637	0.412573463257634	0.422433084659767	0.395585000414505	0.38092300818964	0.378384972030949	0.489121302438084	0.458059144404881	0.405541319126927	0.440628877882958	0.432309170917276	0.445791783166301	0.437361634384249	0.499527618866461	0.455504934165221	0.490584392572847	0.409763646742877	0.443731616255263	0.429817109133132	0.433816476665785	0.42865674651474	0.438175970257879	0.394505165732769	0.422005156531549	0.350992711072488	0.42481928907384	0.425184672040567	0.423402855867234	0.495961573092366	0.399098579841102
