Var	PC1	PC2	PC3	PC4	PC5	PC6	PC7	PC8	PC9	PC10	PC11	PC12	PC13	PC14	PC15	PC16	PC17	PC18	PC19	PC20	PC21	PC22	PC23	PC24	PC25	PC26	PC27	PC28	PC29	PC30
F_CITMLB	-0.0415268310561029	0.283579539894029	-0.144331072712969	0.175949434824889	-0.0446772939993749	0.149852271015076	-0.106793927498814	0.166224852349351	0.103193099163454	0.213655301459959	0.0521862515586253	-0.378121391836149	-0.178193778255262	0.359630803485965	0.112523521699821	0.1154815437961	-0.347116916864969	-0.0812184445990231	-0.141156435762904	-0.0658666799009313	0.103073695926775	0.299407233589638	0.10574741871567	-0.113600845507642	-0.138689106620136	0.11387382056294	0.0323514860554882	-0.0456148737839552	0	-0.320099496312386
F_OTHER	-0.170689698228022	0.352371257338854	-0.1155603449721	0.210739790638996	0.128079567913415	-0.0613040721192441	0.046090079084718	-0.0789211673598349	0.185391268284993	-0.0432036222923841	-0.0871989755181225	0.219492166304961	-0.179905134608741	-0.247470459995828	-0.0171705505188607	0.0537193728218025	0.0993048200969596	0.347868430833899	0.00275551738019485	-0.0575059754166699	-0.137327567974777	0.00240020741829616	-0.404381625474109	0.1620521610072	0.10837440107588	0.0216505619128685	0.025765019008021	0.011654398829308	5.04270718010706e-17	-0.464501627969308
F_JUICE	-0.125563636249186	0.0258399969840006	-0.0296216263497737	0.255472650904134	0.161435841546723	0.244605375185437	0.0552610077157707	0.239523178525715	-0.420837375500941	-0.165391951428224	0.247331255312974	0.0178792902868527	0.26602690802064	0.00861924086221673	-0.360211077942088	-0.115656297957383	0.145943460531139	-0.0934001840750564	0.101619624246635	0.118211373847387	-0.0233102269606405	-0.0804398194196462	0.246357658827988	-0.0524148546922134	0.100260387632924	-0.0464148911619976	-0.0281362429141497	-0.00224346778152957	-8.95451453741902e-17	-0.391662866507719
F_TOTAL	-0.195017420208775	0.363975067132505	-0.153364834085688	0.349802702051487	0.14915576016871	0.158612744987508	0.0121997433105462	0.151826579827602	-0.0628424141618791	-0.0226375323668245	0.100525255043107	-0.016617754433167	-0.0500941127159093	0.00487422452014291	-0.155508704382396	0.0228644687079832	-0.0107636967329594	0.136204313629251	-0.00564529201037858	-0.00205876636736241	-0.054925197168185	0.0900402578910015	-0.079099687933892	0.0252870010523907	0.0622017093080031	0.0389722411286486	0.0155506409332954	-0.0138486426242826	1.47343221908108e-16	0.726893904963699
V_DRKGR	-0.143916405944122	0.283528343387387	-0.00185051274691952	0.18291173663576	0.0516192272177463	0.000335145526135642	-0.11805322885235	-0.295545135382729	0.293558476130162	-0.187149524601525	0.0115929858509155	0.102926452906412	0.0804798956130083	-0.0913846389091691	0.237374178421337	0.272549643375419	0.129706246158002	-0.276793793015356	0.181139830170946	-0.120283898901481	0.115330123639436	-0.210734944368073	0.431390876597397	-0.088162111848394	-0.0238364925906527	-0.187395431250265	-0.00111255410366225	-0.236892353241853	-3.2401358896071e-17	1.33573707650214e-16
V_REDOR_TOTAL	-0.274323560381172	0.0430067295842783	0.153303842454264	-0.211687526802305	0.0223995088190796	0.359580729494847	-0.190458762315273	-0.196304343116775	0.00440190940181395	-0.142746787688479	-0.0583366485518734	-0.0947967317380518	0.0367913532762052	-0.0850279964372	0.0162694489737469	-0.276640010103026	0.0411969956804728	-0.0733739904066072	0.147118152323861	0.284615401801215	-0.0701796552390404	0.252422384708136	-0.280087200853068	-0.149543077186706	-0.351557353100868	-0.136147277543599	0.181595195349168	-0.278423589677244	3.27023203289195e-16	-3.38271077815477e-17
V_REDOR_OTHER	-0.175083393626517	0.19396425560984	0.18225310040476	-0.295727467197405	-0.214912086397805	0.163828262013788	-0.070131890097061	-0.0890351479953959	0.022351200898865	0.0323268537010372	-0.0734324346908473	-0.38890679753076	0.173834866046688	0.0321024394981074	-0.0435859337610011	0.153154919960227	0.0802233671535372	0.0549152979616389	-0.0380720140376585	0.0371889573895351	-0.346861585740678	0.0378354051720059	0.109617426009854	0.37788619389885	0.399506590050645	-0.0654362524240577	-0.239456525179641	0.0178923204526607	-1.20772746824214e-16	-9.54097911787244e-17
V_STARCHY_TOTAL	-0.120687275688986	-0.0271851094630487	0.232908917410047	-0.123925337363712	0.407111363710819	-0.185025370847544	0.395307390485016	0.0558009232578346	-0.0463985074016084	0.0690186060127702	0.110547100284843	-0.0185279506894173	-0.04405899847852	0.15158801784933	-0.0125791265499127	0.0609795963751889	0.089767785610327	-0.123417300184871	-0.27941632388181	-0.127177303532197	-0.0126937252186264	0.0221930304906428	-0.0520127196898139	0.217443602440975	-0.0798068902067026	0.0722323485007407	-0.0290796965848385	-0.571706173625835	-2.94771034158668e-16	1.23165366794353e-16
V_STARCHY_OTHER	-0.0568663177400343	0.119929709467806	0.150033671593504	-0.27842883448716	0.308994319713831	-0.0591355128830551	0.0622165224719468	0.0845257316153171	0.0476666236806919	0.301343996869116	0.0150600803344058	0.12193295361247	0.121927104943031	0.144159628695453	0.0653055698108613	0.12244593446539	-0.03489122686592	0.549571569452351	0.341754154066094	0.214236247857408	0.0430757280436339	0.0257845989282707	0.26321665932641	-0.237886893319975	-0.0716627438131165	-0.0291881361872259	-0.0819059608315475	0.0474400748551467	8.44512084825029e-17	-7.13405029495462e-17
V_TOTAL	-0.316442371659074	0.123715402730343	0.274541703007019	-0.16248303679357	0.289962571235988	0.0915475491788453	0.127493990773987	-0.0865593377032454	0.0771749851681927	-0.083462091462449	0.0799732947913453	-0.0193006470366496	0.0838643171778614	0.0152416646039416	0.0512452567199139	-0.0284644595124433	0.000638958957924437	-0.224267993467407	-0.117134045059737	-0.206501652643072	0.151630727843195	-0.0516072392039956	-0.0571494520950402	0.0296144923715804	-0.142313541474036	0.194025650291314	0.0636874156984652	0.661644222208644	-1.65468298299223e-16	1.43982048506075e-16
PF_LEGUMES	-0.0303629627684313	0.0277194734777604	0.0563159174568446	-0.183899649130503	0.129384758794707	-0.058016512549958	-0.564327676241769	0.274886427220722	0.0976982398318026	-0.150070911076585	0.0910848495906453	0.0219550316304711	0.0297414078379564	-0.0886504225611718	-0.101571731664613	-0.0816496274979934	-0.170562918998088	0.162394234413399	-0.329591006819846	-0.22016675015754	-0.258607930204157	-0.375446612510796	0.0679302095306179	-0.131282657893362	-0.138960008261976	0.0788172148090955	-0.00120464534570413	-0.113288757675215	1.34397140093166e-17	-5.01443504774546e-17
G_WHOLE	-0.216048661739828	0.00706648417221659	-0.0378514040488111	-0.149664845889063	-0.252207867209884	0.0304097888268891	0.0919741521485392	-0.104457463792808	0.0599516838941642	-0.0536448513941385	-0.00345144697634297	0.601011666324138	-0.0357853128071092	0.0677112390244991	-0.281669068437129	0.144859063385106	-0.196771850780867	-0.0766227479855582	-0.313445316353725	0.0792115152288408	-0.165258186067649	0.354228843797129	0.22478397507056	-0.11259281601875	0.000177537091109799	0.0211273802058251	-0.0757477782880512	0.0189887453628642	-2.11951397782975e-16	2.22044604925031e-16
G_TOTAL	-0.314667725004807	-0.203656194386244	-0.143624886545894	-0.104022252539045	-0.0746883984924763	0.22261878015485	-0.172928020771328	-0.0233469914056391	-0.0560715029015821	-0.121667909834943	-0.0421768991593407	0.181485729952129	-0.0126445304668173	0.214909867272109	0.115463558228537	-0.0616212916035587	-0.135979051082168	0.20437334062845	0.0887364282194759	-0.0431030471009621	0.478034553501159	-0.132766825537005	0.0324226069116185	0.347172153201233	0.231082301869767	0.29372106408818	0.140980894715716	-0.17050947718348	2.63531972822619e-17	-5.20417042793042e-18
PF_MEAT	-0.0236825847772141	-0.122218691468503	-0.000527113290163844	-0.0264426994971351	-0.0560235774557442	0.40437188642471	0.170041857913853	0.25830914717677	0.478948195486421	0.352794886063448	0.13630010291576	0.0830624215657948	0.0221170672609787	-0.14791351602851	-0.0646631949886416	-0.0916292924706712	0.0148116073961867	-0.145371148797822	-0.0124616192369494	0.0131782383886737	0.0684315564611127	-0.198485737349435	-0.109886508995813	-0.111209905064622	0.168632056248364	-0.0713009006180488	-0.088075994284857	-0.0662655127857653	-0.413955610257011	-3.37837396946483e-16
PF_CUREDMEAT	-0.095759339524426	-0.225158785955123	0.074163716873576	0.172901914193585	0.176843285907132	-0.318454651719787	0.0064207240050156	0.0175799641279664	0.335453672329485	-0.287403118641013	-0.0263909317821059	-0.144993064965186	0.0501308194022717	-0.0494539697380847	-0.114876630539521	-0.216693231678427	-0.289884457535377	-0.0518276306966527	0.326867465514009	0.0457128642662499	-0.207779082973387	0.262740522093823	0.135252265051112	0.038847294858408	0.162094904482504	0.266717832151726	0.00181813617677285	-0.0170710783751631	-0.253721412308171	4.33680868994202e-17
PF_ORGAN	0.0330522686685358	0.0118425927184901	0.0325560217212201	-0.157080333964341	0.133685905839926	-0.148301391635231	-0.445275455776997	0.364632487802022	0.0161006059000486	0.11473421531644	0.0601909630357463	0.160056238836922	-0.244067853955648	-0.02505303796396	-0.095776085586729	0.219889560315277	0.348166648258516	-0.30229081850709	0.216261554098458	0.0645865790749688	0.117002954226523	0.308914950328298	-0.0423597994400817	0.242716291248752	0.0203259108569674	-0.0290042366317568	0.00640002417464538	0.0659896745225369	-0.0504141144774449	-8.15591084252221e-17
PF_POULT	-0.148767556140278	-0.0234474648997286	0.281271656808593	0.0272463157769899	-0.329651326088463	-0.0457723099176158	0.121062588211678	0.126328210061826	-0.128858356725336	-0.161741764245398	-0.233577323229126	-0.207367729175139	-0.168292255611082	-0.161794580406024	-0.301966544304786	0.339278730999847	0.108430967006906	0.19932521327527	0.071659603504305	-0.18952936823893	0.207737352869224	-0.0416278868911554	0.0400319185105922	-0.135890852103241	-0.23669291111894	0.0890835109136165	0.0690871078526918	-0.0569396594602531	-0.354243698582164	1.13624387676481e-16
PF_SEAFD_HI	0.0890095900446916	-0.0358386174977821	0.0895423453793565	0.232669577611578	0.0338606986239374	-0.120151134106823	-0.216934662385806	-0.268223656013865	0.251580963212162	0.059294010978615	-0.104667377429401	-0.00804165713923786	0.298780378385533	0.517425978204212	-0.392413646166327	0.0864525056911971	0.198924271900761	0.0360643348269465	-0.14510623338526	0.204611019297469	0.118405524342382	-0.125405415448238	-0.213512654557304	0.0227217703802512	-0.0751188359432683	-0.00811885289633949	-0.0169894620742944	0.0343108778395535	-0.10461361541616	9.21571846612679e-18
PF_SEAFD_LOW	0.0965793580420689	-0.0705258540527572	0.198073330228598	0.183931784462685	0.100859696180383	0.102924608050527	-0.251950521830684	-0.3973417403599	-0.241940843653542	0.363499914388927	0.0779139211473348	0.0907856113414021	-0.02195891011752	-0.0831168404419913	0.00638541465474529	-0.217255167623843	0.0507809432293719	0.132653648138569	-0.0423539564655088	-0.432557781775628	-0.0368980890825451	0.248534721878359	0.15438803797381	0.0594056759314441	0.0501984253671447	-0.0386189515618962	0.0224384810092759	-0.0164621998627696	-0.326405115432542	4.33680868994202e-17
PF_TOTAL	-0.206434328056339	-0.244357942580945	0.296240843196625	0.292539838764318	-0.114009219184327	0.0654700775840561	-0.0524091625107025	0.0369334512238185	0.163660600004914	0.352022609849963	-0.0831398116571805	-0.0148818561114557	-0.0415386217790163	-0.174410881386549	-0.15793739955494	-0.00352403977374961	0.0205718604221255	-0.0212355831643797	0.105235616310744	-0.0639577209156808	-0.0432648241666641	-0.0366833131074579	0.0611393422604202	-0.00219798573486923	-0.0599594906500608	0.185529423567419	-0.0464443933898698	-0.0509390214111239	0.649794709604118	-2.91433543964104e-16
PF_EGGS	-0.0954178833431479	-0.242518380821263	0.105556185150307	0.145536899229069	0.188492059154827	0.129679947668969	-0.10233070802892	-0.23323169711056	-0.168521654096143	-0.0263485251917264	0.107587334657126	-0.0512577925046345	-0.514533858648568	0.0238771474885965	0.148887778675262	0.253526262132437	-0.00446181920632108	-0.0326124743725796	-0.109610995495044	0.421588955953039	-0.169041100332761	-0.210415646747157	0.00214756067332926	-0.142925005945689	0.109895296821794	0.172000397139305	-0.191743673111804	0.0678760951686889	-0.142607387382758	-1.86482773667507e-16
PF_SOY	-0.105208294208293	0.12049894921626	0.148267549360084	-0.00370634992762685	-0.332986565953531	-0.098527087202084	0.088064616662496	0.0281392040275478	-0.0213190057151918	-0.00884588561633089	0.302145748240254	0.154973581522212	-0.301693923046826	0.466399138852251	0.0230793381556042	-0.240764925858175	0.0468213654257252	-0.0421346869144442	0.365359726775517	-0.178794685469831	-0.285871151567977	-0.244619458645291	-0.0688415080867133	0.058354521255047	-0.122633185621963	-0.0692824733109695	-0.00288253608384876	0.0223600213335647	-0.0302407910139144	3.29597460435593e-17
PF_NUTSDS	-0.26627895325517	0.0523328242023671	-0.0763236912866485	0.183766255274156	-0.142143908840633	-0.207398726213694	-0.0351717234474586	0.144489384987474	-0.199981480684656	0.314588475270072	-0.229645692568464	0.116474979578466	0.296941192505285	-0.0928954761254371	0.299337458922304	-0.0279109360141208	-0.0486331627076328	-0.134822789774652	-0.0440810016070157	0.256388191902273	-0.185175890654112	-0.144932637263608	0.045828871701202	0.246050569084001	-0.319163831893355	0.157922298790743	0.0105964994100773	0.0252752154098405	-0.274348631911336	7.80625564189563e-17
D_MILK	-0.175396023193575	0.0150298369093351	-0.371431841123662	-0.246912132662619	0.0304462218372113	-0.167487574731175	0.0200883342712548	-0.220242970412867	-0.0749838265668728	0.300993661832407	0.0537228450346572	-0.150528930761585	-0.0189170081423888	-0.0419494950638147	-0.255125099422064	0.107113229242269	0.0789218897760441	-0.151498660885485	0.0996259362615717	-0.0491628467809267	-0.162408623649767	-0.143758956295869	-0.00217144399016743	-0.223523064521936	0.182519800393432	0.196619012894786	0.529157789875718	-0.0351460734097572	-1.45798442499777e-16	8.67361737988404e-19
D_YOGURT	-0.167967912619576	0.112681066482837	0.109783526026937	0.0385892367873158	-0.255324351799572	-0.311682747511353	-0.0218195346082365	0.0321662178301679	0.116591862577609	-0.00445843647572827	0.330314624379355	-0.125856196291601	-0.0552929739538637	-0.102676778112778	0.150451077795428	-0.343152868687099	0.367088410608342	0.162614537066843	-0.329899503531475	0.249689112511317	0.236344621769848	0.114978304393827	0.170358154288935	-0.147299004973952	0.156406620271195	0.0677825620834785	0.0887332891845335	0.00677846401108488	4.76520279524088e-17	5.42101086242752e-18
D_TOTAL	-0.277256319134266	-0.0826813650101845	-0.407462188510581	-0.125696025482138	-0.0105332366982013	-0.174237209807085	-0.051994076028256	-0.168744350701655	-0.043439389040079	0.0652933255826919	0.169876761752149	-0.136748107357082	0.030285973041136	-0.0938012621528456	-0.130893391805104	-0.0607374197543314	0.0335172648748364	-0.0205018212316552	0.0997876331186738	-0.151022613624085	0.167461840573375	0.0199888194699385	-0.125025614121183	-0.0893290363319189	-0.192780796310898	0.0185748989491826	-0.681069858067592	-0.0290683202149843	3.65243641051452e-17	4.90059381963448e-17
OILS	-0.368209136678151	-0.0886378960683284	0.161841273841149	0.0870323625793636	0.0395691098821958	-0.229920056576307	-0.0928933656414089	0.149573741254435	-0.177115323639573	0.0457073040675193	-0.243842841614336	0.0295905616469294	0.0538132176854972	0.137067373659965	0.138668636434986	0.00485278825778662	-0.168529129835153	-0.110979242329035	-0.0285599012841044	-0.115965090703392	0.0821776195534191	0.0106226005622851	-0.246478621321839	-0.341531369323383	0.408040686024505	-0.443320377612257	-0.019085966289942	-0.000224018734041126	6.58742655952895e-17	-1.00180280737661e-16
SOLID_FATS	-0.238745500813046	-0.377364811537573	-0.189398359721575	0.0832343745724437	0.063783886005083	-0.0265965721474433	0.0432011836862406	0.00645714587413652	0.144626292715764	-0.0026824886510177	0.216603340558096	-0.147419518177307	-0.0828250784777317	-0.0161215019208369	-0.0381525985941786	0.132413418378748	-0.0527538443889478	0.209078326827911	-0.103910622172511	0.0136910697537045	-0.0670874113774154	0.0271635099354641	0.144525750647422	0.313385874676309	-0.228793935310216	-0.56283838440336	0.242143999680127	0.160762532477245	-2.66045285433008e-17	4.9439619065339e-17
ADD_SUGARS	-0.0891977622831436	-0.299620549885476	-0.182356140280709	0.0705180371020425	-0.0068553100061606	0.177053188838234	0.0262007626841042	0.14463056808501	0.0802909018608385	-0.150083165690355	-0.047898507059248	0.0166962938195707	0.193896461175012	0.219596459992303	0.337046764603388	0.167313399432133	0.478371459937745	0.129358177371463	-0.0326707109164931	-0.260801969728219	-0.303013290442641	0.214637221610901	-0.0467564529947227	-0.234158600291478	-0.0185225214970532	0.204971904171047	0.0036963417447694	0.0125457190210533	1.36897875889896e-18	-9.8879238130678e-17
A_DRINKS	0.0623973182844906	-0.03911966604945	0.19063153270096	0.0520415470497019	-0.170055590768386	-0.0659362310322098	-0.0742876337483705	-0.0508678283301378	-0.0669918942264478	-0.0153122383366845	0.611566916186273	0.0428846544317332	0.346976984271175	-0.137135359477607	0.128095652143083	0.411887296858777	-0.247364273399735	0.0256953558517068	0.0937730454761141	0.0108904252768811	0.0285300774261962	0.087010792454876	-0.328753929104332	-0.017940378822621	0.0291666078702587	0.0952695233398418	0.0809568959730218	-0.0655159795714518	-1.08097207494829e-16	2.51534904016637e-17
