"GRMS"	"KCAL"	"PROT"	"CARB"	"SUGR"	"FIBE"	"TFAT"	"SFAT"	"MFAT"	"PFAT"	"CHOL"	"ATOC"	"ATOA"	"RET"	"VARA"	"ACAR"	"BCAR"	"CRYP"	"LYCO"	"LZ"	"VB1"	"VB2"	"NIAC"	"VB6"	"FOLA"	"FA"	"FF"	"FDFE"	"CHL"	"VB12"	"B12A"	"VC"	"VD"	"VK"	"CALC"	"PHOS"	"MAGN"	"IRON"	"ZINC"	"COPP"	"SODI"	"POTA"	"SELE"	"CAFF"	"THEO"	"ALCO"	"MOIS"	"S040"	"S060"	"S080"	"S100"	"S120"	"S140"	"S160"	"S180"	"M161"	"M181"	"M201"	"M221"	"P182"	"P183"	"P184"	"P204"	"P205"	"P225"	"P226"	"NoOfItems"
1	0.519550584532213	0.510799623756864	0.461187823843183	0.326841519142809	0.431542309154197	0.362956985448267	0.3162096410073	0.357573647075862	0.297702478277273	0.275120935611307	0.34479437556894	0.118169983958829	0.15705199965015	0.221598654829151	0.117655234411291	0.179947406654586	0.0752735967049031	0.224258233610742	0.15091692236377	0.42155864064683	0.472290291255153	0.440349553757813	0.403543464944745	0.417842473890767	0.156387295444837	0.48445765874573	0.352943993335061	0.485700569412817	0.221167496054257	0.150463727464687	0.236661005193245	0.243512924976315	0.184776012047747	0.473086457328203	0.529964615508206	0.611905375463056	0.373776319878586	0.415869450413547	0.361758209116623	0.474749192951761	0.595098719246037	0.456497522314579	0.331067555463323	0.0801322608682131	0.244599376315324	0.994870034397711	0.21455733577749	0.221527575091207	0.173580591089435	0.220221178683174	0.0711705613446141	0.251594788591966	0.335787461228312	0.30303469820794	0.282118661079523	0.355406980842614	0.254342746896501	0.0701764933142809	0.288277165051553	0.289166687734577	0.0893568410352593	0.263693517351855	0.129968580457641	0.201127933878015	0.146806025066626	0.328254971951338
0.519550584532213	1	0.772813569017405	0.886325740457897	0.6515539050693	0.559938238338188	0.882505829390321	0.79948903389012	0.831256407136298	0.751779423395109	0.526853346052043	0.524545628293351	0.0734249677328576	0.189518316329002	0.211874916062062	0.0446188748183208	0.107151983380174	0.0535732463497856	0.244944026014254	0.107180264747741	0.69338933557564	0.624228373820703	0.634574658261537	0.47251248870158	0.579394666059937	0.37641951363653	0.507939552354637	0.542617872236604	0.659514238003429	0.228419305724231	0.151634248582541	0.250503464562003	0.238675538558803	0.179424215236897	0.635265089530338	0.838317757439664	0.672973780535201	0.631536813439429	0.569747166584987	0.337645992061703	0.806874286703808	0.720720315112031	0.733034565484221	0.206013088841514	0.232662038288088	0.200948012627566	0.431722351863995	0.513979069926175	0.522498246724255	0.447705221778678	0.548672901745579	0.289343399931941	0.61779442045859	0.833107416854748	0.786111366143206	0.650912967284306	0.828936769276219	0.522983753413105	0.106314849761068	0.748147810703732	0.647957827281473	0.0739638176144806	0.480031770448376	0.0717003325746622	0.213762004507851	0.0846734727133162	0.380276820603047
0.510799623756864	0.772813569017405	1	0.565853441031277	0.320055389873498	0.503063961533058	0.677712086811382	0.601740011113863	0.671612552363267	0.526662091345087	0.654017171097838	0.470317788999471	0.13459463916842	0.218586110654868	0.256946079519895	0.068983005886211	0.149912645052834	0.0507705545089971	0.216909546229963	0.140110203116721	0.655688954947409	0.644883117109403	0.718944299787461	0.517926621609718	0.547897762811615	0.306993619720999	0.530215455458489	0.496762734425931	0.811096935634757	0.350822054150379	0.131594900956454	0.254504909484618	0.399971100611469	0.212133396912556	0.588530950054287	0.894851668029894	0.675604266833436	0.583085486938023	0.685769869934854	0.376413021049731	0.792390440151626	0.751731670675849	0.905264526416791	0.123768844277939	0.080427216527643	0.0863639802023952	0.448272531756394	0.351113461327647	0.35975573098128	0.282315038779902	0.374869051767073	0.152104805896527	0.4525320458784	0.64288468913516	0.603551796106903	0.675432610899448	0.658898526902875	0.503499314909568	0.145102993297506	0.512694805624533	0.454396666198181	0.17325094862533	0.611924996226499	0.215549633904559	0.438148274281369	0.271707002557573	0.326103118035264
0.461187823843183	0.886325740457897	0.565853441031277	1	0.818627444965452	0.591352682547875	0.643379911418748	0.584705073063838	0.579220214377182	0.567239487345542	0.295424247751224	0.410892472736434	0.0504864537434457	0.157811074490015	0.201445983469601	0.0954192830037106	0.135915658931228	0.0896214179347115	0.245958465078143	0.0876632799653344	0.657920436453661	0.532608769224016	0.529000473604787	0.433608452132967	0.579470324447354	0.418442398161211	0.465035056128262	0.556883808724927	0.441236561929953	0.154028775615555	0.178578894609357	0.312979083661554	0.197011849185627	0.13665592564915	0.572362074388086	0.689002792665711	0.613659691609531	0.631343747785582	0.437411654698557	0.300210259458697	0.638064873789873	0.65562231423093	0.54374206353737	0.180626726367783	0.25480386200989	0.00311387113355164	0.376491414517745	0.407503270653089	0.417114562011072	0.360330260254969	0.422743916065422	0.227457312836043	0.461726424340472	0.605686461132014	0.564274890763211	0.379892827857398	0.584028182103622	0.316833641108953	0.0535647843871408	0.566716664230179	0.503258935092605	0.0182866571479519	0.251541923599784	-0.00433395389048404	0.0830136757364687	0.00199090723384744	0.339458544812356
0.326841519142809	0.6515539050693	0.320055389873498	0.818627444965452	1	0.257184846374818	0.453861195437448	0.454911698365254	0.381683892113207	0.375236103146247	0.213501630324056	0.234250146135581	0.0599680328100723	0.149051895830514	0.144293009887739	0.00657389243150476	0.036581538473485	0.068578696722213	0.110714242300479	0.0187664076518449	0.356818019670348	0.391146804688191	0.315476931455036	0.308242830047897	0.290358130009282	0.229352079878186	0.212857287884179	0.285531617525396	0.263762651340375	0.125354557437199	0.173493676238539	0.239871794509396	0.192710090796069	0.0505059922253642	0.415582123555503	0.436646580886572	0.333796363972658	0.359245367896458	0.262440484932469	0.136174861157588	0.332239313843493	0.44264163095297	0.272476291152887	0.239510962078065	0.346905219206785	-0.0929926124508411	0.262351037313927	0.385694860747948	0.398158661918698	0.356014254274149	0.38651309122868	0.224094313504816	0.400344976887364	0.449637740622028	0.43565441977396	0.26086345862977	0.385142599103191	0.17322279320254	0.0103469084845119	0.372591319382447	0.35457047848747	-0.019034978989548	0.178528462791424	-0.0412950501757871	0.0307183067513155	-0.028782633325331	0.231593837611666
0.431542309154197	0.559938238338188	0.503063961533058	0.591352682547875	0.257184846374818	1	0.431673115585685	0.29165888156192	0.456291999714669	0.435151814331886	0.118353523926575	0.574316206301398	0.0981731719533581	0.108360860799757	0.307792921582479	0.305913085896046	0.438340124793745	0.182569691831055	0.335002695005949	0.358426102738785	0.557673222130395	0.437394013462861	0.356105429685518	0.363371938355145	0.667501918995349	0.233018391800507	0.790998755704239	0.558301527122575	0.394061600785612	0.0795777635153875	0.111554284139528	0.49752823520016	0.14873059223347	0.422838124432559	0.506107118791039	0.636481507530666	0.82116917577167	0.602623648978373	0.404774325872305	0.444279337746227	0.461891053896713	0.748471760050956	0.417222364553076	0.013163096067492	0.0793629838390212	-0.0233051055135831	0.384262813592318	0.174594941732458	0.168604551719507	0.135034089157211	0.184418005196947	0.0769026532052409	0.196325554033339	0.324892610853627	0.257805711231994	0.217511105976045	0.46581637032232	0.220353239806885	0.088285831788742	0.433001885427924	0.423312066803084	-0.00725438619092917	0.0630873911999669	0.0202159398198664	0.047465976621634	0.0310284484737934	0.451055522532154
0.362956985448267	0.882505829390321	0.677712086811382	0.643379911418748	0.453861195437448	0.431673115585685	1	0.905887791135265	0.962667988745113	0.849991702983141	0.574407817095626	0.555315119053368	0.0747570774096261	0.180092434893759	0.174648754572959	-0.0168067191885127	0.0508984858269408	0.0231367175631989	0.170531102835031	0.106477821694862	0.547239773146149	0.529595812670806	0.49346660138773	0.330135413386478	0.41679525021386	0.251447365593768	0.385114128951946	0.383680845455127	0.595204037829593	0.178878761932591	0.079677883601917	0.132739380759577	0.172342283045438	0.18994094260453	0.562868926932909	0.735127289371226	0.537391426102005	0.482725644021532	0.496226293735996	0.280081344249547	0.758314598675362	0.574443577912985	0.642258569105153	0.191972838773345	0.237259430207088	0.0495384461416382	0.286048686432186	0.57338480844534	0.576035552466183	0.513131747384032	0.619749877912708	0.356410198182331	0.692749181547494	0.937698455084065	0.894202786945304	0.756887973897858	0.958535570175352	0.611014531057058	0.135387721564698	0.849498853113799	0.715654109568493	0.0639760349896481	0.52500937318005	0.0505127547342646	0.182661141501483	0.0603546711188063	0.360157589336595
0.3162096410073	0.79948903389012	0.601740011113863	0.584705073063838	0.454911698365254	0.29165888156192	0.905887791135265	1	0.815135107780943	0.600811531135088	0.559886944975544	0.338472467015642	0.053276707109711	0.241238357026469	0.19130663718014	-0.0583454730159577	-0.0219924545899316	0.00384150229259923	0.106190760505451	0.0227396703619955	0.499667675437641	0.524557660035162	0.407203418453335	0.270802191920484	0.354625358829067	0.273801774727064	0.266432795924954	0.34637980041213	0.519303784527756	0.202436378704033	0.079900592428788	0.0586819817198824	0.185609988536059	0.0756979170332588	0.617410176245921	0.678296802207196	0.387478684091998	0.429545948241903	0.463873750488023	0.181837324524972	0.687522073788723	0.458867397888281	0.567506169374075	0.202937544676734	0.278505871673752	0.0310205942456148	0.246133169970763	0.783918657232475	0.788085908957573	0.716747752037913	0.8378374697977	0.504382617579263	0.904196670050403	0.977199497002177	0.964252320425836	0.750206208929163	0.802028080288268	0.461979072002391	0.0767105017964845	0.597401058325744	0.5238809581257	0.0414105715922346	0.4759706805193	-0.01022011458773	0.148909542175534	-0.00467650991760147	0.310801891917585
0.357573647075862	0.831256407136298	0.671612552363267	0.579220214377182	0.381683892113207	0.456291999714669	0.962667988745113	0.815135107780943	1	0.800676507905254	0.550911077432195	0.613039661413043	0.0823791624364498	0.14085935259872	0.151251633158291	-0.00875544812789017	0.0716133646430696	0.0376809970002931	0.173192817651738	0.144505163268046	0.513716444990957	0.502259146404611	0.487436752665522	0.324294861969304	0.406244612171181	0.21195671325173	0.409465097250188	0.362979729191126	0.5976851571731	0.160149414314261	0.0678898176992716	0.154909531633517	0.139428521063235	0.219835411787816	0.491019379562007	0.697309029324669	0.56591667395741	0.460131905467949	0.500106761181239	0.303150044043211	0.718147647511768	0.58462423043946	0.625470996584362	0.175874661024912	0.211263597093835	0.0528805651446097	0.286540489336064	0.444681686781872	0.442095777834198	0.385049163962149	0.480463253940917	0.264230347062386	0.563573979180969	0.868724064157021	0.821535756278119	0.763079933384318	0.998459339034232	0.632738715332259	0.138822315987125	0.805058749682856	0.634158291396991	0.0678892261863216	0.516969270400621	0.0489295931871357	0.175279803185248	0.0552501797592741	0.335113140712985
0.297702478277273	0.751779423395109	0.526662091345087	0.567239487345542	0.375236103146247	0.435151814331886	0.849991702983141	0.600811531135088	0.800676507905254	1	0.412751656632339	0.593741267267815	0.0775760134762353	0.0938542456155929	0.130284083035148	0.0325461634206485	0.108444850140585	0.0310962950923233	0.174711091354907	0.148284565550074	0.457846721620273	0.379978647317394	0.423379393197373	0.292870990895458	0.370244313733163	0.186351926703973	0.379860556008251	0.328528608886331	0.476100883100907	0.0984045741024433	0.0551981417426026	0.157911929084875	0.123061304565594	0.257002593341119	0.38189617197122	0.591086998434173	0.516591571700026	0.407822696565966	0.344638407729978	0.290426028543661	0.641038196868012	0.51167448671166	0.51864840548475	0.13725686368497	0.150413499183575	0.0587472133339988	0.23123977075799	0.270322849336967	0.27228929652113	0.244360379397935	0.306570405493078	0.176867101485951	0.34470983351059	0.665686145160511	0.600021689133284	0.484212175139381	0.808076786044714	0.580867916461354	0.166589282496798	0.997181749746738	0.878104207405448	0.0694113368544151	0.414286245352616	0.105936361978893	0.155483554343001	0.122063377082359	0.357181578898506
0.275120935611307	0.526853346052043	0.654017171097838	0.295424247751224	0.213501630324056	0.118353523926575	0.574407817095626	0.559886944975544	0.550911077432195	0.412751656632339	1	0.242656729284392	0.0668372762137838	0.241965553788222	0.208321369702614	-0.0304244033481307	0.0105034549667836	0.0190724932714991	0.0538445274838591	0.0482178511555913	0.301700052828088	0.454291689399836	0.406720792059422	0.291001813600651	0.201558481643433	0.0628278363425216	0.246061824042538	0.16579354201955	0.86222455200902	0.290629773233372	0.0326558993974975	0.129762687652474	0.263569338116251	0.0879782243900272	0.303443254631317	0.548935441176519	0.23995022998991	0.256468852579318	0.400206474529013	0.19307471064372	0.574005131380782	0.39221588653843	0.66052136781588	0.100436941668861	0.0701646073468959	0.0518391922879762	0.232993028449457	0.343069398396877	0.350936732509468	0.272784086458848	0.347765442974349	0.146098502465156	0.399874472028572	0.596886652190798	0.586622721170981	0.653866203425376	0.535685401045897	0.378675439675178	0.0977310726516533	0.393288474931879	0.361759828616626	0.0922725206223344	0.919698828807218	0.153061833631437	0.342918674381101	0.251972851211444	0.230034076851857
0.34479437556894	0.524545628293351	0.470317788999471	0.410892472736434	0.234250146135581	0.574316206301398	0.555315119053368	0.338472467015642	0.613039661413043	0.593741267267815	0.242656729284392	1	0.571626212183589	0.198439871485848	0.288369181532416	0.143514213910522	0.248112224787684	0.0567927732804369	0.311726618208469	0.269213615127068	0.415248922006115	0.451342434998105	0.399430441952847	0.344195486686452	0.454717378483971	0.220839829472658	0.475927845438742	0.401236199861647	0.414966876722903	0.158362166244839	0.192000185506248	0.333866211140118	0.197614179769966	0.325790477254726	0.425571246852919	0.555275702158436	0.688971149201596	0.454684433244504	0.387574131612932	0.436504495011755	0.431471340942944	0.576428814046827	0.41995897313087	0.0559794486378762	0.187922218304179	0.027654042870904	0.303412792742634	0.170262953214336	0.151755978380522	0.141233674302278	0.182494332154911	0.125390020886863	0.194859576354519	0.380713519946594	0.303926899219273	0.263653276997149	0.627230812336604	0.350453257286964	0.0841272876810582	0.606116823379305	0.433213449920266	0.0298594366905544	0.203105152288534	0.0957975233854856	0.0986367635589079	0.109484716296447	0.327556254320715
0.118169983958829	0.0734249677328576	0.13459463916842	0.0504864537434457	0.0599680328100723	0.0981731719533581	0.0747570774096261	0.053276707109711	0.0823791624364498	0.0775760134762353	0.0668372762137838	0.571626212183589	1	0.283983299875056	0.270378156706264	0.0807778096158809	0.0546749357561036	-0.0109123126253322	-0.00796999343664363	0.0347496165248446	0.188227305949999	0.246262282303508	0.18468604161563	0.189913597929678	0.184551953819908	0.237379135420306	0.0432663465978729	0.21274179019561	0.1122699329988	0.175592075468802	0.257686682020415	0.154116162607983	0.222498786954932	0.0375575630493517	0.23264042067733	0.182416668937523	0.249581391396085	0.219901098304819	0.203412774693143	0.186102058723014	0.0562983171746039	0.14546849324381	0.0828019347485513	0.00389352079579923	0.0890462803486022	-0.0341700939979746	0.115613696368485	0.0706880393837977	0.0543028938408081	0.0863760863096789	0.0814372374261391	0.114731705355699	0.0707697794237896	0.0367423681099533	0.0280975339500042	0.0131624807760001	0.0842663932314753	0.0476583964552653	0.00596439212789422	0.0838800915846595	0.0493117123844597	0.0335421520487806	0.0305721609353798	0.0292708175693136	0.0235584423331303	0.0441176240521251	0.108733112196529
0.15705199965015	0.189518316329002	0.218586110654868	0.157811074490015	0.149051895830514	0.108360860799757	0.180092434893759	0.241238357026469	0.14085935259872	0.0938542456155929	0.241965553788222	0.198439871485848	0.283983299875056	1	0.873421584131985	0.0510395508423111	0.0460277998381301	0.0300376296918696	0.0146809168404336	0.0131458071972367	0.268838129040769	0.465908993929398	0.225927416243417	0.222551577604447	0.308082724949286	0.261690598978711	0.207899638047669	0.309298234237036	0.313200042717589	0.784750852282808	0.196180715842987	0.0662280225225848	0.271411088752563	0.0184882822584251	0.331907791637336	0.307327829467327	0.206856421617504	0.355839351139447	0.257942382195327	0.692627397020225	0.156780163171282	0.22959863868457	0.189747488068774	0.079764149148278	0.064113675503354	-0.0375175477984205	0.142971774864631	0.285784223950151	0.299046573141271	0.252553305880327	0.293794864736561	0.154335092866328	0.271980996338431	0.209650373063497	0.221062684048867	0.124494904083238	0.138369211412391	0.0529040889743454	0.000596956195441961	0.0840143590836247	0.112919893163832	-0.0169849115498198	0.214353855562538	0.00441780631180486	0.0356369820033019	0.0175034758054481	0.151312071179607
0.221598654829151	0.211874916062062	0.256946079519895	0.201445983469601	0.144293009887739	0.307792921582479	0.174648754572959	0.19130663718014	0.151251633158291	0.130284083035148	0.208321369702614	0.288369181532416	0.270378156706264	0.873421584131985	1	0.385594089681564	0.52418893310226	0.0891317740404959	0.0736517876713571	0.294352902291636	0.312199942765675	0.458900326305636	0.220027211700638	0.262241365290212	0.39759145026623	0.228417262365058	0.380107652348686	0.362613964241589	0.341969791769517	0.667531722951701	0.161802145509151	0.253306385812463	0.261400991699064	0.302763166020736	0.345831109355721	0.345470112544885	0.34560020476525	0.405459900619084	0.27815604109825	0.687121653684532	0.201213111548126	0.380152026051668	0.199103797173152	0.0427274042252755	0.0481481457369441	-0.0434675900734351	0.206810100000347	0.220327089455367	0.232121777593098	0.194162729286563	0.229209655876514	0.124561246418006	0.2032999870989	0.17399483915149	0.166709703270112	0.111459536385807	0.150701494992382	0.0627230224306263	0.0709167200807922	0.116052957230362	0.185627946543865	0.00547035457214538	0.176285573373555	0.0532587444619524	0.056385967033293	0.0653894787529151	0.272194776069526
0.117655234411291	0.0446188748183208	0.068983005886211	0.0954192830037106	0.00657389243150476	0.305913085896046	-0.0168067191885127	-0.0583454730159577	-0.00875544812789017	0.0325461634206485	-0.0304244033481307	0.143514213910522	0.0807778096158809	0.0510395508423111	0.385594089681564	1	0.629923465940096	0.0652713510318436	0.0571659893672781	0.117592706520924	0.120458176700876	0.0580812802610662	0.0253763300317364	0.0800662390733139	0.182000294601621	0.0246621163187068	0.25565096342114	0.13924302229151	0.074130857057678	-0.0100493531751917	0.00382869221410768	0.215395096372096	0.0347712264142377	0.131408810344858	0.0804174530210938	0.0993807725693815	0.207122663035614	0.137307062783363	0.0700002899488801	0.114022209574457	0.086607520854775	0.224027575177059	0.0293397702337279	-0.0152313073943188	-0.00647294437269844	-0.0357531168806888	0.115691400470153	-0.0529866381762904	-0.0488661724314173	-0.0632184144955528	-0.0552472218426351	-0.0499380164106778	-0.0660353942163078	-0.0463023617234239	-0.0631779565209532	-0.046157165259147	-0.00615900661848752	-0.00709785034383811	0.121488857135139	0.0266710422490879	0.0817301437501847	0.0196787205845385	-0.0571369708927884	0.0812480763951475	0.0316584599644122	0.0753196508883717	0.18079042885336
0.179947406654586	0.107151983380174	0.149912645052834	0.135915658931228	0.036581538473485	0.438340124793745	0.0508984858269408	-0.0219924545899316	0.0716133646430696	0.108444850140585	0.0105034549667836	0.248112224787684	0.0546749357561036	0.0460277998381301	0.52418893310226	0.629923465940096	1	0.105247264690804	0.124980047761413	0.617577317959951	0.169432291461121	0.132665563586755	0.059122578869623	0.151910288914758	0.278247568146942	0.0106531489001196	0.418640305137286	0.203889688117949	0.159380083698712	0.00374415217883217	-0.0114855013707562	0.406144569616493	0.0635801152897805	0.625251296970278	0.131501055609483	0.17480418264095	0.349933731573389	0.210554169216628	0.122618212774389	0.203915033605318	0.140014908411774	0.380887233049585	0.0809905801449169	-0.0542014839782275	-0.0126160209525994	-0.0198755228459645	0.173942164966542	-0.0423399055703632	-0.0414219601189824	-0.0363496087587835	-0.0368980256266156	-0.00718762973196242	-0.0520779235362063	-0.00271835249589057	-0.0379395661809477	0.0194638214126033	0.0746924619915283	0.0414563400514376	0.14111257813666	0.0961017041888902	0.189248490634782	0.0420304474491753	-0.00448123820706395	0.0993259765540174	0.0543307032196438	0.102457273215828	0.293251011637822
0.0752735967049031	0.0535732463497856	0.0507705545089971	0.0896214179347115	0.068578696722213	0.182569691831055	0.0231367175631989	0.00384150229259923	0.0376809970002931	0.0310962950923233	0.0190724932714991	0.0567927732804369	-0.0109123126253322	0.0300376296918696	0.0891317740404959	0.0652713510318436	0.105247264690804	1	0.18146494087463	0.0759585849812855	0.0893870432016642	0.0494901162995104	0.0187025033942133	0.0603229578967635	0.0876012038253823	-0.0163703835647218	0.151893377041702	0.0574821980712162	0.0542074526853579	-0.0139316487068288	0.000816253521613699	0.266684469424387	0.0346696322782734	0.0534422685492218	0.0756088404130656	0.0740104580782449	0.137320965571473	0.0968935814442069	0.034879814377138	0.0783041319528523	0.0497884821657849	0.164303861064498	0.0293530664761169	-0.0162203069817692	-0.0270728354747799	-0.037949425497766	0.0709178288656745	-0.00246263860483864	-0.0139442856133559	-0.0215269606788429	-0.0167037156342548	-0.0188237406974436	-0.0140681130433369	0.0186659223280751	-0.00316619765415076	0.00831208029577864	0.0384275650357805	-0.00940832031450225	0.00395951043925253	0.0295660274848876	0.0413283622879194	-0.00905544155245577	-0.00738105038923682	0.0244386761395106	0.00887281902321303	0.0279305142284262	0.173573945934092
0.224258233610742	0.244944026014254	0.216909546229963	0.245958465078143	0.110714242300479	0.335002695005949	0.170531102835031	0.106190760505451	0.173192817651738	0.174711091354907	0.0538445274838591	0.311726618208469	-0.00796999343664363	0.0146809168404336	0.0736517876713571	0.0571659893672781	0.124980047761413	0.18146494087463	1	0.0423217646787141	0.311253237236294	0.175784779854356	0.200717972149012	0.139051403583265	0.275648647382492	0.12727710643208	0.294873223439389	0.240723819360126	0.174936135246206	0.0259798350238837	0.0355595960860534	0.259765267143792	0.0374139109548464	0.0698459752257122	0.200351493252929	0.236492027269446	0.314439838492306	0.259406145392181	0.171297423451987	0.194310902073231	0.264792688568653	0.361446180390313	0.252776226235264	0.0444521831349286	-0.0106545134205215	0.0674191214023886	0.206054122693544	0.0415996819425501	0.0268996496761618	0.00882640040920312	0.0481161156690699	-0.0109184038565905	0.0739825761351512	0.125030509511633	0.107415228411267	0.102812388016713	0.175123884415969	0.116297349731802	0.0389729438208327	0.172713653028835	0.168334670045358	0.0122057809035889	0.035140345739301	0.0201340701005111	0.0245376524016646	0.0209469360855921	0.0954139214278161
0.15091692236377	0.107180264747741	0.140110203116721	0.0876632799653344	0.0187664076518449	0.358426102738785	0.106477821694862	0.0227396703619955	0.144505163268046	0.148284565550074	0.0482178511555913	0.269213615127068	0.0347496165248446	0.0131458071972367	0.294352902291636	0.117592706520924	0.617577317959951	0.0759585849812855	0.0423217646787141	1	0.117308243921724	0.136825813044564	0.0424741360877248	0.124613965753462	0.24143708045626	-0.0258562843369296	0.399252319638804	0.165186062485622	0.153318536450671	0.00733782421063129	-0.00910054020481203	0.373194824021696	0.0430401525760319	0.937721642367926	0.126964022445375	0.16881180103299	0.342729379478245	0.164937630163269	0.118089784227198	0.194731180356696	0.099644554118053	0.306433362358579	0.0788841590377031	-0.0494712800074842	-0.00359226895337923	0.00238574904608872	0.145591074637769	-0.0111631630068344	-0.0166027273406881	-0.0123927537771151	-0.0112328026996922	0.000283765949558942	-0.0219124333936431	0.0476951544676253	0.00128133199639703	0.0699201738023039	0.148874670337016	0.0538832318958926	0.0397425593704047	0.135652055536741	0.227166686901714	-0.000642625079883274	0.0439322253451056	0.0364681904456376	0.0187614706723344	0.0552777778937772	0.218481415413387
0.42155864064683	0.69338933557564	0.655688954947409	0.657920436453661	0.356818019670348	0.557673222130395	0.547239773146149	0.499667675437641	0.513716444990957	0.457846721620273	0.301700052828088	0.415248922006115	0.188227305949999	0.268838129040769	0.312199942765675	0.120458176700876	0.169432291461121	0.0893870432016642	0.311253237236294	0.117308243921724	1	0.657169306511701	0.634279604149261	0.50971153220914	0.754210431051934	0.64873135270144	0.499108014298497	0.759710434123687	0.502524815930242	0.286756474415688	0.321258345171666	0.275248940374173	0.346130177322838	0.167837628658948	0.616036675531995	0.709618444381959	0.616824570738229	0.790331867388526	0.604601006487848	0.347911084152997	0.663268786807087	0.638298432277386	0.654584325545106	0.129255268829304	0.0511190039926282	0.0338069400843585	0.360304190679518	0.313836461327296	0.338086911259906	0.282625721955105	0.346021407165473	0.158841237920996	0.387687911407035	0.519356286786339	0.50110608651016	0.388485837404205	0.510877070709282	0.369193517527617	0.123920648748832	0.450579965625078	0.4245071186246	0.0716323088214796	0.278360535322026	0.0800008892255404	0.17082048776523	0.0837137637235505	0.357471503634221
0.472290291255153	0.624228373820703	0.644883117109403	0.532608769224016	0.391146804688191	0.437394013462861	0.529595812670806	0.524557660035162	0.502259146404611	0.379978647317394	0.454291689399836	0.451342434998105	0.246262282303508	0.465908993929398	0.458900326305636	0.0580812802610662	0.132665563586755	0.0494901162995104	0.175784779854356	0.136825813044564	0.657169306511701	1	0.716652637847083	0.618419500852649	0.605032690370518	0.462653565752291	0.45960658594483	0.589848122795231	0.630837253794485	0.553858518404177	0.548888900411165	0.199829685211644	0.417868340781463	0.175161304172262	0.64024468722833	0.720060726274343	0.592506774814023	0.643948125768257	0.552521525653619	0.432783822679429	0.550443693008449	0.636167464464444	0.577652323125265	0.358965497776681	0.136942721595287	0.0762570343313145	0.424027410397326	0.421014033474838	0.44275396808135	0.354726730510376	0.428446806786111	0.185201511582232	0.458406071575642	0.529991793968229	0.505461982752827	0.409675956298431	0.498458188265661	0.28699536504217	0.070493007621676	0.371218646308198	0.3470858448458	0.039999991468717	0.381835870649643	0.0563041831975848	0.158932236976081	0.0972066529032822	0.340907426531076
0.440349553757813	0.634574658261537	0.718944299787461	0.529000473604787	0.315476931455036	0.356105429685518	0.49346660138773	0.407203418453335	0.487436752665522	0.423379393197373	0.406720792059422	0.399430441952847	0.18468604161563	0.225927416243417	0.220027211700638	0.0253763300317364	0.059122578869623	0.0187025033942133	0.200717972149012	0.0424741360877248	0.634279604149261	0.716652637847083	1	0.841157606565814	0.525906740494408	0.448623553629868	0.351449643717335	0.528298579991309	0.56451457732178	0.463454226264247	0.598034439172595	0.140629665045664	0.322430867963401	0.079943185039922	0.399271588131198	0.65504668798056	0.540895294051926	0.587835644868874	0.521875306719937	0.309451949353234	0.627249743763971	0.544757293538679	0.675458785101012	0.179708938137951	0.0315420124091065	0.140040667540145	0.38911253760997	0.189655582662134	0.195342481260964	0.155698851701817	0.21264724104527	0.0961437449121805	0.270775011476467	0.447224606344522	0.409428396301921	0.459300391215195	0.480341487608061	0.468256955144479	0.126590318034911	0.420422454071648	0.308642266642004	0.215423024984893	0.408155981774027	0.190102141907951	0.31304141848305	0.217113298339114	0.206141700211296
0.403543464944745	0.47251248870158	0.517926621609718	0.433608452132967	0.308242830047897	0.363371938355145	0.330135413386478	0.270802191920484	0.324294861969304	0.292870990895458	0.291001813600651	0.344195486686452	0.189913597929678	0.222551577604447	0.262241365290212	0.0800662390733139	0.151910288914758	0.0603229578967635	0.139051403583265	0.124613965753462	0.50971153220914	0.618419500852649	0.841157606565814	1	0.476704013908167	0.360357281152648	0.366598330926893	0.463560634569255	0.467611198563248	0.459179431706576	0.724338655302243	0.268275261543833	0.313499506884249	0.158678334129914	0.354612805213664	0.516257277976906	0.486793149908264	0.490476697490525	0.441767857894652	0.270321288342481	0.424873998640169	0.50697153249633	0.446587001940888	0.0823429885834469	0.00142720139796135	0.112244154344125	0.368134853892779	0.167439852050968	0.172109721672041	0.139516874738427	0.182507081075347	0.0775846391066048	0.2089883131226	0.290488912764277	0.256598597244174	0.294463661341791	0.320643336459918	0.311073066787865	0.0875812854190163	0.285996102934703	0.246421249915383	0.185837308122032	0.28141226212736	0.160895019215509	0.232215338620862	0.181744512992565	0.228326959712818
0.417842473890767	0.579394666059937	0.547897762811615	0.579470324447354	0.290358130009282	0.667501918995349	0.41679525021386	0.354625358829067	0.406244612171181	0.370244313733163	0.201558481643433	0.454717378483971	0.184551953819908	0.308082724949286	0.39759145026623	0.182000294601621	0.278247568146942	0.0876012038253823	0.275648647382492	0.24143708045626	0.754210431051934	0.605032690370518	0.525906740494408	0.476704013908167	1	0.768641662044379	0.75575361243177	0.976853016306568	0.458266585877875	0.293731634070825	0.312952551256023	0.408472726818978	0.305080964394787	0.316780319439874	0.536336564502716	0.629876701327979	0.643102242868991	0.821003378065406	0.547693545090537	0.39984785064629	0.513050556787513	0.647642122396733	0.507044660405641	0.100063716597356	0.0656304165138078	0.0722188621659452	0.368673945488355	0.227652510321374	0.246596819103957	0.209700242593862	0.259329765917603	0.122093324133956	0.279735007429959	0.37605366035813	0.322113822580095	0.26719309766592	0.406416348860591	0.260113254196889	0.0684448957622196	0.361762638028709	0.37455626075377	0.0167743264003962	0.157139933675381	0.0720835808014406	0.122743549823944	0.0815148403357129	0.357669591005609
0.156387295444837	0.37641951363653	0.306993619720999	0.418442398161211	0.229352079878186	0.233018391800507	0.251447365593768	0.273801774727064	0.21195671325173	0.186351926703973	0.0628278363425216	0.220839829472658	0.237379135420306	0.261690598978711	0.228417262365058	0.0246621163187068	0.0106531489001196	-0.0163703835647218	0.12727710643208	-0.0258562843369296	0.64873135270144	0.462653565752291	0.448623553629868	0.360357281152648	0.768641662044379	1	0.162034703609196	0.887666961092137	0.1649515665378	0.248829050336668	0.394376043516367	0.059789669363129	0.284623885354258	-0.0118514783959341	0.378492234630539	0.375182709711675	0.273468948006356	0.737540371343985	0.431825016328719	0.154374781150818	0.342974855830739	0.248437876764999	0.337475761305161	0.0428223427571999	0.0658891124455451	-0.012294566452337	0.117310014393312	0.208230800169851	0.228159330271697	0.207607883847645	0.238009638046357	0.132475090728746	0.254274152626357	0.270759984959971	0.247995148763433	0.144934435802126	0.209112988599938	0.153819069989688	0.0401749923746424	0.18548421860313	0.16773610821621	0.0308397068692105	0.0371920253893045	0.0420495889614814	0.0708768470866178	0.0281590591715403	0.129107990803261
0.48445765874573	0.507939552354637	0.530215455458489	0.465035056128262	0.212857287884179	0.790998755704239	0.385114128951946	0.266432795924954	0.409465097250188	0.379860556008251	0.246061824042538	0.475927845438742	0.0432663465978729	0.207899638047669	0.380107652348686	0.25565096342114	0.418640305137286	0.151893377041702	0.294873223439389	0.399252319638804	0.499108014298497	0.45960658594483	0.351449643717335	0.366598330926893	0.75575361243177	0.162034703609196	1	0.598217579069274	0.537764969024218	0.19865916775889	0.0790301445085292	0.569386697938326	0.179315967157915	0.501165603081225	0.440007189639237	0.587205870954263	0.712288068647676	0.51134997496106	0.4028502703229	0.458988806684149	0.439867424798274	0.74456271434943	0.436093580118944	0.110297163269519	0.0334511157906751	0.124409068983461	0.4486758071676	0.137913146731974	0.146779513754937	0.111362453912672	0.156437899087372	0.0532960385472087	0.171206438236708	0.30243164857888	0.242534334280639	0.26318472787725	0.412638974263629	0.243690626972061	0.0644288852436523	0.367669044931875	0.405925390363889	-0.00567827789929378	0.204153872791617	0.0679672409226487	0.116647673092878	0.0967945480660743	0.419884978689776
0.352943993335061	0.542617872236604	0.496762734425931	0.556883808724927	0.285531617525396	0.558301527122575	0.383680845455127	0.34637980041213	0.362979729191126	0.328528608886331	0.16579354201955	0.401236199861647	0.21274179019561	0.309298234237036	0.362613964241589	0.13924302229151	0.203889688117949	0.0574821980712162	0.240723819360126	0.165186062485622	0.759710434123687	0.589848122795231	0.528298579991309	0.463560634569255	0.976853016306568	0.887666961092137	0.598217579069274	1	0.38483648258331	0.294652641514345	0.357006622944413	0.314209856166785	0.314805730643962	0.224145208568678	0.512320094461645	0.578573680493095	0.554316717015087	0.837532175475	0.538602609542918	0.339495374030079	0.483700606039947	0.54914034971579	0.477615901394968	0.0862011183324506	0.0690960156721947	0.0477839839423619	0.304509774273067	0.23309863025096	0.253461890155207	0.220219724235881	0.265938203357872	0.132241103644983	0.286022176958053	0.360753446834392	0.314340254578958	0.240358497799436	0.362156296639115	0.238566379789232	0.0627986647756929	0.322124970569145	0.325537091441744	0.0223646917937643	0.125531904663458	0.0661225106371586	0.112198644439907	0.0682222685813575	0.300545664495718
0.485700569412817	0.659514238003429	0.811096935634757	0.441236561929953	0.263762651340375	0.394061600785612	0.595204037829593	0.519303784527756	0.5976851571731	0.476100883100907	0.86222455200902	0.414966876722903	0.1122699329988	0.313200042717589	0.341969791769517	0.074130857057678	0.159380083698712	0.0542074526853579	0.174936135246206	0.153318536450671	0.502524815930242	0.630837253794485	0.56451457732178	0.467611198563248	0.458266585877875	0.1649515665378	0.537764969024218	0.38483648258331	1	0.416311600898318	0.111365965796234	0.292254934404254	0.409889003873705	0.220802839653441	0.441493042850649	0.743603898352792	0.554868749128913	0.457737891030132	0.585733597166592	0.399633034107128	0.662042223849256	0.682741785912929	0.762488303578778	0.154702614649732	0.0616779851565243	0.206613888670137	0.437267607614918	0.283953506822264	0.299448805035319	0.226189097755139	0.294097239354848	0.11039342662406	0.349830263941633	0.564589539751411	0.546352282757189	0.59988130380485	0.587762034672195	0.460679081667656	0.144988809216321	0.453251092806822	0.433587386682605	0.162107177893098	0.801598378840117	0.245203609722193	0.397275864681774	0.330416036286924	0.346425197067947
0.221167496054257	0.228419305724231	0.350822054150379	0.154028775615555	0.125354557437199	0.0795777635153875	0.178878761932591	0.202436378704033	0.160149414314261	0.0984045741024433	0.290629773233372	0.158362166244839	0.175592075468802	0.784750852282808	0.667531722951701	-0.0100493531751917	0.00374415217883217	-0.0139316487068288	0.0259798350238837	0.00733782421063129	0.286756474415688	0.553858518404177	0.463454226264247	0.459179431706576	0.293731634070825	0.248829050336668	0.19865916775889	0.294652641514345	0.416311600898318	1	0.457823975070397	0.0356822870137552	0.398877352236213	0.0209335718380826	0.264943255435854	0.352191620396732	0.207884258556327	0.347007293074099	0.408124569923838	0.716403362862346	0.247568054875185	0.256470756985646	0.32765877638696	0.0693209483142099	-0.0127909943844376	0.0497565514811274	0.206534963576487	0.153067477493862	0.169058468136465	0.150927547420736	0.169234651294567	0.090054462898461	0.19689797467964	0.194857779874406	0.205240409824574	0.202471913240595	0.151790453583102	0.240691543159847	0.103324395863518	0.079389485505575	0.101561556017873	0.249662697830544	0.294004067472105	0.29124741411801	0.271747808214644	0.287403959266242	0.0956422931730635
0.150463727464687	0.151634248582541	0.131594900956454	0.178578894609357	0.173493676238539	0.111554284139528	0.079677883601917	0.079900592428788	0.0678898176992716	0.0551981417426026	0.0326558993974975	0.192000185506248	0.257686682020415	0.196180715842987	0.161802145509151	0.00382869221410768	-0.0114855013707562	0.000816253521613699	0.0355595960860534	-0.00910054020481203	0.321258345171666	0.548888900411165	0.598034439172595	0.724338655302243	0.312952551256023	0.394376043516367	0.0790301445085292	0.357006622944413	0.111365965796234	0.457823975070397	1	0.0403004841311061	0.260682342213476	-0.0207428834848349	0.225132447051436	0.184046582220726	0.158369489697993	0.378192706026988	0.25827906693004	0.0934437151671345	0.114288414964	0.104727585519705	0.0989602650098762	0.0549093455864332	-0.0140282184252826	0.0231501227030295	0.139328779442426	0.0749285426243699	0.0825999623086613	0.0938619918357737	0.0956203907533577	0.0710140145772497	0.0964642518778706	0.0721333226995823	0.0578315300496563	0.0460749410728183	0.0675771644774751	0.121108452630419	0.0253888554047214	0.054266173116717	0.0226931787805333	0.126748634203494	0.0120003496824618	0.0981064028930888	0.0782671926863676	0.0896777498580842	0.0386468489702414
0.236661005193245	0.250503464562003	0.254504909484618	0.312979083661554	0.239871794509396	0.49752823520016	0.132739380759577	0.0586819817198824	0.154909531633517	0.157911929084875	0.129762687652474	0.333866211140118	0.154116162607983	0.0662280225225848	0.253306385812463	0.215395096372096	0.406144569616493	0.266684469424387	0.259765267143792	0.373194824021696	0.275248940374173	0.199829685211644	0.140629665045664	0.268275261543833	0.408472726818978	0.059789669363129	0.569386697938326	0.314209856166785	0.292254934404254	0.0356822870137552	0.0403004841311061	1	0.129711294530055	0.460677803779378	0.282262398270378	0.290204155024496	0.445660814757584	0.277344867570665	0.221839129941054	0.240267625888165	0.210937843396541	0.563310403140658	0.182918096856421	-0.121620410284324	0.00645921959616361	-0.0201327686234217	0.21501448637234	0.0379431073299831	0.0204313629031908	-0.00101320136248352	0.0261763085075095	-0.0140584239182743	0.027742296611201	0.0815597180195752	0.0351738499265029	0.110522819033083	0.157103468841801	0.045446282424947	0.0524486402853419	0.146540828177614	0.220649268093902	0.0105838496991929	0.0909555665056934	0.044795484891093	0.0677151878864196	0.0664972423671346	0.35781609095363
