"GRMS"	"KCAL"	"PROT"	"CARB"	"SUGR"	"FIBE"	"TFAT"	"SFAT"	"MFAT"	"PFAT"	"CHOL"	"ATOC"	"ATOA"	"RET"	"VARA"	"ACAR"	"BCAR"	"CRYP"	"LYCO"	"LZ"	"VB1"	"VB2"	"NIAC"	"VB6"	"FOLA"	"FA"	"FF"	"FDFE"	"CHL"	"VB12"	"B12A"	"VC"	"VD"	"VK"	"CALC"	"PHOS"	"MAGN"	"IRON"	"ZINC"	"COPP"	"SODI"	"POTA"	"SELE"	"CAFF"	"THEO"	"ALCO"	"MOIS"	"S040"	"S060"	"S080"	"S100"	"S120"	"S140"	"S160"	"S180"	"M161"	"M181"	"M201"	"M221"	"P182"	"P183"	"P184"	"P204"	"P205"	"P225"	"P226"	"NoOfItems"
1	0.422089755308096	0.364867926432369	0.380931516190363	0.275726486191569	0.369331155976875	0.285037465980328	0.228474994483931	0.278649019432609	0.263900677999255	0.145142108354257	0.312059908730438	0.0937086567860071	0.163645367877441	0.228964332025566	0.119297553594995	0.178012497775228	0.0940455591917611	0.148615715721564	0.130200154243105	0.351560991009856	0.39835978005909	0.313989822464721	0.214713697873767	0.320987842997117	0.0975413215973139	0.403302234863113	0.25812692342411	0.363830963138745	0.18678559736289	0.0795661185477184	0.229634895141206	0.121716372872311	0.169054041479649	0.363160010418258	0.423537354874415	0.526060359479602	0.256752219784393	0.318644978133889	0.51466267834574	0.367342907354923	0.473527795014107	0.288470212672692	0.2691688436179	0.0610399372728262	0.254786107298171	0.994964694811946	0.0988590884078576	0.108443950498918	0.1588190511884	0.154712002895088	0.157172951730807	0.16598563725816	0.228363313932298	0.2145956948504	0.186492200656627	0.27797371583881	0.174789322939293	-0.00478652801801928	0.261540158029119	0.243493849902397	0.0249325802897097	0.150250010434732	0.0492247690615273	0.0902585933328945	0.0492308579491727	0.266493123310094
0.422089755308096	1	0.783005517231026	0.882261721237977	0.656177385727374	0.482662983315034	0.8631270802715	0.787416987955489	0.81907905886325	0.717475244574783	0.46859219176031	0.513621703996873	0.0166321274425333	0.308913063911692	0.247527941029757	0.0273435164711836	0.0948233524704019	0.0812970590298951	0.256963107717727	0.0568527162286199	0.689915476306382	0.623270955631607	0.556874337416257	0.262969711349133	0.511390119011958	0.283833496570869	0.492115180446035	0.45665981352846	0.644971901786362	0.366709606239914	0.0488721581844129	0.264175967595586	0.283175602327374	0.150152205152619	0.553021207042034	0.832935733394124	0.626728358915178	0.512623491503668	0.631690684096861	0.57927604515875	0.796498106993464	0.6736023545393	0.721421508460143	0.213125567602992	0.20871279907388	0.267051498331442	0.330415901930585	0.463916313535567	0.461829237071929	0.434323280624301	0.505330269309491	0.301044991846768	0.585317424302897	0.815744004922989	0.771857126313212	0.659055179683232	0.815297586293696	0.527431880535619	0.0528173568010544	0.715934707875222	0.605698680809791	0.143593470036622	0.43887244280768	0.132062240926608	0.238217353485722	0.125962713510213	0.30590951895338
0.364867926432369	0.783005517231026	1	0.597628350088115	0.336666845569522	0.47885916422338	0.681869717304171	0.605407991149769	0.6757443539181	0.535342021517251	0.579958702737675	0.484238343903857	0.0948164793868725	0.293324791789519	0.25006163259975	0.0261314820990112	0.11308356965518	0.0672507714625226	0.249642989576919	0.131229790141428	0.698874931706953	0.651562063096741	0.625099503886886	0.303392163495199	0.527854134223768	0.279601188132227	0.523175687255202	0.466698036791537	0.760665224835897	0.437637015013982	0.0319562727244062	0.248162398023832	0.384969371959212	0.220792759037609	0.536920022056282	0.882504697139158	0.635922106287348	0.506197341179809	0.760150128290515	0.586487113303786	0.800075897908598	0.716382199683695	0.876911560453073	0.154933166707807	0.0762099640918233	0.085220743633276	0.29306452210945	0.331718107441455	0.333731764866216	0.283211292433198	0.361907869104361	0.165522293863967	0.447911121191877	0.637158373883112	0.606338745565135	0.674613006582107	0.663416307340472	0.500922401879516	0.0939988664176404	0.523097818284228	0.456067216997467	0.173737302314121	0.551712709955208	0.21841596046384	0.352628214812167	0.219410378596481	0.310494793598263
0.380931516190363	0.882261721237977	0.597628350088115	1	0.808563440326843	0.545292664388918	0.620610789009471	0.574694634464278	0.573530257950594	0.508863505247477	0.244918728127561	0.391107710176624	-0.00791828536285201	0.275436101049465	0.246328904552925	0.0616680118994386	0.115395955952711	0.124935710648893	0.264705753988563	0.0610412588468106	0.664110833875394	0.535721690541902	0.477440523797713	0.264363839703387	0.548592935404243	0.354791360609364	0.469221217705116	0.508031508363628	0.422672994626693	0.317967867940759	0.125231332794127	0.35249007669402	0.220119950527024	0.116368099813205	0.519214056199984	0.704323065093858	0.577103942855289	0.541920235749883	0.508861660449264	0.547527976112149	0.637639011866837	0.639406813342917	0.552712851799506	0.167996595783682	0.185798187622335	0.0592204375362927	0.293428065516135	0.378150736912613	0.376299245748094	0.339376800199921	0.391019766853794	0.224512489961896	0.43906230112832	0.594156929832389	0.548844293701554	0.398566341571878	0.574989328750521	0.324630051728474	0.0160788599768756	0.508492603205627	0.443084629372042	0.0948388729076901	0.199030189991585	0.102944032517172	0.114319042432458	0.0730347811486521	0.278131682733614
0.275726486191569	0.656177385727374	0.336666845569522	0.808563440326843	1	0.225275039050584	0.454324422517076	0.463143320205585	0.412484010715473	0.311501567522949	0.1880840636171	0.223249092135092	-0.00548215533772527	0.246084279059588	0.181854974141538	0.00840240700117622	0.053655944969127	0.100340181248474	0.131575654056796	0.0148052620629043	0.352250629578729	0.418088498427282	0.332316936652566	0.239353443417954	0.242327849015724	0.135374764716411	0.232602717966466	0.216766569152028	0.247929565569205	0.301478394478592	0.180830041825578	0.31597172182118	0.163768594717202	0.04200458931134	0.370261790910885	0.434045903455221	0.309675636039844	0.280804378591836	0.320167991716277	0.284177254084477	0.328234491541337	0.424200692643523	0.264271546903465	0.235009159446813	0.257854954044481	0.00331815714021341	0.209666683859433	0.3535644147596	0.341062305430961	0.260519603747909	0.321642534914571	0.152622325604625	0.366148088212963	0.473929572632835	0.457936565838693	0.318078697903794	0.412352068630666	0.193511894210872	0.00754887076425443	0.312152299132727	0.272591882760187	0.0565772738911125	0.126929108591885	0.013988019622588	0.0382070935138696	0.00679520568862023	0.18148012593114
0.369331155976875	0.482662983315034	0.47885916422338	0.545292664388918	0.225275039050584	1	0.359588824717673	0.251534004537846	0.368811015553668	0.379566491760304	0.0851700482429341	0.503667565444008	0.0390497459506373	0.198797996690737	0.384337519032919	0.237810730368262	0.356849270165566	0.288055230232656	0.296408719807561	0.278869518356247	0.545906537725206	0.420158707497173	0.269150918986658	0.18313873358408	0.642189374529328	0.220110671307731	0.777811052024864	0.525360105706668	0.357081619097852	0.162556245491702	0.0777932864634325	0.432634169084443	0.18627174833586	0.318398022965507	0.45500887381716	0.606203139343176	0.768648127633306	0.569484021887131	0.447466373163698	0.717263987705438	0.432138655770165	0.727596693988063	0.402369035337932	0.0352253118948583	0.0223903917711878	-0.0734949674965605	0.325087210104754	0.153904543260223	0.16083814068167	0.189677449096545	0.206084720942713	0.141177014903469	0.187079218322579	0.257430351766596	0.209020116372082	0.1479061516346	0.375731832863316	0.183279063332807	0.0488165586416447	0.374094407881139	0.386997103812136	0.0532581595716451	0.056812094390872	0.0872369267179751	0.0634182868745667	0.0809274636013633	0.483360582755377
0.285037465980328	0.8631270802715	0.681869717304171	0.620610789009471	0.454324422517076	0.359588824717673	1	0.912086455287986	0.961844686994063	0.840579492243018	0.54412118317193	0.559173819655822	-0.0146431118316376	0.301289070774293	0.206871246993381	-0.0105564481630174	0.0475461542915445	0.0545865700244534	0.198051663272804	0.0337726958219414	0.534812056754897	0.521168489565018	0.405567102385409	0.133187983790336	0.330769373102825	0.160180396705293	0.345551986526063	0.286658183156971	0.587554548111679	0.266449801231706	-0.0478973798610975	0.129630166133707	0.234772691640877	0.136913292935211	0.475111623862553	0.719332986197599	0.5010948193209	0.386058499136073	0.565240785811674	0.496898351825631	0.741762287309486	0.515814191957654	0.642855569291416	0.223477400148014	0.249711977564905	0.0514473795613628	0.208347982633066	0.525448974204476	0.524759493232761	0.528871942176973	0.594564352201191	0.389538082302216	0.675240575267206	0.93477133410414	0.897480290823274	0.760436599663258	0.958980687294539	0.61124837128868	0.0824353048724283	0.843473425358009	0.696350390185774	0.145209093208817	0.50648024417799	0.0804633115063072	0.220940531645339	0.0963341243576111	0.302554716470406
0.228474994483931	0.787416987955489	0.605407991149769	0.574694634464278	0.463143320205585	0.251534004537846	0.912086455287986	1	0.824991504738959	0.594654904305388	0.518341759342541	0.344871014655306	-0.0549450172465911	0.368423365293123	0.185719701334472	-0.0536316562352257	-0.0353391452800332	0.0306066928723759	0.169659454340398	-0.0397020878043138	0.479279867059094	0.5214295262749	0.333956807641643	0.1066004211999	0.276605920431001	0.169818071219524	0.247138501028341	0.252339558875624	0.497346445486829	0.270476209900897	-0.0342159020214772	0.0529150858279471	0.220778657159428	0.0225252180413979	0.561512936194788	0.677655888623008	0.392784420317251	0.352725275421708	0.537793399043983	0.366684862892653	0.659865122513703	0.413710223310774	0.552175189669564	0.234319452039653	0.266187928314203	0.0270825230327318	0.157251412804827	0.736945953874425	0.738305014562217	0.710227197575012	0.801555146095666	0.507488354135938	0.880235798031496	0.968169627499904	0.95441715712721	0.721375608933113	0.81578340029377	0.44997834404079	0.0210115948986395	0.597410988603446	0.494588938158226	0.0861524680295133	0.428858827245782	0.00735967799427984	0.161914269825645	0.011303956053914	0.226523974359088
0.278649019432609	0.81907905886325	0.6757443539181	0.573530257950594	0.412484010715473	0.368811015553668	0.961844686994063	0.824991504738959	1	0.789734862425588	0.524871699160566	0.595221888136587	-0.00755798572689056	0.244782946278387	0.173282623601788	-0.0145674301488651	0.0468625307306128	0.0809104008878962	0.182024825096839	0.0400822158771881	0.516530635194338	0.490875367887886	0.402115616468898	0.134767466995171	0.323220723236861	0.136582840504211	0.361095548824692	0.273101502705451	0.589348713623592	0.240733813268345	-0.0617422509087078	0.163417084105764	0.203024599293456	0.142106691149476	0.39616660272475	0.676633877629064	0.508058548921243	0.36027561086514	0.570786873516312	0.505779498556302	0.704938395476336	0.530164396295757	0.624527777010345	0.22733707763375	0.209719960133555	0.0432581996689285	0.206352865906769	0.411452566360168	0.400029535799298	0.395078697380351	0.46151458211048	0.278277785846753	0.54983652179865	0.873045130717462	0.834656514403503	0.788117985922621	0.99846946281483	0.629332731285901	0.0957442615845094	0.797196950858579	0.611124901049524	0.153281849416212	0.511244626494648	0.0827221811674257	0.220953903103279	0.0998214342954714	0.302409237486647
0.263900677999255	0.717475244574783	0.535342021517251	0.508863505247477	0.311501567522949	0.379566491760304	0.840579492243018	0.594654904305388	0.789734862425588	1	0.406713923162376	0.638614325219645	0.0435104743051889	0.179864870563481	0.21229162672004	0.063392428736051	0.149771674245423	0.0375855920817121	0.164001951797668	0.11628453943582	0.43855938807878	0.370252827726027	0.348568076051295	0.11060555818701	0.301578052406032	0.118401876760823	0.347127478459773	0.251690353165463	0.506757518968736	0.182653299643081	-0.0379121959579124	0.156691118752093	0.207610235477496	0.247838629170161	0.289960524863144	0.571076081138009	0.485087786530786	0.323409888211968	0.383381440942292	0.513487625277487	0.635001073775711	0.461581096709524	0.548905380197004	0.128984341341559	0.20185727557165	0.0806030152203347	0.201735016696965	0.206767675873756	0.21560749617327	0.279188870065306	0.284669645792864	0.25040343889681	0.320642561866678	0.65201056992061	0.590746288729551	0.504707695551305	0.796502388336131	0.607409236351177	0.120033511161213	0.996476324701272	0.886005762605057	0.173810363254395	0.426538121433413	0.142864879368532	0.210412981750356	0.169243390331709	0.325326695749996
0.145142108354257	0.46859219176031	0.579958702737675	0.244918728127561	0.1880840636171	0.0851700482429341	0.54412118317193	0.518341759342541	0.524871699160566	0.406713923162376	1	0.251643773613181	-0.0268333501400336	0.223107828277898	0.137727926249385	-0.0499552499213771	0.0192375581181361	0.0528409020492775	0.0638103312719476	0.0897944120362882	0.25458728019376	0.322001875745465	0.2273626772381	0.0844489226012524	0.125362285416873	-0.0267900843495738	0.23256302489134	0.0776503244081289	0.839963012129776	0.202587252133945	-0.086222870017038	0.0879591443077339	0.26875303720043	0.107278445053727	0.213001253959712	0.455826570023219	0.168732558027261	0.142198563487978	0.348286779616363	0.202301199435074	0.510876164769012	0.311302366360166	0.617624642289062	0.0779161031774102	0.0904539620334318	0.0446230445639252	0.104266588108235	0.281339535181562	0.296048589121459	0.258929793029235	0.298897311720932	0.159607611885575	0.338790508211058	0.560924228842049	0.525554557193517	0.594572825590638	0.515733138367957	0.381636481018307	0.0413088770466244	0.392237858477378	0.327785016510747	0.0664833004605969	0.880780970795471	0.117366084795451	0.285064249190655	0.180874606200498	0.177995393989118
0.312059908730438	0.513621703996873	0.484238343903857	0.391107710176624	0.223249092135092	0.503667565444008	0.559173819655822	0.344871014655306	0.595221888136587	0.638614325219645	0.251643773613181	1	0.53326372831261	0.319415562654646	0.381826952612415	0.130954773537443	0.267610669895466	0.170472376557546	0.269184579021245	0.281253193855343	0.438089458612229	0.439855877718002	0.362147430537956	0.213420382366227	0.435414958960066	0.203017816252126	0.464110423409947	0.375384283600403	0.413938784052091	0.212740207449677	0.0681086977532819	0.372456799600835	0.212080089343033	0.366165763991419	0.308040518041088	0.520331006164074	0.615004563807967	0.358008240488708	0.417005330889223	0.627906889119192	0.454480140450097	0.537379161947198	0.471985551402108	0.120172591651747	0.191536650333452	0.0230801942791327	0.269752526552687	0.109118390883444	0.115671690920844	0.169933435031216	0.172500812808679	0.177793456276919	0.167998480186344	0.38253763934888	0.319990959068786	0.290085281796761	0.608415626477971	0.387599517150796	0.053347172657128	0.645042262761423	0.509804888603718	0.0894101733947512	0.246740539274825	0.107402340096363	0.129855569881508	0.129990427732068	0.401111115640837
0.0937086567860071	0.0166321274425333	0.0948164793868725	-0.00791828536285201	-0.00548215533772527	0.0390497459506373	-0.0146431118316376	-0.0549450172465911	-0.00755798572689056	0.0435104743051889	-0.0268333501400336	0.53326372831261	1	0.323626721416382	0.249618017372715	0.0651181772945362	0.0787149093630441	0.0209032676797029	0.0149810468954407	0.118136521855527	0.154840687500057	0.185114767657219	0.193440291251185	0.195199581514357	0.153364124144561	0.174588548258203	0.0431720518461227	0.169149106791167	0.0548229647355742	0.17756349483282	0.219394097257396	0.179416100507515	0.0930845977912675	0.127181326867184	0.104443678375711	0.11007463476645	0.193230265252526	0.117075399958378	0.184822617892184	0.249305414221082	0.0426772223218283	0.0534973033753915	0.0594552277359219	-0.0333395497857899	0.0563297852773302	0.0582146099587017	0.0953332280055319	-0.077550502250464	-0.0803187416751924	-0.0554504288111039	-0.0570686099859941	0.0140511614025608	-0.0650350030242393	-0.0600862761192635	-0.0415892526801283	-0.0279152545722735	-0.00576123465491409	-0.00553791244410456	-0.0256367869546109	0.0431188011956444	0.0371276190810123	-0.00159225705791972	-0.0216684543500353	-0.0202753287684456	-0.031000709598991	-0.0224144247975607	0.087134264787862
0.163645367877441	0.308913063911692	0.293324791789519	0.275436101049465	0.246084279059588	0.198797996690737	0.301289070774293	0.368423365293123	0.244782946278387	0.179864870563481	0.223107828277898	0.319415562654646	0.323626721416382	1	0.655400184623054	0.0901635514551792	0.0872668507126459	0.168570622795266	0.156678577398866	0.0462977326239526	0.399559588470281	0.535059601959164	0.270810175801673	0.244702476687168	0.445533511096303	0.402053709371058	0.248221457523935	0.452759352231586	0.286423388387052	0.433678315887345	0.300355589737861	0.215420269136624	0.37127475003695	0.0543519235894489	0.558502079714171	0.450960215244599	0.372222077427387	0.553407866292681	0.486948879917414	0.401123421630732	0.246941575479232	0.314765963661583	0.257537268348379	-0.01029855829182	0.110174272095738	-0.0255227505830257	0.135711161747512	0.465503040347933	0.479968114921166	0.365409073091005	0.450498091863962	0.192102942719577	0.424950579576834	0.314010020367563	0.322434074764466	0.132193927333357	0.245738561390022	0.0736709367680624	-0.042486054691959	0.174284739772112	0.170158497768588	0.00204055189273754	0.135522296574284	-0.0416298848615896	-0.00487436676979182	-0.0395008618984714	0.172312862471637
0.228964332025566	0.247527941029757	0.25006163259975	0.246328904552925	0.181854974141538	0.384337519032919	0.206871246993381	0.185719701334472	0.173282623601788	0.21229162672004	0.137727926249385	0.381826952612415	0.249618017372715	0.655400184623054	1	0.678158323250912	0.805772247083889	0.184237532585241	0.144289829870307	0.439544817370841	0.352813284545153	0.375981902692612	0.216871091184775	0.228908649555787	0.485455435414766	0.309843797710803	0.420587525396485	0.448215866493371	0.286577506338783	0.333718912780116	0.286691648268085	0.339659835489774	0.309954021664464	0.440967705323979	0.379621743471034	0.338300375109482	0.408740239348842	0.525608004264212	0.355456900840727	0.466970703841669	0.258816919872153	0.439162923517662	0.181590848304748	-0.050624958937229	0.0970088336813694	-0.0139081883345413	0.209198250597816	0.216955144592074	0.236153042673706	0.17934004023191	0.220867781907353	0.10064421817066	0.180784565532596	0.168771496214981	0.162628247550736	0.0624373790729609	0.177553981757614	0.126735450635088	-0.00947210809231852	0.197264763447262	0.261678014267959	0.0304150069133464	0.0964259542086593	0.0360468344811671	0.0226311566199618	0.0332006463243642	0.219602104100141
0.119297553594995	0.0273435164711836	0.0261314820990112	0.0616680118994386	0.00840240700117622	0.237810730368262	-0.0105564481630174	-0.0536316562352257	-0.0145674301488651	0.063392428736051	-0.0499552499213771	0.130954773537443	0.0651181772945362	0.0901635514551792	0.678158323250912	1	0.764727907224071	0.0474924501937261	0.00186074788811441	0.192604257395389	0.0958190622890233	0.0534494164017475	0.0374588218268574	0.0798856865631191	0.231641754461939	0.154398262402763	0.19303380607562	0.216237362727208	0.0719694169864856	0.0993492596622104	0.193955608788273	0.170445299368923	0.0602762324059184	0.174785187240914	0.038070991722724	0.0267497123181302	0.132967914686132	0.256680712875091	0.0677180759808696	0.203407971355759	0.0897579570193732	0.213721679202259	-0.0493246368047374	-0.0540163855527993	0.0611724048100935	-0.0139155769153075	0.119672923421817	-0.0718330518686444	-0.0624159806039418	-0.0453384130772735	-0.0589858957331455	-0.0216133050677464	-0.0763760379332305	-0.042460007515675	-0.0479292272997257	-0.0541399374611519	-0.0106896904842601	0.0157450311932292	-0.0141657438138506	0.0535306901767078	0.112518438148534	-0.0215738932185255	-0.0401741931427752	0.0211774182535387	-0.00711122273396175	0.0130212846789872	0.0459920157896048
0.178012497775228	0.0948233524704019	0.11308356965518	0.115395955952711	0.053655944969127	0.356849270165566	0.0475461542915445	-0.0353391452800332	0.0468625307306128	0.149771674245423	0.0192375581181361	0.267610669895466	0.0787149093630441	0.0872668507126459	0.805772247083889	0.764727907224071	1	0.100061364875542	0.0754742531862125	0.584808371773776	0.160791290270142	0.0844421652700689	0.0813007864960256	0.114100157537938	0.294736015524862	0.0849266260275558	0.376153655181133	0.235818328005541	0.165068896363909	0.102249564930852	0.132741281821277	0.284896133088511	0.127922756409473	0.583499428692198	0.0717028131234443	0.106248375465724	0.261266641268503	0.255866124088325	0.0930547566041274	0.311414311026355	0.155960183538202	0.342157367579821	0.0551827092259836	-0.0563536927709875	0.0384501082960786	0.00488632138888821	0.172880031476237	-0.0701286600023883	-0.056152147424913	-0.0438978864697283	-0.0533832035036377	-0.0133529951086231	-0.087866551597798	-0.0154718257436604	-0.0301344047012007	-0.0128739855748865	0.0516645117933417	0.122980410235217	0.0255848754880107	0.133798880622772	0.223995257723881	0.0479621781801283	0.0329227731473823	0.0868596451000677	0.0397529016632072	0.0820521010798089	0.167942568906735
0.0940455591917611	0.0812970590298951	0.0672507714625226	0.124935710648893	0.100340181248474	0.288055230232656	0.0545865700244534	0.0306066928723759	0.0809104008878962	0.0375855920817121	0.0528409020492775	0.170472376557546	0.0209032676797029	0.168570622795266	0.184237532585241	0.0474924501937261	0.100061364875542	1	0.208364596501934	0.128303665477783	0.0971274624045791	0.0868513648232586	0.0162408012383775	0.0525639694537287	0.170913687745338	0.00131495484251417	0.274205734684343	0.119530881221976	0.101865136170882	0.035792403509756	0.00380064268396133	0.377243018087906	0.0655236724323643	0.109201983581363	0.126854914809809	0.116093525788224	0.194344735921628	0.147074399962848	0.0994909796408427	0.17005082611772	0.051935569535212	0.247191846867775	0.0458196214226514	-0.0406477003869935	-0.00977449844756222	-0.0463837608406592	0.0864468510583884	0.0101425250148561	0.0338620941225561	0.0236292259668111	0.0244442812526713	-0.00700784923277066	0.00445630608892334	0.0513721798050255	0.00524901162077581	0.0148683285093269	0.0840284486025012	0.0269602738241827	0.00705539552184498	0.0369227655523075	0.0345185060405058	-0.00515203115855524	0.0267258087498004	0.0235019604859107	0.0096087621965825	0.0312739858464519	0.181438411589652
0.148615715721564	0.256963107717727	0.249642989576919	0.264705753988563	0.131575654056796	0.296408719807561	0.198051663272804	0.169659454340398	0.182024825096839	0.164001951797668	0.0638103312719476	0.269184579021245	0.0149810468954407	0.156678577398866	0.144289829870307	0.00186074788811441	0.0754742531862125	0.208364596501934	1	0.0146235615135103	0.261696537341333	0.143091009884274	0.186177995179934	0.0901812526157681	0.2151307847846	0.101048327174909	0.228853012623157	0.185730280318953	0.118100719544242	0.0958756836895993	-0.00596181712162419	0.20112072025071	-0.0300300406878961	0.0249752717035358	0.182561569770464	0.249693345447404	0.25623294798235	0.212249176579801	0.265992714424067	0.287454678380447	0.262188563782306	0.325513564666977	0.30901749479053	0.0164820231031243	0.0122935892182711	-0.00690525369351486	0.124416562088864	0.117110147016428	0.116644383956068	0.0798268734225973	0.142247252302165	0.045384671042812	0.162516925442986	0.165626789818884	0.167326794285852	0.145789776631201	0.179545222900087	0.0575333882671069	-0.0303052311717227	0.157967685640901	0.185480526238724	-0.016516289716464	0.0780654453028614	0.0654766197011002	0.113038108141593	0.0311253852550441	0.0897671807055137
0.130200154243105	0.0568527162286199	0.131229790141428	0.0610412588468106	0.0148052620629043	0.278869518356247	0.0337726958219414	-0.0397020878043138	0.0400822158771881	0.11628453943582	0.0897944120362882	0.281253193855343	0.118136521855527	0.0462977326239526	0.439544817370841	0.192604257395389	0.584808371773776	0.128303665477783	0.0146235615135103	1	0.130895266229081	0.0936185793658869	0.0461103769265849	0.0809183883633753	0.257565416239664	-0.00114743176301521	0.417054696565587	0.179463625093023	0.179193441273874	0.0806286119133695	0.024103878112639	0.290508246207155	0.228987121593384	0.94103223033603	0.0909778066433445	0.114664211784077	0.27017663908964	0.142018991536799	0.0689144645308237	0.23749221121279	0.116597022225398	0.282418857781448	0.0874462424374892	-0.0555773214893116	-0.0281861813774071	-0.0302014851879728	0.127285458277256	-0.0460489602063075	-0.0498454454135165	-0.0421770817762534	-0.0538105179218638	-0.0337340132662509	-0.0796695697622541	-0.0210169875460054	-0.0411311597577911	-0.00331839027823433	0.0418777054954331	0.202944217343335	0.0926256153632356	0.097182792354933	0.189630552691193	0.18498237268444	0.0892346665135099	0.167262274352421	0.111298982720219	0.190345071417484	0.228044029509905
0.351560991009856	0.689915476306382	0.698874931706953	0.664110833875394	0.352250629578729	0.545906537725206	0.534812056754897	0.479279867059094	0.516530635194338	0.43855938807878	0.25458728019376	0.438089458612229	0.154840687500057	0.399559588470281	0.352813284545153	0.0958190622890233	0.160791290270142	0.0971274624045791	0.261696537341333	0.130895266229081	1	0.669905276851367	0.568842392577453	0.327130715660529	0.73540597096723	0.587854508814319	0.497841161902817	0.720602340550563	0.483965493112178	0.413267539293563	0.21937479311839	0.276338332513889	0.379258139451163	0.19104260559424	0.548954492420103	0.741576549871521	0.60649227924358	0.717478051310262	0.639869510886152	0.602976553338773	0.697446523084868	0.641941584568947	0.665339951680373	0.133032835850463	0.0267084778590073	0.0312425196534716	0.286379751878546	0.290741739537155	0.313403930758306	0.280063812968402	0.319087930542456	0.157344675022766	0.359221404634305	0.496421747649959	0.471039750577631	0.37840175246835	0.515522109174704	0.357212130672188	0.026178852294207	0.430768333678645	0.396142965566682	0.104125659423715	0.275124548478285	0.127394155124351	0.189767397514601	0.110985975598168	0.28327300446655
0.39835978005909	0.623270955631607	0.651562063096741	0.535721690541902	0.418088498427282	0.420158707497173	0.521168489565018	0.5214295262749	0.490875367887886	0.370252827726027	0.322001875745465	0.439855877718002	0.185114767657219	0.535059601959164	0.375981902692612	0.0534494164017475	0.0844421652700689	0.0868513648232586	0.143091009884274	0.0936185793658869	0.669905276851367	1	0.64405749924596	0.439461276388747	0.576887488967898	0.421023788106623	0.437297640532035	0.550677214678697	0.531105503360023	0.585185798800652	0.403331764450573	0.20492210954641	0.398826780794031	0.124912404349218	0.654763285945118	0.74500908970582	0.634163327793318	0.601295006228935	0.6770862418262	0.542737457454107	0.531942770955895	0.634820789993439	0.518968952511779	0.406538658937262	0.115975978452759	0.112471604615065	0.344616983138282	0.449460513200745	0.462334670743305	0.366739259945764	0.45171625840376	0.202912794598895	0.478360835316157	0.500815607573863	0.500729107919993	0.359907401051548	0.489587761251246	0.23323880523293	-0.00110961884457622	0.368481458613852	0.321227791470744	0.0528886792153758	0.256468343183204	0.0179965473206046	0.0971571038176556	0.0175188712896728	0.300221921947786
0.313989822464721	0.556874337416257	0.625099503886886	0.477440523797713	0.332316936652566	0.269150918986658	0.405567102385409	0.333956807641643	0.402115616468898	0.348568076051295	0.2273626772381	0.362147430537956	0.193440291251185	0.270810175801673	0.216871091184775	0.0374588218268574	0.0813007864960256	0.0162408012383775	0.186177995179934	0.0461103769265849	0.568842392577453	0.64405749924596	1	0.831363556095084	0.433239821636951	0.367591088943533	0.268062184495372	0.431884278174807	0.408027914107468	0.713181888493358	0.635287982091856	0.150572346783646	0.260662045726297	0.107756893473589	0.28636471829307	0.543745032882563	0.496232834394681	0.451691077207035	0.519034802286238	0.388128385648966	0.533581822880982	0.457063896483777	0.52934781630307	0.22557819381855	0.0278863509016415	0.171693038608811	0.264210430513149	0.139815929615136	0.149932702576348	0.13646274075513	0.166003165010976	0.128556339249346	0.226094942123397	0.352106200849762	0.337652895717086	0.392602301294089	0.394545439713544	0.357541319912599	0.0806170967103166	0.342486307763108	0.293518496992465	0.160448878316738	0.251483868622552	0.168185605549188	0.216726595160176	0.154199620450951	0.153266429050251
0.214713697873767	0.262969711349133	0.303392163495199	0.264363839703387	0.239353443417954	0.18313873358408	0.133187983790336	0.1066004211999	0.134767466995171	0.11060555818701	0.0844489226012524	0.213420382366227	0.195199581514357	0.244702476687168	0.228908649555787	0.0798856865631191	0.114100157537938	0.0525639694537287	0.0901812526157681	0.0809183883633753	0.327130715660529	0.439461276388747	0.831363556095084	1	0.290857117432187	0.228793252387753	0.201563747781497	0.283794080792583	0.215571025304814	0.668761972670155	0.773881516864116	0.163257785619209	0.167083182868521	0.0994597022663797	0.157041560067848	0.265306382942155	0.340475899168743	0.286113070475965	0.298847697979944	0.251390504457409	0.22400457881201	0.285603762887428	0.216278348554522	0.122843982505627	0.0122451745651646	0.105273348458697	0.192245747383395	0.0530660684003665	0.0586082402747443	0.0647731354872879	0.0663861884449425	0.102110021781282	0.0785716866796736	0.095838470898968	0.113539911285265	0.131787764669149	0.131844350259392	0.113476068781253	0.0251576603435605	0.106068228273344	0.104632725522506	0.0673186170649686	0.0924981816981339	0.0687684454956274	0.0754316574319336	0.0569733319748095	0.0982188745324142
0.320987842997117	0.511390119011958	0.527854134223768	0.548592935404243	0.242327849015724	0.642189374529328	0.330769373102825	0.276605920431001	0.323220723236861	0.301578052406032	0.125362285416873	0.435414958960066	0.153364124144561	0.445533511096303	0.485455435414766	0.231641754461939	0.294736015524862	0.170913687745338	0.2151307847846	0.257565416239664	0.73540597096723	0.576887488967898	0.433239821636951	0.290857117432187	1	0.786759175069949	0.691746909469677	0.975806625460985	0.386303563669993	0.400299200332297	0.263806116763017	0.385281161645184	0.382376650211949	0.300119109297996	0.510081585241178	0.612720566054481	0.609469971933328	0.801820066790699	0.568630720125874	0.606933410178425	0.471600596366007	0.61469387961667	0.461232028339921	0.0262821600366631	0.00101283998620756	0.0296880568822982	0.272551057389172	0.220519468445224	0.235335125824848	0.213383588960084	0.236743557265609	0.112650199030474	0.242288761151576	0.279350369953259	0.231353025895885	0.177973674466859	0.326064892565373	0.22128478163946	0.0332556252878097	0.289752020275052	0.307985138793637	0.104924887083939	0.107597664141	0.146682333878483	0.119727244685237	0.125082879902192	0.304061237800169
0.0975413215973139	0.283833496570869	0.279601188132227	0.354791360609364	0.135374764716411	0.220110671307731	0.160180396705293	0.169818071219524	0.136582840504211	0.118401876760823	-0.0267900843495738	0.203017816252126	0.174588548258203	0.402053709371058	0.309843797710803	0.154398262402763	0.0849266260275558	0.00131495484251417	0.101048327174909	-0.00114743176301521	0.587854508814319	0.421023788106623	0.367591088943533	0.228793252387753	0.786759175069949	1	0.0985180929894876	0.902659502839562	0.0894074478442606	0.383635143291349	0.342295693109236	0.0863103581762423	0.292791414940318	0.00770602140136033	0.308943220453464	0.335768437623208	0.240164620651554	0.718226189566794	0.433733740133782	0.300464832071672	0.287953124476827	0.198462024162259	0.27820994012503	-0.0537859246492402	0.0126799598687575	-0.0752714119749732	0.0661328465215196	0.155447439327921	0.175947888902074	0.154981052308475	0.154200550925805	0.0753805757266154	0.174754230025306	0.163696275876379	0.135404469826001	0.0641580420931274	0.138060376910588	0.102917762414771	-0.00699933624572567	0.112082840175968	0.11389520206336	0.0664911772324335	-0.0246135370074042	0.104186860923161	0.0501934306213632	0.0634033460225148	0.0220867740761202
0.403302234863113	0.492115180446035	0.523175687255202	0.469221217705116	0.232602717966466	0.777811052024864	0.345551986526063	0.247138501028341	0.361095548824692	0.347127478459773	0.23256302489134	0.464110423409947	0.0431720518461227	0.248221457523935	0.420587525396485	0.19303380607562	0.376153655181133	0.274205734684343	0.228853012623157	0.417054696565587	0.497841161902817	0.437297640532035	0.268062184495372	0.201563747781497	0.691746909469677	0.0985180929894876	1	0.517167461334389	0.517797424674259	0.196827141621445	0.0251885413794567	0.52019045571422	0.274366673426097	0.475094844666713	0.461299019330989	0.594772593912834	0.701648322161975	0.452197768423009	0.409670734542027	0.627005887388333	0.422961571340431	0.758754488471594	0.417307004415171	0.105203367521991	-0.0132934955930652	0.136217926997056	0.361984989487997	0.173795585880605	0.173671188964963	0.162702640542616	0.201330846102358	0.0934878353314277	0.18627570982509	0.25863510070553	0.214393051697033	0.211316351290442	0.363954872204878	0.236335049741844	0.0614927545525818	0.33541248313922	0.363108855771515	0.091462275197985	0.20183681759253	0.114289125201738	0.134301146305428	0.127296073364419	0.464278057444155
0.25812692342411	0.45665981352846	0.466698036791537	0.508031508363628	0.216766569152028	0.525360105706668	0.286658183156971	0.252339558875624	0.273101502705451	0.251690353165463	0.0776503244081289	0.375384283600403	0.169149106791167	0.452759352231586	0.448215866493371	0.216237362727208	0.235818328005541	0.119530881221976	0.185730280318953	0.179463625093023	0.720602340550563	0.550677214678697	0.431884278174807	0.283794080792583	0.975806625460985	0.902659502839562	0.517167461334389	1	0.300850064158326	0.415028643818743	0.305181396990411	0.299449641056781	0.370442183938063	0.212211392569775	0.464657121905704	0.545639757228897	0.509715234271104	0.813065416294434	0.549816826516835	0.529471680453881	0.430477580859692	0.498869026384457	0.419779554912234	-0.000739998172940622	0.00510138969874197	-0.0060644800885142	0.213258790059946	0.208425389987247	0.226138213406494	0.203389965943861	0.21932598496163	0.105094510577422	0.230386640414977	0.252021581603567	0.208621985993252	0.14627578287411	0.275601780077762	0.190520968339344	0.0207779997823367	0.241159785747547	0.254714403534068	0.0966172325628734	0.0663077911310034	0.139552593443086	0.101560931667264	0.10995540600345	0.219883835944495
0.363830963138745	0.644971901786362	0.760665224835897	0.422672994626693	0.247929565569205	0.357081619097852	0.587554548111679	0.497346445486829	0.589348713623592	0.506757518968736	0.839963012129776	0.413938784052091	0.0548229647355742	0.286423388387052	0.286577506338783	0.0719694169864856	0.165068896363909	0.101865136170882	0.118100719544242	0.179193441273874	0.483965493112178	0.531105503360023	0.408027914107468	0.215571025304814	0.386303563669993	0.0894074478442606	0.517797424674259	0.300850064158326	1	0.330719328182558	-0.0204967573984267	0.216264411414504	0.4338648969035	0.232909761744984	0.358826978867704	0.683915309481299	0.4988369480564	0.34011690544169	0.543522123037403	0.458224828457609	0.63190138522207	0.625676274006635	0.718716821699558	0.148312702696477	0.0908343474069515	0.2481707402569	0.310476672946999	0.227809197950699	0.241589452589392	0.219847552237655	0.249540406610184	0.132945933298729	0.295864056534851	0.548915711468801	0.511983467712803	0.563544056367688	0.583517443593256	0.468867971228922	0.0654095172969551	0.487669016743875	0.43621811979931	0.130803690939093	0.787800393536373	0.185501620342954	0.351966111520633	0.246109115135359	0.28644499674952
0.18678559736289	0.366709606239914	0.437637015013982	0.317967867940759	0.301478394478592	0.162556245491702	0.266449801231706	0.270476209900897	0.240733813268345	0.182653299643081	0.202587252133945	0.212740207449677	0.17756349483282	0.433678315887345	0.333718912780116	0.0993492596622104	0.102249564930852	0.035792403509756	0.0958756836895993	0.0806286119133695	0.413267539293563	0.585185798800652	0.713181888493358	0.668761972670155	0.400299200332297	0.383635143291349	0.196827141621445	0.415028643818743	0.330719328182558	1	0.707016749211184	0.162474391582143	0.477454974564589	0.0881721032641879	0.326777567822795	0.415675651594482	0.322345346466217	0.488060692738238	0.498022889032553	0.317653339228706	0.335568750627924	0.348509494490947	0.370091168837739	0.0729189926284913	0.0606002638828144	0.0813357672395894	0.15274473141019	0.220609125616869	0.230531100836778	0.177423670912623	0.211906500101219	0.117007826480525	0.258661901766614	0.249879931166161	0.276477620287948	0.254592824778671	0.226543421207741	0.340128345961231	0.25764372958057	0.15779822425214	0.201084907891412	0.333599283653111	0.189036889306208	0.34693086303873	0.271477523199884	0.328956935480762	0.131361017330355
0.0795661185477184	0.0488721581844129	0.0319562727244062	0.125231332794127	0.180830041825578	0.0777932864634325	-0.0478973798610975	-0.0342159020214772	-0.0617422509087078	-0.0379121959579124	-0.086222870017038	0.0681086977532819	0.219394097257396	0.300355589737861	0.286691648268085	0.193955608788273	0.132741281821277	0.00380064268396133	-0.00596181712162419	0.024103878112639	0.21937479311839	0.403331764450573	0.635287982091856	0.773881516864116	0.263806116763017	0.342295693109236	0.0251885413794567	0.305181396990411	-0.0204967573984267	0.707016749211184	1	0.0767903605793173	0.12755151706606	-0.00302959607967231	0.11084652990111	0.0525971438491645	0.102632712983346	0.355356913160777	0.175878396480844	0.1087052522183	0.0305313981310462	0.0617756609769781	-0.0405403195057749	0.0398952658938559	0.0125463398796395	0.00575361084139135	0.074463517235116	0.00371936013520176	0.0106684174342941	0.0119021019658539	0.00598794045376533	0.0409831984188435	-0.00560906040468331	-0.0593329369150161	-0.0289047571683445	-0.0785858586419335	-0.0627334946553005	-0.0643783794591849	-0.0386820941502752	-0.0424562198423604	0.00214372724125465	-0.0289989565639617	-0.0964594452777179	-0.0370170400748053	-0.0516872078590238	-0.0536808453486533	-0.015574698879723
0.229634895141206	0.264175967595586	0.248162398023832	0.35249007669402	0.31597172182118	0.432634169084443	0.129630166133707	0.0529150858279471	0.163417084105764	0.156691118752093	0.0879591443077339	0.372456799600835	0.179416100507515	0.215420269136624	0.339659835489774	0.170445299368923	0.284896133088511	0.377243018087906	0.20112072025071	0.290508246207155	0.276338332513889	0.20492210954641	0.150572346783646	0.163257785619209	0.385281161645184	0.0863103581762423	0.52019045571422	0.299449641056781	0.216264411414504	0.162474391582143	0.0767903605793173	1	0.192263101652298	0.331052205967066	0.296013227437206	0.293212020812136	0.415346637488893	0.249322715599955	0.254130832651607	0.42242387572672	0.16561212896742	0.562867668603643	0.194212044193057	-0.0955688407611505	-0.0405274794055753	-0.0199582099610293	0.204533715990396	0.0453214760764856	0.0569406759399803	0.015565496184655	0.0461666942178216	-0.0131227539600202	0.0248695040459807	0.0698287975308426	0.0285653239682693	0.109894096813966	0.162557729333098	0.109579329446386	0.0461936357969859	0.143882217807179	0.199996497427378	0.108573103591078	0.0563412159711764	0.0954591226796443	0.0585607677096273	0.100058781668535	0.340894549401832
