Var	PC1	PC2	PC3	PC4	PC5	PC6	PC7	PC8	PC9	PC10	PC11	PC12	PC13	PC14	PC15	PC16	PC17	PC18	PC19	PC20	PC21	PC22	PC23	PC24	PC25	PC26	PC27	PC28	PC29	PC30	PC31
F_CITMLB	-0.195078186141193	0.0263411625004807	-0.177258570859397	0.330109363322112	-0.210154425190562	0.0835860763646445	-0.0825104822153333	-0.175958950818511	0.0779530758178642	0.118186889955455	-0.121745596008956	-0.184885444373862	0.22221632160407	-0.017148043289511	-0.172579312604237	-0.045026017207314	-0.15039304544791	0.363670116918451	0.178024396670751	0.205517880918687	-0.256266944846504	-0.021909684122199	-0.353697286639177	0.177766183103376	0.105115984218408	0.24611209772489	-0.238931587170124	-0.0115059454981944	0.0300225620099557	2.48464014419202e-16	0
F_TOTAL	-0.18058537779143	0.122393953526907	-0.179244998475338	0.408630776871743	-0.175480443709282	0.00771306776461513	0.109387329756671	0.0386746065104348	0.14303227269175	-0.0450549753869839	0.0227517245938508	0.199826375037383	0.222507379854808	-0.0168819171054998	-0.0620737329589857	-0.0652454121815945	-0.0488012581186323	0.0373589029300727	0.191333003722572	-0.0743247993401714	0.311643952347858	-0.139469810650488	0.239903522659583	0.140504094595156	0.0596934318890509	-0.113171849415653	0.574485183943909	0.0442958902924349	0.00060746362329232	-1.61075584068385e-16	-2.86351946211163e-17
F_JUICE	-0.0580665013916436	0.0791854122747854	0.0418935755003061	0.251602731866916	-0.041095763531126	-0.170153931340269	0.239015223518177	0.236793330362799	-0.0511310720810318	-0.0826079646949533	0.179040233341059	0.398649295419885	0.273930751930174	0.374661045497895	0.304148930482239	0.199096961806446	0.120566107671076	-0.00350738607953523	-0.113662515585732	0.202802084626992	0.0547885776749823	0.245896621149777	-0.150074672443715	-0.0572270646660114	-0.0956738055439241	0.0843485119870943	-0.243205282179616	-0.0113416193754939	-0.00904968617399458	-1.22963628707875e-16	7.05140978947131e-17
V_DRKGR	-0.155137598976237	-0.00993372021366467	-0.0276936934447364	0.289166892563265	0.333916609643824	0.223140264314957	-0.268889646391377	-0.186056925775351	-0.166539242174411	0.121476890804173	-0.134407158436543	0.09753703546794	0.0425206161972415	0.000279645822806185	0.0577778027710528	0.182221367916755	0.114022243978033	0.123440432938538	-0.0509072515141721	0.120378069525992	-0.148835483378335	0.0356631381390369	0.441395393193404	0.0207421321815594	-0.0972425707950253	-0.350219585051235	-0.173655772050535	-0.212805086227127	-0.020518029559219	-0.192692901793587	-0.0755515543571489
V_REDOR_TOTAL	-0.34327093887683	0.0161252013901804	-0.0502038589417598	-0.292398544620719	-0.0281766286933697	0.0243063679689087	-0.138684172899352	0.10944447814761	0.0297674900533683	0.0875958236521691	-0.0920265607951332	0.120254543474554	0.0847083455676779	-0.138323691064761	0.218724682612171	0.046755442200904	-0.0152595375809662	-0.226637097030294	-0.0854593996400758	-0.059449596539378	-0.0827565342524335	0.246883156552425	-0.179041116825808	0.529547778052903	0.263070568600782	-0.167596033239572	0.0542440680611415	0.183222393489383	0.00235423779004867	-0.258244861902648	-0.101253344258587
V_REDOR_OTHER	-0.333067494004191	0.156170218491783	-0.0282482751527362	-0.187587407889891	-0.058989824523925	0.173984996828656	0.0337685638100836	-0.0136474055955272	0.0719823323327436	0.0473351947172428	-0.17189003263096	-0.0238736643342743	0.00984091056366348	-0.0173915065139266	0.307975105838978	0.0986353138029512	-0.343783309175826	-0.118799959603202	0.101198588621357	-0.118434326568715	0.0599729336503877	-0.0103206937696194	0.28581927527178	-0.0603164638683579	-0.34877469997316	0.508448253562208	-0.060556687398663	-0.147188840147374	-0.000568421902615361	-2.3956094731855e-16	1.26764913930152e-16
V_STARCHY_TOTAL	-0.200425689781869	0.081995381001185	0.290391283522965	-0.0543989375922263	0.101077319746828	0.135656769837126	0.376562136916347	-0.0918799912227042	0.104359196529824	-0.20158491086427	-0.0510831242726592	-0.0776129717058364	-0.147045515542727	0.238548643690779	-0.191260090222132	-0.217232189920651	0.122359864251001	0.0700630429293877	-0.210788496158348	0.120505742364153	0.174964611099627	-0.182892735717859	0.0200998928758725	0.158643647226488	0.189794574176332	0.130892859380687	-0.0506084700306239	-0.259324545856951	0.00858595755643943	-0.387224655547156	-0.151824090766652
V_STARCHY_OTHER	-0.29517395660041	0.144074925585284	0.107305772653581	-0.145929330484137	0.00199437391844133	0.135213460529919	0.278920572407792	-0.202468540504911	-0.0444515843750677	-0.0478207699184212	-0.0218311188367497	0.0416855222153689	-0.14252047534913	-0.175415397842528	0.143709205981173	0.166783542235286	-0.191990591103119	0.359495928223432	0.0228068993787598	0.119308061536729	0.118157325984928	0.0311313067738076	-0.176401727631074	-0.391163260848597	0.0279929793112308	-0.330805048133203	0.0371826228456054	0.350714440284965	-0.0411291591296543	-4.61946866941557e-17	1.21236284706411e-16
V_OTHER	-0.341549644969818	0.0604963112879655	-0.00628021042193128	-0.0798370801145303	-0.00578487807682222	-0.202831726146626	-0.262129653683559	0.234531061634018	-0.0845866396288072	0.0667409862690951	0.0626762239338051	0.065130311372623	0.0352015048859816	-0.0310226574462648	-0.106977818487184	-0.124903519715917	0.257787383069526	-0.144086900656435	0.271931792557502	0.101983301911627	-0.174453958863552	-0.189952199826639	-0.151594792182386	-0.479957696301683	-0.0342158963188191	0.0663608296898275	0.135317584606913	-0.0664349104818199	0.0599190596321796	-0.343391382200173	-0.134637822341083
V_TOTAL	-0.44546677334868	0.0778475211456609	0.130737554123364	-0.0970275590297153	0.133908631986139	0.0456976407979069	-0.0452329015761816	0.0531105841858199	-0.0185321638472031	-0.0129495103649902	-0.0681095508992794	0.0599210914465613	-0.0210098591239165	0.0654499188308193	-0.0613659762821526	-0.113444712730038	0.218775082490284	-0.0811379522532868	-0.0285985976375284	0.127237910700424	-0.0599850781401146	-0.0929773229253667	-0.00775404871926823	0.0531075664615078	0.157674944728779	-0.0530019884292916	0.0105399521431547	-0.166170304155348	0.0292129806433795	0.703614416262811	0.275875044290409
PF_LEGUMES	-0.117585740460147	-0.0809774757916554	-0.0396180328383878	0.141346688667099	-0.0734527246074048	-0.402429483039144	0.0281225110250138	-0.0501240439948281	-0.157786176502018	0.389455529380811	0.013919297490504	-0.153376797956442	-0.242084015714208	0.164884513044042	-0.0173536842440523	-0.131108648767986	-0.44779336519556	-0.27100177236011	-0.134863814629668	0.360272463903421	0.14278271354138	0.0217780690077862	0.11623577296717	-0.0317309940065708	0.114437521616287	-0.113397517864277	-0.0226920048647718	-0.00683031328341965	-0.00255449012554804	2.92737419761062e-17	9.34672895132703e-18
G_WHOLE	-0.143785532148586	0.140354572592726	-0.222713131509142	0.0431467695905791	0.00795295750224232	-0.0100289968254777	0.0893194742610693	0.0323325184590441	-0.169554573573537	-0.1114165091973	0.470992728250578	-0.0795921234303665	-0.510822971724289	-0.0919922568013563	-0.168804308829043	0.190828041161797	0.150321451673166	0.0425278710963259	0.328739540961494	0.0432321358855694	0.0451861779740157	0.274816734119534	0.0699101198578649	0.237037555175369	-0.0824413386527901	0.0961994766806739	-0.0587286020569598	-0.0447094097270418	0.0291369613305283	-1.411990814816e-16	6.24300696327526e-17
G_TOTAL	-0.175907884161406	-0.286873341295407	-0.0846285424116481	0.0122005776130916	-0.0801032282058693	-0.115939730632073	0.223464000056224	-0.0573667291114828	-0.11632283994764	0.245995101136791	0.12583518879927	0.329422476280674	-0.0253378170793969	-0.103746580915632	-0.122254180154422	0.0228438982858066	-0.108250375053108	0.0947796038239365	-0.0323745271452952	-0.604926217931333	-0.0163483356265369	-0.111820571910418	-0.0441499655989773	-0.0830397223327219	0.182789727791746	-0.0503106820600148	-0.23559696266659	-0.28188662101616	0.0296941463496759	8.04778055154454e-17	-7.55158557005392e-17
PF_MEAT	-0.0229837060805329	0.015158029662001	0.280997086832921	-0.179548213657847	-0.332333823851887	0.255023757190448	-0.0974243158639704	0.0260559466222599	-0.161798662470374	0.113216722365424	0.0341653334795295	-0.00461369782872062	0.199562470880183	0.26691690610819	-0.452767888723688	0.0688056244059719	-0.103159367001377	-0.00098570407266822	0.0227854462739884	-0.0487259837623866	0.0184244758989248	0.41499322946027	0.0941486129338582	-0.089166815819489	-0.0576473775395475	-0.0820054031723425	0.0993314454470314	-0.0416863519267007	0.0192170720210617	-0.124576600035523	0.317730412837664
PF_CUREDMEAT	-0.0300981356133743	-0.12129569805259	0.0242531381083254	0.101293621919704	0.142806011254239	0.263481538211131	-0.0572019660293023	0.0148082027664652	0.568789222393029	-0.00955844439642797	0.297672914972481	-0.000353817345500946	-0.133490690531412	0.280505826432811	0.00934704492858381	0.22768570664066	-0.234473075249309	-0.276401425343872	0.137322973450839	-0.0315007545548514	-0.193634687415377	-0.199982905217154	-0.115167003543346	-0.0627701929106777	0.0656368193504498	-0.160341507056313	-0.0384443219499039	0.0369710184039118	0.0289375172922784	-0.0729653764177738	0.186096900745919
PF_ORGAN	-0.0198778734065891	0.0017946931750241	-0.0184250966599823	0.247158625287797	0.307079498652497	0.334280509807058	-0.200738858255022	-0.254702622781561	-0.26929774768759	0.198709095269094	0.0699492024280904	0.0807687573928786	-0.0848237018793357	0.107126317499274	0.0189939113468762	-0.0915811405744281	0.0819685635369078	-0.191920948117999	-0.143602937649363	-0.161502706524738	0.30770192343031	0.0671132643969627	-0.31829723631571	-0.0926084841224197	0.0588649119472511	0.320402766716739	0.126263653370456	0.233066496451874	0.00409760172050266	-0.00719101352967516	0.0183405526949156
PF_POULT	0.0360297086629301	0.0104387281886508	0.275152297230118	0.283939445935559	0.170920784285793	-0.0936653334968521	0.0811105351802518	0.269461129099067	-0.169568411649612	-0.0872922627207014	-0.333411904307317	-0.00190343792570877	-0.302054654220084	0.0846089748431157	0.197221738537315	-0.21651680703249	-0.140675547115411	0.122107509908421	0.245694230664445	-0.225797905014105	-0.234606391274456	0.0960182005066976	-0.118062194991825	0.103375061145774	-0.0658366931914764	-0.0424842325383204	0.119506366843815	0.0120680256881519	0.00404157790266637	-0.13553147502287	0.345670627543493
PF_SEAFD_HI	-0.0559201137080158	0.1473591053431	0.00686353667154867	-0.0141213698978192	-0.117819365439648	-0.17954727590696	0.11307973144905	-0.372268500907069	0.203294378301369	0.284047161007818	0.0761519196930257	-0.348070239372601	0.0826835816933816	0.234107702747119	0.308085998032359	-0.19920987076517	0.409599527323704	-0.00507177004971137	0.161025600343248	-0.255423186107957	-0.00290965543855673	0.14396760496765	0.103584115784637	-0.0406406280998103	-0.0185163947878955	-0.117854715679869	-0.0671522953674	0.0768829325287556	-0.00542588600269948	-0.0453687275713839	0.115712136445086
PF_SEAFD_LOW	0.0658632168213509	0.101163526416013	0.266810432936536	0.0736841460004131	-0.425832215890761	0.0801569397729556	-0.23438783993509	-0.0122319586264999	-0.0610550552854813	0.104936081937115	0.229191349628707	0.153610531786805	-0.151918764105275	-0.269605574364243	0.238901185489746	-0.0215791277542375	0.119733328397468	0.0601454360763467	-0.146695412428633	0.131220240008358	0.121419804843097	-0.380680844589432	0.0240470628537111	0.132416722470526	-0.0277856540183686	0.0263144862837959	-0.140489971897126	-0.00703577453864837	-0.021823782958398	-0.148545449081843	0.378862537976409
PF_TOTAL	-0.0311537265913646	0.0134637252662067	0.501318175376697	0.203970080416394	-0.264891592648067	0.0928545398771211	-0.171624849949103	0.00721278528356398	0.00169418657690453	0.00281328508150837	0.130961922464272	-0.0708079987821052	-0.116989005556812	0.0336753964176522	0.107889221323606	-0.0188579678861168	-0.0745720730373919	-0.023544210987262	0.0453929083933435	-0.144995471902109	-0.0808113521751915	0.0790756907311158	-0.0776085682679442	0.0306391474434424	-0.0732149660163472	-0.0993695116894591	0.0681905169208554	-0.0924341200454405	0.00278147750354263	0.25058420837797	-0.639110587027004
PF_EGGS	-0.03068575657459	-0.200394395143757	0.114849492047927	0.0343098980545946	0.0609913607584654	-0.0947864821044024	0.0994941364352822	-0.490789787795403	0.0442237941437678	-0.262782971624862	0.16682173204363	0.200952827954024	0.138413277890305	-0.317112728694183	0.0248832015717804	-0.286544035195727	-0.0982328017912494	-0.24678132891929	0.049955084162625	0.169284694597409	-0.150595863736526	0.226826351416161	-0.132608990790526	0.0116029271035755	-0.261242420772755	-0.0323234456136241	0.117110490024436	-0.214318751081402	0.0272115643958687	-0.0463949436128392	0.118329482290286
PF_SOY	-0.0878818382948599	0.050847588627156	-0.128029156597784	-0.101080338505644	0.146705816479529	0.0233414624985232	-0.309812859485841	0.153346951748712	-0.0602579648988284	-0.281915185235197	0.417078741107111	-0.116516155378335	0.169829750969736	0.124983194259061	0.151105247834588	-0.480157455316213	-0.296387782544639	0.282757166761574	-0.0704154425173882	-0.117678871439648	0.109449614995783	0.0502930406611341	0.0992057598753918	-0.0395623790139749	0.0923796991955766	-0.085901515647434	-0.136953017717767	-0.00638040834198562	-0.0724040447966504	-0.00863244610254414	0.0220169009523304
PF_NUTSDS	-0.180458970507206	-0.0567371746309446	0.10811158644685	0.212841074676285	0.0536947374017964	-0.244429779737253	-0.12220598688796	0.0423379595829417	0.0332395334262254	-0.232176027916248	0.038608658487455	-0.471706774679458	0.11558506335224	-0.207846370177285	0.0570375167604656	0.428086948982592	0.00714266616079149	-0.00681895863586651	-0.301554278566677	-0.157327562694434	0.133777253935606	0.11891903953991	-0.107231892486421	-0.115040698683228	0.127032881650698	0.0596366698533141	0.144892545349696	-0.236116709843164	-0.0220707226050566	-0.0695551635210373	0.177399213128538
D_MILK	-0.0746611935551409	-0.112833736095779	-0.215311897895985	0.09223395525742	-0.311937322007483	0.208381479627239	0.156243715430017	-0.0703937807620972	-0.384664992709276	-0.343227456158849	-0.0480763949536926	-0.16124476132947	0.0129093020316948	0.135871299383704	0.0889707762954154	0.00130227724624388	0.0420196119555515	-0.327107219002983	-0.00619510703054823	-0.0530024472119981	-0.237294135559802	-0.171915815304554	0.051240363379295	-0.0708375479562123	0.110364643483874	-0.0747296133044301	-0.049630225552076	0.09300249950802	-0.449563354607979	9.7374275588299e-17	6.63927210155468e-17
D_YOGURT	-0.0778720976422715	0.057326618574048	-0.195984478285067	0.230250563828024	-0.220218644910267	0.105421530580412	-0.0992009425929776	0.156728820007152	0.388553264654209	-0.116588051802357	-0.271101814345216	0.098882770543622	-0.277015623881363	-0.187358522775022	-0.12519993817362	-0.260227839405625	0.111793280890111	-0.132586026297251	-0.217877976964006	-0.0574651050491324	0.148141293837973	0.342231714894956	0.0268349697564224	-0.234872296750539	-0.0243818240488642	-0.071601459917207	-0.274230030612488	0.0277220199574084	-0.0681147251148746	-7.11047220787855e-17	2.86164778907499e-17
D_CHEESE	-0.107246532874244	-0.453723635375832	-0.0446708115177503	-0.131701513816884	0.00657912567088287	-0.0294766386527178	-0.117859995752094	0.053567812299713	0.140180945473235	0.139636731821351	-0.0474993835916202	0.0121918663589076	-0.113864873775569	0.14807902855748	0.0309431746532323	0.0154831124156201	0.112329831398247	0.25253606908239	0.0358559772576136	0.0931216359801285	0.225864691206785	0.00685367826400616	-0.181787450747966	0.110188825749014	-0.323584865444837	-0.0290499324168271	0.151159970615611	-0.131435266579184	-0.582838229496691	-1.38472133586305e-17	1.48137155907784e-16
D_TOTAL	-0.121704473358974	-0.400192786278982	-0.207700960130473	-0.0360250394756285	-0.203572218784489	0.107249261176652	-0.0364821491525342	0.0103201226331775	-0.124250747195715	-0.17604810917472	-0.103680607394664	-0.127072546918166	-0.0870242611640455	0.208295955648795	0.128864746473702	-0.0145537815530745	0.0833383384730248	0.0414601891568075	-0.0749122116940768	0.0118560556852434	0.138955763431429	-0.0995864005368752	-0.101725365398279	0.0468381185565971	-0.268238043113079	-0.163297574684135	0.0248818919957506	0.00581783581800829	0.655479032926644	2.01582205942195e-17	-1.09494088382137e-17
OILS	-0.236548943141268	-0.240817606982637	0.292673767746024	0.122776307894228	0.129095986190323	-0.192431838482873	0.022797155279236	0.0515190505443518	0.0173493062208544	-0.100596632803062	0.0305797232705484	-0.0720663649814727	0.169205832152873	-0.100468148102209	-0.280709192341685	-0.00365015552437655	0.0396367362226916	-0.0957397998229561	0.0730847124955548	-0.0995573065012389	0.107358265489111	-0.130926571209932	0.200536477358208	0.139665033406388	-0.23599084073691	0.0587597232365199	-0.315523623117486	0.566123801251101	-0.0281129911139713	3.70403651564891e-17	-1.41907571658602e-16
SOLID_FATS	-0.0502795319742468	-0.453672012160734	0.0709212230907499	0.0324319193190119	-0.0582119860768806	0.0775509248387165	0.0515227431901045	0.036817516781988	0.0937367072088584	0.0558325403662204	0.126080178916007	0.0548191970140488	-0.106330686219182	-0.0431060942477414	0.15975745357029	-0.0490776193728544	0.113186785705304	0.20918052544678	-0.122896682449398	0.143428060196147	-0.298169621705114	0.202216174121139	0.354072890151689	-0.137860495043353	0.336892486228819	0.350547359905876	0.228001746585377	0.20175953930496	0.0690958220029596	-1.09216538699429e-16	-1.25549781823559e-16
ADD_SUGARS	0.106137891800178	-0.245971380873568	0.105804311755392	0.0346224215921158	0.0715335422911385	0.304170568689726	0.19419368774764	0.259876632317028	-0.0561499063857876	0.141481367610779	-0.00259491916848857	-0.208947954770415	0.210214453616037	-0.271970553734596	0.169184711217593	-0.0744439815497043	0.0357441078454578	-0.153135396115217	0.429448432409345	0.171589458926904	0.34109359692504	0.0885504562333882	-0.0139849564429207	-0.0697777871082949	0.222704274097143	-0.0733287272234077	-0.196658692244078	-0.177686397570908	0.0269733193085774	-6.673328188373e-18	-3.36244419400453e-17
A_DRINKS	0.0692230421890154	-0.0897557291626307	0.0899825714806147	-0.0937213937911021	-0.0848638952586869	-0.232237598288898	-0.33818354888366	-0.321233137686454	0.0226009333906921	-0.333260444257521	-0.23826670443071	0.227464196801328	-0.10286326218458	0.19725219677301	0.0535436253906285	0.16417201521636	-0.0350815318913436	0.0145764932191175	0.379580127585643	0.00923667640202132	0.271218422768826	0.0339703631647117	0.0719683457209783	-0.036560566881838	0.369785332129405	0.0924852863549188	-0.140887352330153	-0.0131334030068904	0.00528837503717089	-8.67383099119029e-17	3.70613278841598e-17
