"DR1TPROT"	"DR1TCARB"	"DR1TSUGR"	"DR1TFIBE"	"DR1TTFAT"	"DR1TSFAT"	"DR1TMFAT"	"DR1TPFAT"	"DR1TCHOL"	"DR1TATOC"	"DR1TATOA"	"DR1TRET"	"DR1TVARA"	"DR1TACAR"	"DR1TBCAR"	"DR1TCRYP"	"DR1TLYCO"	"DR1TLZ"	"DR1TVB1"	"DR1TVB2"	"DR1TNIAC"	"DR1TVB6"	"DR1TFOLA"	"DR1TFA"	"DR1TFF"	"DR1TFDFE"	"DR1TCHL"	"DR1TVB12"	"DR1TB12A"	"DR1TVC"	"DR1TVD"	"DR1TVK"	"DR1TCALC"	"DR1TPHOS"	"DR1TMAGN"	"DR1TIRON"	"DR1TZINC"	"DR1TCOPP"	"DR1TSODI"	"DR1TPOTA"	"DR1TSELE"	"DR1TCAFF"	"DR1TTHEO"	"DR1TALCO"	"DR1TMOIS"	"DR1TS040"	"DR1TS060"	"DR1TS080"	"DR1TS100"	"DR1TS120"	"DR1TS140"	"DR1TS160"	"DR1TS180"	"DR1TM161"	"DR1TM181"	"DR1TM201"	"DR1TM221"	"DR1TP182"	"DR1TP183"	"DR1TP184"	"DR1TP204"	"DR1TP205"	"DR1TP225"	"DR1TP226"
1	0.742100915685114	0.445507502119392	0.485563483124046	0.816518131116884	0.757468868858293	0.806803502697291	0.662290021565685	0.74325168964985	0.587050105501973	0.0341045708337981	0.370321006735132	0.268919072490753	0.00569256668774827	0.126544334848646	-0.0874255073866815	0.47669184574535	-0.10038774667702	0.655067782070422	0.598162084373367	0.852121217507564	0.57996519649035	0.550705384331701	0.283190100933068	0.502785336131232	0.485274395939533	0.821601748350877	0.669700385598399	-0.0487619230386977	0.0586569477417545	0.350135639328408	0.303902554949277	0.606679074688141	0.891466359478449	0.78714690522433	0.72640689585976	0.844345162091402	0.611324859270012	0.847258298665524	0.694461829592116	0.882902068491524	0.268628348911866	0.218377656141213	0.144447522913427	0.611581305941152	0.480061982168009	0.461820590205166	0.508632646330812	0.547059440778126	0.497567460120092	0.635260347828183	0.753334526764583	0.774448994026422	0.785544437450727	0.795482607108339	0.669230339297262	0.470148575807346	0.653017932228449	0.642875907206856	0.199512170524263	0.621250121040165	0.116305691084953	0.437484863609932	0.208124019348234
0.742100915685114	1	0.774626865232967	0.710275545623874	0.638076164339486	0.583767645277509	0.644332769289066	0.519858385460811	0.568943997270385	0.503556280068837	0.0385159910718343	0.417043194893314	0.466777768271552	0.110155003022956	0.348819348126699	0.191378937291617	0.565043799896595	-0.106166666812311	0.810048708827661	0.682715717461749	0.713412424216754	0.625629938596005	0.588693917457794	0.290155898162107	0.553348333441286	0.514176214078701	0.67236240514732	0.541791626606717	0.218237265897095	0.385324096242074	0.264377995593894	0.109785706378857	0.672396547399316	0.808777808051026	0.73807223706664	0.817967742227686	0.666709707054539	0.60291697456847	0.735374005171988	0.778156899650184	0.678258685088282	0.29961783469019	0.270276007048121	0.163446505450686	0.479412926765126	0.398400845019121	0.379431504978366	0.311145363733974	0.388279340770961	0.282685896441137	0.449981248154023	0.628134098214505	0.630157475094779	0.636279440319165	0.634553155203525	0.505063521536934	0.424820017142457	0.514942382252636	0.492993581703382	0.113560007269449	0.473988036244757	-0.035804637449354	0.166270904506011	0.0226335831482843
0.445507502119392	0.774626865232967	1	0.489052859998592	0.393617250974317	0.414040240750301	0.379916412331671	0.213196437445183	0.384828987261411	0.231775447151797	0.0321507188164758	0.261199514088907	0.313007498669559	-0.00549369689088418	0.244875402867217	0.370337561046615	0.435918768517338	0.0347825635791	0.492324468227177	0.638372686105944	0.468596462690678	0.527487632080175	0.30947049611132	-0.0591535520347912	0.533322977337216	0.191662162038189	0.573503935756006	0.363081888589827	0.141973162209419	0.534451728190364	0.147762259942364	0.00611182739939994	0.450475239978535	0.517432542978229	0.589783884307774	0.487475257128924	0.540098495512193	0.409515499805219	0.34177420545941	0.689997004276644	0.253435852734697	0.454975052047724	0.446693189949417	0.369045919663725	0.439160479940792	0.282486589004399	0.2422035763123	0.295161848368012	0.299921492939733	0.305000818604425	0.354292919467741	0.382354336608112	0.469020473678551	0.505721198132535	0.361934545070517	0.105878192959876	0.310822022633759	0.208438008937017	0.231020365015796	0.0546489956016179	0.316287027460084	-0.137404620616308	-0.0143563242012184	-0.114412212822929
0.485563483124046	0.710275545623874	0.489052859998592	1	0.403780211799293	0.345607148589186	0.40478980377378	0.398464781680095	0.32232044391445	0.404540880711633	-0.103666024490407	0.139222455336871	0.518947075455032	0.251717927487152	0.578078271075121	0.466374882744115	0.409776404239666	0.128386213296954	0.688758974719	0.345610483822631	0.438767570706074	0.466349716922606	0.395804288037367	0.107908839874109	0.472447449409647	0.31384040765808	0.424308197570019	0.301929583538939	0.319530997182313	0.626799554442128	0.195308065200837	0.231108136299911	0.44168314763076	0.491929442699805	0.62494213007514	0.654431513671031	0.428408064551509	0.661103515265938	0.518397806355664	0.664502663051986	0.447930565354949	0.0030236068438931	0.216110176187806	-0.155837345712296	0.318685227359836	0.111119844583599	0.122466835738895	0.245670843564489	0.21491954759851	0.245641375315782	0.232692111996059	0.361670919309511	0.363416123009039	0.387535613258744	0.398853631257769	0.376467232630835	0.472706402317139	0.393230075193732	0.3866577982429	0.0431032375022872	0.274603406410255	-0.00455652084428673	0.0815104585847103	0.0138572945855409
0.816518131116884	0.638076164339486	0.393617250974317	0.403780211799293	1	0.952570475213126	0.958925752557199	0.847474071027902	0.730123536677926	0.659656645192616	0.0453945707294273	0.335698054135722	0.15445773159051	-0.0977296094593472	0.0022273601452864	-0.124237357683893	0.507097257176648	-0.111241925191766	0.434881982606844	0.419005466616859	0.621134368075357	0.355490307948903	0.365302227924601	0.245914612362731	0.267185539558495	0.342590350810004	0.613958791571106	0.48621093085346	-0.0830938918742851	0.00837677170636729	0.12358914621303	0.398970401187199	0.601186873413924	0.769835700998195	0.602487679607094	0.654565469129116	0.852869173927451	0.593242065338463	0.84195788358426	0.487894124978324	0.651829245864499	0.112074984597896	0.433948030565332	-0.0591848827763399	0.357313272247328	0.664355826277336	0.64774190428545	0.649477490394443	0.733148497101324	0.624888606046001	0.811779575439397	0.945127219862328	0.971710835493728	0.857455767518215	0.954514769844515	0.787872181214785	0.488769067517975	0.846900665024322	0.815499677379486	0.0866978747798438	0.590454265433925	-0.081187478239157	0.227217102539929	-0.09203204326585
0.757468868858293	0.583767645277509	0.414040240750301	0.345607148589186	0.952570475213126	1	0.863845123407712	0.677720234976054	0.66404498504234	0.495566389833366	0.00585691905288554	0.401689314490603	0.156568153102294	-0.149741154677542	-0.033825209250462	-0.104184698033993	0.561097542568016	-0.0491819619736851	0.388869743823406	0.412032702248562	0.525033531268897	0.286864174947969	0.271620381681257	0.19857001795967	0.180407545029683	0.26012746713169	0.551877414087968	0.532570494524208	-0.0406195578201605	0.00463031599333972	0.121406885854404	0.305557107012543	0.654016155224948	0.731931612333651	0.528852970316856	0.597984424582376	0.865515624418079	0.516754864653607	0.769645732654066	0.417813844672808	0.558582924870025	0.0721923048151501	0.49631136924723	-0.065565827140767	0.28954895923603	0.790832808706138	0.783279471964127	0.780730545755515	0.881309478496494	0.709416648560367	0.943942616833322	0.9512284604641	0.975349230181776	0.85189807577721	0.856841167605132	0.610563465528511	0.485976081926897	0.675817175735461	0.68223746267187	0.0414331731953498	0.500476841237523	-0.0745737826804605	0.185720442611582	-0.156684497698261
0.806803502697291	0.644332769289066	0.379916412331671	0.40478980377378	0.958925752557199	0.863845123407712	1	0.817115974260792	0.729829905400369	0.658804538612021	0.0205439980858349	0.345902708425065	0.184537290735276	-0.0438796862832258	0.033247127168924	-0.115196785842855	0.448054929633239	-0.145624952132153	0.474201108935561	0.453410940715075	0.65074900385444	0.428690728159045	0.404926589850123	0.23188602335653	0.343063699544539	0.365098840144183	0.621489654479646	0.46274511677986	-0.100651203513453	0.0376408572329286	0.146327492849166	0.385903870255272	0.575204255360208	0.762500580834136	0.651247285622466	0.6822822016241	0.812198180454434	0.655068227204548	0.830021208763406	0.547537340352584	0.682196928063319	0.174438730762784	0.34265452842801	-0.0125326277201692	0.418619883201502	0.603233362071667	0.572645388158456	0.486029404245507	0.597411892288319	0.451926771285756	0.680712674153866	0.910627726333972	0.907734073314702	0.844203700770256	0.998815815109064	0.83084056090014	0.412083154722753	0.818679156776384	0.758630006655766	0.0952454110499247	0.593983291434031	-0.0867973973120018	0.242339770626857	-0.059195042607153
0.662290021565685	0.519858385460811	0.213196437445183	0.398464781680095	0.847474071027902	0.677720234976054	0.817115974260792	1	0.648824971560399	0.81413739902143	0.154209487393495	0.0869362258015388	0.0807978445117931	-0.00428339310421827	0.0547693518018385	-0.135565616293174	0.284240582719234	-0.141599792698352	0.314061900773292	0.207661767164548	0.545605258423368	0.261563100288423	0.375972899882516	0.300602892844885	0.220884808226781	0.370466193745996	0.50221963287637	0.227117282445154	-0.133959699048628	-0.0106574887698812	0.0349413027015674	0.512949023404073	0.325382741216322	0.57978976364046	0.456840773810898	0.530982768068954	0.596289820770051	0.485501720944687	0.748587234704699	0.3724884433368	0.581602014906854	0.028423801675892	0.324592844251932	-0.146765161172092	0.269491659170585	0.306416655343657	0.292447961409054	0.392273566384602	0.393740174411591	0.461866412579876	0.45736825632836	0.697998638595898	0.74207453440372	0.613305902999391	0.816854739288914	0.870765655797237	0.402117890144728	0.999002079656315	0.942386657426003	0.122674250301155	0.602094694596198	-0.0805741229405327	0.201833264519944	-0.00593889888777197
0.74325168964985	0.568943997270385	0.384828987261411	0.32232044391445	0.730123536677926	0.66404498504234	0.729829905400369	0.648824971560399	1	0.492424066390345	-0.117474907131223	0.282166477351443	0.119197702650456	-0.0346339970691135	-0.0135389351069601	-0.146415513866198	0.326782997100052	0.124244116005948	0.369153196560958	0.337809693702194	0.522763301837223	0.362319970535985	0.314000256012729	0.120171956432645	0.334451406430716	0.261443437111273	0.800513657378932	0.411144940797747	-0.205493035617855	0.0478741798498528	0.29258392476993	0.401349727633567	0.433333814469517	0.643701511734159	0.496767570485118	0.582137171852429	0.606437976691833	0.465285989304556	0.632697522271761	0.432989935696267	0.704653941255267	0.0855054596373135	0.354766958129715	-0.00565773954713032	0.38931072729494	0.414410454961992	0.38342107837937	0.447329454276934	0.469079980275516	0.435964795475997	0.508047500100307	0.673216717785229	0.709095317460653	0.702176112013559	0.724767420146326	0.552407826354526	0.209174528379704	0.637059383667564	0.623218422053417	0.205238215337852	0.893736342452005	0.114041547227657	0.379574170076332	0.222438361664057
0.587050105501973	0.503556280068837	0.231775447151797	0.404540880711633	0.659656645192616	0.495566389833366	0.658804538612021	0.81413739902143	0.492424066390345	1	0.440823070962478	0.177188610830618	0.212044476415576	0.131273571649761	0.163952308313215	-0.0189970741366475	0.288075857470517	-0.0979597556197466	0.356308336574363	0.234465688764203	0.578483859010095	0.430827199126369	0.48502257343649	0.460426577654531	0.201694774896351	0.505143473330793	0.455183118533834	0.236349803932899	-0.0351382255117359	0.0934720145522408	0.0622261096645684	0.391210880503525	0.27607155187614	0.516805838565444	0.466007926516673	0.549196821120568	0.539582734353423	0.489958177811623	0.635671656757588	0.41948573452509	0.502165094666782	0.0434479375802702	0.335007642221535	-0.134362256296286	0.352430012233144	0.194840876906826	0.209313515815045	0.283561363741153	0.28215818109473	0.347138608682466	0.303118589519744	0.51716039261109	0.534497739471711	0.377417633681213	0.665100286409175	0.763602630560165	0.288611922932791	0.819271036574023	0.715868881374961	0.045682113393981	0.423924551665461	-0.0336083755924546	0.104166488766708	0.0383333226797531
0.0341045708337981	0.0385159910718343	0.0321507188164758	-0.103666024490407	0.0453945707294273	0.00585691905288554	0.0205439980858349	0.154209487393495	-0.117474907131223	0.440823070962478	1	0.242115301782671	0.0594144969347409	-0.102823519752438	-0.0662740019875775	-0.0418406788545336	-0.0893915853692065	-0.114554899034029	0.00223163805167331	0.0583400509931455	0.0929615231331219	0.0778916268070022	0.306167312993103	0.551589585259492	-0.170981738902554	0.415963161783859	-0.11928808893298	0.0781339249496178	0.0704960641271455	0.00579144798408399	0.0680671447056742	-0.0479378742515068	0.20032091988202	0.103859145249341	-0.0095448460846583	0.131298712101238	0.198617028009423	-0.0262659742271111	0.107778611981824	-0.0980345798296461	-0.0332506465130563	-0.0896653505689423	-0.00137811194311123	-0.0658710211588744	0.0676891117349415	-0.062611072139474	-0.0139861794786859	-0.0441872980919458	-0.0252244199361483	-0.0564026038317648	-0.0146802933147409	0.0428246516760736	-0.0124658516941896	-0.0568705825714053	0.021126583103808	0.162393579125866	-0.0356614800525112	0.164619701055708	0.0986128777218408	-0.0201277721658349	-0.0755427893738345	-0.111398710889799	-0.056056138610676	-0.142176515961948
0.370321006735132	0.417043194893314	0.261199514088907	0.139222455336871	0.335698054135722	0.401689314490603	0.345902708425065	0.0869362258015388	0.282166477351443	0.177188610830618	0.242115301782671	1	0.646941205817306	0.129518968491723	0.231601912524189	-0.130699509852498	0.248829347366361	-0.178923018888633	0.432905273512339	0.439568459499263	0.344462362729326	0.441280462479459	0.237700508293075	0.436817942048438	-0.142589393925828	0.325494880358118	0.252155343093757	0.573928447926619	0.41365287409912	-0.00329052327887891	0.457640490460442	-0.177661842620373	0.595824402682275	0.494602304289252	0.246381444784083	0.5064610204794	0.404652198514134	0.265785818274907	0.417878971476637	0.253144842792187	0.323874140738121	-0.080417979133893	0.0580534581560225	-0.0470819443014809	0.105967609643684	0.579424515166957	0.599998110212604	0.211898046313261	0.445588060412545	0.0459962040657886	0.437194668131697	0.447819498781328	0.35329502151013	0.334041992769487	0.348884309799807	0.180277882746989	0.18528057894307	0.0885966164699268	0.0427086164133409	0.0583324889669597	0.246785425324108	0.00963600940470746	0.186939581077577	-0.0337257241851128
0.268919072490753	0.466777768271552	0.313007498669559	0.518947075455032	0.15445773159051	0.156568153102294	0.184537290735276	0.0807978445117931	0.119197702650456	0.212044476415576	0.0594144969347409	0.646941205817306	1	0.599949825984277	0.891181374178122	-0.0279601369812826	0.223986034670097	-0.065611386590138	0.604912858317219	0.449716133951085	0.392745219215091	0.592573681414115	0.275594068454999	0.304539234462885	0.0661743422492014	0.303629121971318	0.25743929475865	0.373015441168266	0.646303640976056	0.171694612478198	0.341944692288504	-0.0504862526636683	0.359072079214068	0.341564656682174	0.412269686351339	0.535645527789323	0.310096303450731	0.503712719791667	0.363231753333673	0.488645795872228	0.224164400053009	0.0990738316444215	-0.0226334839189473	-0.0170088211974616	0.268294849828501	0.245787374060587	0.257509183899166	0.0722811537153416	0.177663873674286	-0.0122358314476388	0.154201335654766	0.188235966868811	0.131277711588864	0.161703136270091	0.181403198633195	0.145651235399489	0.451244315959624	0.0789871106842328	0.0390769241219146	0.0174576186308049	0.120240317469724	-0.0130851258315878	0.0188105691709425	-0.0613195566498381
0.00569256668774827	0.110155003022956	-0.00549369689088418	0.251717927487152	-0.0977296094593472	-0.149741154677542	-0.0438796862832258	-0.00428339310421827	-0.0346339970691135	0.131273571649761	-0.102823519752438	0.129518968491723	0.599949825984277	1	0.666127458901589	-0.0387279222941287	-0.0703418558977514	-0.0487539749570494	0.224048781116202	0.0975276581333084	0.185073949316037	0.304029412997085	0.145317969862547	0.159504986666698	0.0358184948859818	0.160028229738202	0.0640491344868696	-0.025671597480043	0.368732273934028	-0.000658524022197994	-0.0539773163764982	0.00940653453007799	-0.136981279946679	-0.0516093421459102	0.0923870240730122	0.117165382798503	-0.00780807946008021	0.190577509168129	0.0660573588377417	0.182911418458451	-0.0147746558942797	0.0930934499711375	-0.208681592931036	-0.00577503117891104	0.11232215237332	-0.147879910589553	-0.142109679089916	-0.123997387970587	-0.153050854457713	-0.108353299477419	-0.16347792241124	-0.134251391558792	-0.158459194065066	-0.109908923969725	-0.044251921184767	0.0601768732967768	0.198502230250784	-0.00371246902240034	-0.041460974528553	-0.158713592342373	-0.00429755008031922	0.0412037920534566	-0.151845069813911	-0.102868354281781
0.126544334848646	0.348819348126699	0.244875402867217	0.578078271075121	0.0022273601452864	-0.033825209250462	0.033247127168924	0.0547693518018385	-0.0135389351069601	0.163952308313215	-0.0662740019875775	0.231601912524189	0.891181374178122	0.666127458901589	1	0.0295470700408061	0.144224429240581	0.0206864894659372	0.517507762202859	0.316488731340579	0.298058157646378	0.494431483135436	0.207593554939988	0.126255982751617	0.16810414790862	0.191040288898995	0.180746461187798	0.139691451656495	0.579741800392196	0.214336602760653	0.171125685087179	0.0435240297144753	0.110008241884723	0.147483570702186	0.385014973273665	0.38766898177531	0.159713525322859	0.489203678305289	0.219357368581216	0.475133457905459	0.0975879265226051	0.176971928772771	-0.0619160807125197	0.00775049491496087	0.282781851094347	-0.0254398702474612	-0.0230571702494928	-0.0306325300863375	-0.0336212420466569	-0.0402134545919159	-0.058529249152168	-0.0208023251691157	-0.0367751230430548	0.0127208347027103	0.0273117344905454	0.0803973404336683	0.471904020502771	0.0513656689651997	0.0281000092673295	-0.00557438026694965	0.00835877374497039	-0.0247894328132442	-0.0820561494152131	-0.0548270348705854
-0.0874255073866815	0.191378937291617	0.370337561046615	0.466374882744115	-0.124237357683893	-0.104184698033993	-0.115196785842855	-0.135565616293174	-0.146415513866198	-0.0189970741366475	-0.0418406788545336	-0.130699509852498	-0.0279601369812826	-0.0387279222941287	0.0295470700408061	1	-0.0402916988386316	0.330820885358644	0.0766455168704217	-0.0103386928879999	-0.106333967695247	0.00646073016842961	0.0990013502114032	-0.140689536803202	0.310879554765353	0.0166256520931611	-0.0252614428679861	-0.11436641700586	-0.0308353139111886	0.84731326105032	-0.0832978590371759	-0.0484794357205128	0.0198616026097508	-0.0789174943026763	0.0831877758943663	-0.0370787909572464	-0.074080752071276	0.0759077419634819	-0.127031674245995	0.221849003736343	-0.113378650006744	-0.0645370002988811	0.334494101932227	-0.0500860703339698	0.00103233605049936	-0.126552184126206	-0.129781067710511	0.00513070693154436	-0.0673097794095757	0.00888218481279467	-0.0872079548761476	-0.135147760065224	-0.104865151742305	-0.0926125686770378	-0.114742432594518	-0.175764130485219	-0.0763457598393024	-0.135689400882314	-0.108941046399891	-0.0322844821571971	-0.159968346808967	-0.0302108529203685	-0.120785814094857	-0.0242901416339419
0.47669184574535	0.565043799896595	0.435918768517338	0.409776404239666	0.507097257176648	0.561097542568016	0.448054929633239	0.284240582719234	0.326782997100052	0.288075857470517	-0.0893915853692065	0.248829347366361	0.223986034670097	-0.0703418558977514	0.144224429240581	-0.0402916988386316	1	-0.0964098753549427	0.497483168817858	0.379030330073471	0.388209817914914	0.440896466301158	0.25679793882679	0.191136056291874	0.165933981838827	0.247843078467311	0.32184368587866	0.563488176523109	0.363049436007381	0.166253150115299	0.108895464654114	0.0796597740775407	0.580389873451841	0.528190246721022	0.375422570699338	0.639299281388825	0.588264215934796	0.309467209530288	0.511521762426418	0.436695721291138	0.362177604621055	0.0213664634818093	0.248682098265743	-0.0669103185602295	0.112703390642	0.485680889281786	0.429697155956068	0.3340585175256	0.438935221759308	0.313332190802903	0.539463683886205	0.557243247263677	0.585476326200758	0.599399679172645	0.430726583017325	0.251634325518616	0.535380251074866	0.277144956877181	0.366292072954684	-0.0627389839285179	0.150128463338653	-0.0890672680498036	-0.0105303191523844	-0.157767476853203
-0.10038774667702	-0.106166666812311	0.0347825635791	0.128386213296954	-0.111241925191766	-0.0491819619736851	-0.145624952132153	-0.141599792698352	0.124244116005948	-0.0979597556197466	-0.114554899034029	-0.178923018888633	-0.065611386590138	-0.0487539749570494	0.0206864894659372	0.330820885358644	-0.0964098753549427	1	-0.151467358373699	-0.163499550516785	-0.1988996789653	-0.113139446138502	-0.0808895066594312	-0.186656170491404	0.0915209296371644	-0.124453311727499	0.0383708232552329	-0.128521201389609	-0.0504174035124176	0.313601785694811	-0.00975160059795739	0.433398382194652	-0.0427690354598262	-0.115188124644286	-0.0574860444987722	-0.110273526583042	-0.101528370253909	-0.0641948918425397	-0.125174737414966	-0.0764324585424146	-0.0933503117296301	-0.135489972744119	0.292001178449634	-0.126366089065369	-0.000169972074200745	-0.106771558691064	-0.0908501981134653	0.172251993178735	0.0539253993469571	0.124618641659003	0.00101431334530401	-0.109331149136603	-0.0922725697759413	-0.0829010369842934	-0.146170950392265	-0.181009548377871	-0.089702231798174	-0.147787036722308	-0.110468863920077	0.226027310354256	0.0488149622475118	0.159793661288275	-0.031871641808171	0.164818271094448
0.655067782070422	0.810048708827661	0.492324468227177	0.688758974719	0.434881982606844	0.388869743823406	0.474201108935561	0.314061900773292	0.369153196560958	0.356308336574363	0.00223163805167331	0.432905273512339	0.604912858317219	0.224048781116202	0.517507762202859	0.0766455168704217	0.497483168817858	-0.151467358373699	1	0.745756209958683	0.704546442573658	0.648280545121859	0.705405103656423	0.430897456438838	0.568442017768534	0.647826837469779	0.545133564119788	0.603910636410011	0.40611977807262	0.269472876133004	0.441014510507326	0.0645652311463935	0.65851949972619	0.72249837162124	0.694133748613693	0.830474635357023	0.542532394866903	0.552423874630908	0.648938593653215	0.728786650576865	0.712726123477334	0.330019192839044	-0.029428226674111	0.176792231057931	0.512219839249037	0.258646321819043	0.275791393990222	0.146549559880598	0.247555789644444	0.0804498928301476	0.29524382379132	0.473826308249736	0.402879487506338	0.455862677380104	0.467243583301727	0.420548864469424	0.471223978338297	0.304426439328476	0.32323854875955	0.150972824492845	0.333112247748508	0.086550355988337	0.305701484503595	0.152845883541884
0.598162084373367	0.682715717461749	0.638372686105944	0.345610483822631	0.419005466616859	0.412032702248562	0.453410940715075	0.207661767164548	0.337809693702194	0.234465688764203	0.0583400509931455	0.439568459499263	0.449716133951085	0.0975276581333084	0.316488731340579	-0.0103386928879999	0.379030330073471	-0.163499550516785	0.745756209958683	1	0.773868956037586	0.757292955267829	0.677503707650445	0.314224416754709	0.660102105247162	0.585213293827037	0.659913573985628	0.623789460045284	0.307937940537719	0.128835312612328	0.312508727284509	-0.0328701160680297	0.561261472663614	0.697870281890977	0.724995551567501	0.591755637014296	0.623072214110891	0.407318469176156	0.514686550681274	0.777363012238853	0.481973126679984	0.730930357050393	0.048178203681955	0.667591262191742	0.686908070477654	0.330661255188449	0.323643204843431	0.194481133231113	0.291754438262312	0.130655840046456	0.36326987958003	0.455722670806607	0.424074437399401	0.493971992463974	0.438020505839009	0.326273574336402	0.426352540069348	0.203883065053331	0.212225874526679	0.0347786579202184	0.288166835868248	-0.0486187760693041	0.141852561861343	-0.0369518908636473
0.852121217507564	0.713412424216754	0.468596462690678	0.438767570706074	0.621134368075357	0.525033531268897	0.65074900385444	0.545605258423368	0.522763301837223	0.578483859010095	0.0929615231331219	0.344462362729326	0.392745219215091	0.185073949316037	0.298058157646378	-0.106333967695247	0.388209817914914	-0.1988996789653	0.704546442573658	0.773868956037586	1	0.813631516895552	0.654154665613764	0.336332762890203	0.598145649650079	0.576774475000459	0.778437296397489	0.563281340425796	0.151858881689241	0.0189596579266087	0.194822666505761	0.164385301211767	0.410439596567006	0.769428978333344	0.810575404403999	0.6857190273143	0.721336148454971	0.547322836264046	0.713216757581529	0.783321524904158	0.726657953723211	0.5631611813481	0.0891739316553102	0.443137217884315	0.775412588856221	0.271594218060595	0.265066005931728	0.298498201406482	0.315328179697587	0.318764066358853	0.385238655012255	0.540459374591668	0.555095919981521	0.575977329624271	0.638270746969891	0.621416873643766	0.437548408187104	0.544584263565159	0.4880800519785	0.0556946379600953	0.449502456462134	-0.0276934061731118	0.183075213172771	0.0373226021646042
0.57996519649035	0.625629938596005	0.527487632080175	0.466349716922606	0.355490307948903	0.286864174947969	0.428690728159045	0.261563100288423	0.362319970535985	0.430827199126369	0.0778916268070022	0.441280462479459	0.592573681414115	0.304029412997085	0.494431483135436	0.00646073016842961	0.440896466301158	-0.113139446138502	0.648280545121859	0.757292955267829	0.813631516895552	1	0.532212356404373	0.272938093958746	0.488198903618229	0.469663993374794	0.656713866448986	0.524587065045076	0.430661190988799	0.194603303488788	0.222089655611982	0.0526090675912102	0.345848774134282	0.602564888146325	0.726601844880461	0.637079582526389	0.572909620127249	0.551217845357474	0.477437637467598	0.808536811229685	0.4301008182734	0.486416522812154	0.0834235115226131	0.41556236607654	0.629808350151662	0.213141100778508	0.191309756924476	0.109307109738309	0.16328206305851	0.0959099846061725	0.194811456890918	0.317137021923388	0.320713200616475	0.39791671991591	0.418043554465847	0.34036156292762	0.383884489050431	0.260342385545716	0.225776204095965	0.00385874238258499	0.295306037139128	-0.00385437022794164	-0.00487144259936464	-0.0173741782840819
0.550705384331701	0.588693917457794	0.30947049611132	0.395804288037367	0.365302227924601	0.271620381681257	0.404926589850123	0.375972899882516	0.314000256012729	0.48502257343649	0.306167312993103	0.237700508293075	0.275594068454999	0.145317969862547	0.207593554939988	0.0990013502114032	0.25679793882679	-0.0808895066594312	0.705405103656423	0.677503707650445	0.654154665613764	0.532212356404373	1	0.747872488889758	0.649333836767787	0.969514307552959	0.437824343002319	0.43483910463126	0.143991061970475	0.22624800236876	0.197291500594148	0.157271779131576	0.517348029452255	0.606344252816234	0.533994358194362	0.614913800505675	0.471006847556078	0.324057447575726	0.549514793633308	0.520562462846126	0.612064905587002	0.399950277135732	-0.0746487127650254	0.366290436935191	0.543417821474708	0.125151881622657	0.155969976830619	0.040866024447688	0.122676507225211	-0.0118590907483833	0.168618384638364	0.372055388416883	0.282010549610909	0.333514232720701	0.398018644227008	0.474849056297419	0.217229098369895	0.367255136289736	0.404846675406249	0.0699628618731347	0.268171221425911	0.0546983284338128	0.20577123574383	0.0983841128695099
0.283190100933068	0.290155898162107	-0.0591535520347912	0.107908839874109	0.245914612362731	0.19857001795967	0.23188602335653	0.300602892844885	0.120171956432645	0.460426577654531	0.551589585259492	0.436817942048438	0.304539234462885	0.159504986666698	0.126255982751617	-0.140689536803202	0.191136056291874	-0.186656170491404	0.430897456438838	0.314224416754709	0.336332762890203	0.272938093958746	0.747872488889758	1	-0.0192143824737156	0.887716163317751	0.0256422059702001	0.333520166127046	0.255801818154405	-0.0545856436655323	0.173029239530673	0.0443471177599062	0.480192017996775	0.363144361747933	0.0763804894495557	0.462221894149154	0.29923637631563	0.0461880538937986	0.453568584143283	0.0502877422989901	0.36954049538309	-0.0698608873857194	-0.206892908398125	-0.0702974362046509	0.112741106310129	0.218649699226476	0.268956971470068	0.000821704965880515	0.159395317071744	-0.098813201869197	0.174662504547819	0.298297074420112	0.16296860378013	0.124839748891903	0.235048110320397	0.365759214409721	0.12035786389994	0.300087168813153	0.304979537071312	-0.0231391871556849	0.100900864655889	0.00639495623769566	0.0983895004141276	-0.0348785896237582
0.502785336131232	0.553348333441286	0.533322977337216	0.472447449409647	0.267185539558495	0.180407545029683	0.343063699544539	0.220884808226781	0.334451406430716	0.201694774896351	-0.170981738902554	-0.142589393925828	0.0661743422492014	0.0358184948859818	0.16810414790862	0.310879554765353	0.165933981838827	0.0915209296371644	0.568442017768534	0.660102105247162	0.598145649650079	0.488198903618229	0.649333836767787	-0.0192143824737156	1	0.443231213208077	0.629020513469289	0.272045033520301	-0.0757585295809586	0.403595652603387	0.0990182725125904	0.185589999113256	0.228647589170803	0.495928552326108	0.715631240375214	0.396287095255991	0.365076340575265	0.434811601433545	0.306112264582353	0.725051015910974	0.497403194018451	0.682046408491361	0.1246640944582	0.632600807499886	0.688663137634428	-0.0627370091122079	-0.0735070103820376	0.0591159281739386	0.00120007309281674	0.0935314392003401	0.0523893542589668	0.218057776182555	0.236854347270524	0.358192143741797	0.329087499897213	0.295051240772716	0.187252794958425	0.208328594454362	0.259601053816348	0.131545395289357	0.288492408445725	0.074779106237704	0.197200795077527	0.187804731828991
0.485274395939533	0.514176214078701	0.191662162038189	0.31384040765808	0.342590350810004	0.26012746713169	0.365098840144183	0.370466193745996	0.261443437111273	0.505143473330793	0.415963161783859	0.325494880358118	0.303629121971318	0.160028229738202	0.191040288898995	0.0166256520931611	0.247843078467311	-0.124453311727499	0.647826837469779	0.585213293827037	0.576774475000459	0.469663993374794	0.969514307552959	0.887716163317751	0.443231213208077	1	0.312354954655993	0.423783933518548	0.194560069059235	0.13704806604062	0.20098214248298	0.126144591096198	0.535470113222185	0.553627002422854	0.397957255625319	0.596493090875398	0.436072835400853	0.241528061543776	0.547281633025207	0.3788404518776	0.56014680950961	0.251195650121826	-0.128652595549463	0.228096513203045	0.418070515616528	0.166650824809232	0.206668805135198	0.0270255474130179	0.142590643767646	-0.0464055617802495	0.179922162664865	0.366933744598791	0.254269386305833	0.276507977401513	0.361475661644157	0.463070389316362	0.194073448395684	0.364194989457882	0.392221622445104	0.0412170643268477	0.223100542352942	0.0416051826251962	0.179419457975046	0.0563793359702361
0.821601748350877	0.67236240514732	0.573503935756006	0.424308197570019	0.613958791571106	0.551877414087968	0.621489654479646	0.50221963287637	0.800513657378932	0.455183118533834	-0.11928808893298	0.252155343093757	0.25743929475865	0.0640491344868696	0.180746461187798	-0.0252614428679861	0.32184368587866	0.0383708232552329	0.545133564119788	0.659913573985628	0.778437296397489	0.656713866448986	0.437824343002319	0.0256422059702001	0.629020513469289	0.312354954655993	1	0.562446140801856	-0.0707575266709179	0.101265468327514	0.321389214819728	0.258412540047117	0.345636023625825	0.74368068585087	0.802384049724409	0.575478193151586	0.682975908454421	0.576892033942626	0.591108478260413	0.75493391853946	0.69039107009608	0.48645948964398	0.2982975846394	0.398900988545673	0.69813372651761	0.256758619636758	0.233545245784538	0.439461759388887	0.3773501105336	0.47361876032513	0.430315863253118	0.512229957100589	0.585732045728494	0.622581141458594	0.60868708793814	0.464081192441029	0.379947662476034	0.491882468973754	0.468592550031643	0.171626281302703	0.691389826296147	0.1962356153138	0.33465624373091	0.30200268729556
0.669700385598399	0.541791626606717	0.363081888589827	0.301929583538939	0.48621093085346	0.532570494524208	0.46274511677986	0.227117282445154	0.411144940797747	0.236349803932899	0.0781339249496178	0.573928447926619	0.373015441168266	-0.025671597480043	0.139691451656495	-0.11436641700586	0.563488176523109	-0.128521201389609	0.603910636410011	0.623789460045284	0.563281340425796	0.524587065045076	0.43483910463126	0.333520166127046	0.272045033520301	0.423783933518548	0.562446140801856	1	0.408832892951244	1.53221963954927e-05	0.570986319805911	0.0180526978863556	0.631722897703141	0.708561911627436	0.503164893421198	0.642323936957752	0.649588455966806	0.305105492279845	0.571284363931152	0.505810530576986	0.615234158124541	0.151795588658871	0.0949953478471569	0.13934319256526	0.353484508093882	0.460207874280906	0.426153226913345	0.34461782392701	0.440904510956149	0.261409995232686	0.54369559419426	0.539363297220151	0.511398889705284	0.580655629458856	0.447554315904614	0.297829817783679	0.505238595425873	0.211448350049449	0.311321597077867	0.118684429947856	0.241702364369558	0.165169050023649	0.450536038123712	0.234559580004001
-0.0487619230386977	0.218237265897095	0.141973162209419	0.319530997182313	-0.0830938918742851	-0.0406195578201605	-0.100651203513453	-0.133959699048628	-0.205493035617855	-0.0351382255117359	0.0704960641271455	0.41365287409912	0.646303640976056	0.368732273934028	0.579741800392196	-0.0308353139111886	0.363049436007381	-0.0504174035124176	0.40611977807262	0.307937940537719	0.151858881689241	0.430661190988799	0.143991061970475	0.255801818154405	-0.0757585295809586	0.194560069059235	-0.0707575266709179	0.408832892951244	1	0.0939863616453943	0.241554463810078	-0.147158388324153	0.188316534671232	0.0518736491162512	0.107126134172182	0.3642101321305	0.0607235489563867	0.153692268270087	0.0653395793966459	0.207577468130064	-0.0493192655359722	-0.0183898013840725	-0.0699168204987666	-0.0778163206265835	-0.0364562100859437	0.047125457868975	0.0414006048934924	-0.027598633384568	0.0101803628806568	-0.0646314919536948	0.0241162411920717	-0.04662213990982	-0.054046771956182	-0.0442854119089977	-0.105665314165937	-0.119737854226822	0.449271285561765	-0.134383003601333	-0.0943899610914661	-0.0983849050844304	-0.271212603796979	-0.158430541902814	-0.12364489333158	-0.174110849076419
0.0586569477417545	0.385324096242074	0.534451728190364	0.626799554442128	0.00837677170636729	0.00463031599333972	0.0376408572329286	-0.0106574887698812	0.0478741798498528	0.0934720145522408	0.00579144798408399	-0.00329052327887891	0.171694612478198	-0.000658524022197994	0.214336602760653	0.84731326105032	0.166253150115299	0.313601785694811	0.269472876133004	0.128835312612328	0.0189596579266087	0.194603303488788	0.22624800236876	-0.0545856436655323	0.403595652603387	0.13704806604062	0.101265468327514	1.53221963954927e-05	0.0939863616453943	1	0.0461044630024852	0.134132866212954	0.247011097792219	0.120020054612849	0.22502572362118	0.22969647498168	0.0901631451247191	0.242554374285755	0.0873603545581807	0.417633131784031	0.0124045350299566	-0.0605011611491127	0.306444223133773	-0.0547385709674998	0.0733999031816884	-0.0429858095050664	-0.0623387335135803	-0.00354889667639791	-0.0273076667203936	-0.0284910592482781	-0.0333558168263164	0.023276440350706	0.0305125803876438	0.138735561026389	0.0285535672296083	-0.031914111723989	0.0446253309590114	-0.0186464313918626	0.0298524633915693	0.115954303561822	0.0606292612636835	0.0849102236959092	-0.0699554253960725	0.0236918859825423
0.350135639328408	0.264377995593894	0.147762259942364	0.195308065200837	0.12358914621303	0.121406885854404	0.146327492849166	0.0349413027015674	0.29258392476993	0.0622261096645684	0.0680671447056742	0.457640490460442	0.341944692288504	-0.0539773163764982	0.171125685087179	-0.0832978590371759	0.108895464654114	-0.00975160059795739	0.441014510507326	0.312508727284509	0.194822666505761	0.222089655611982	0.197291500594148	0.173029239530673	0.0990182725125904	0.20098214248298	0.321389214819728	0.570986319805911	0.241554463810078	0.0461044630024852	1	0.00295474732617941	0.460357505730575	0.383201290543639	0.285715642909561	0.310340811855316	0.159629176685699	0.179038251158279	0.197142130229872	0.296896580428201	0.458039356903571	-0.0776026397675385	-0.0260393969439455	-0.10496329985011	0.141314181626224	0.199478960127617	0.20260313204389	0.00752385352368767	0.116144783426405	-0.0721010516410369	0.125406952644255	0.178153350057272	0.112211652899214	0.216296112989694	0.148235177367803	0.0524748546260999	0.0907565147924442	0.0163494392885951	0.0759357131420578	0.590616832696297	0.362949106241693	0.347291658418152	0.83362623461759	0.609098934868013
0.303902554949277	0.109785706378857	0.00611182739939994	0.231108136299911	0.398970401187199	0.305557107012543	0.385903870255272	0.512949023404073	0.401349727633567	0.391210880503525	-0.0479378742515068	-0.177661842620373	-0.0504862526636683	0.00940653453007799	0.0435240297144753	-0.0484794357205128	0.0796597740775407	0.433398382194652	0.0645652311463935	-0.0328701160680297	0.164385301211767	0.0526090675912102	0.157271779131576	0.0443471177599062	0.185589999113256	0.126144591096198	0.258412540047117	0.0180526978863556	-0.147158388324153	0.134132866212954	0.00295474732617941	1	0.101618264702507	0.230697128703361	0.172157058333645	0.18430965295134	0.249954231270197	0.222150929518663	0.361181769195254	0.128280119833457	0.282719198499514	-0.0716026184437292	0.315804463753522	-0.176259820750165	0.14344327911378	0.0502788646080416	0.062311615112773	0.185331886403166	0.153591001355736	0.238901537034041	0.173269684457735	0.314945941822477	0.354886323658858	0.317077036370356	0.385922435965067	0.428418732612032	0.168543415412939	0.500652314448917	0.542513399834639	0.371367955159023	0.394124125921401	0.375794988368937	0.185977966793126	0.272830433820288
0.606679074688141	0.672396547399316	0.450475239978535	0.44168314763076	0.601186873413924	0.654016155224948	0.575204255360208	0.325382741216322	0.433333814469517	0.27607155187614	0.20032091988202	0.595824402682275	0.359072079214068	-0.136981279946679	0.110008241884723	0.0198616026097508	0.580389873451841	-0.0427690354598262	0.65851949972619	0.561261472663614	0.410439596567006	0.345848774134282	0.517348029452255	0.480192017996775	0.228647589170803	0.535470113222185	0.345636023625825	0.631722897703141	0.188316534671232	0.247011097792219	0.460357505730575	0.101618264702507	1	0.790666353299166	0.449072146923916	0.712712491653674	0.668111674879925	0.374635225572444	0.703372063322967	0.449012545221777	0.555532604356784	-0.0322086970009283	0.110252521012837	-0.0395742749268982	0.208055369695372	0.65173942022449	0.654648860726595	0.299901628847159	0.544947668892436	0.127806055854146	0.622897567273515	0.758188353947012	0.635392845673798	0.711128938222552	0.564446062899063	0.415458006495844	0.361941992735198	0.317516704470308	0.369518188294089	0.165655640149436	0.395484748547028	0.0522828767747941	0.314136753845186	-0.0364557733006567
0.891466359478449	0.808777808051026	0.517432542978229	0.491929442699805	0.769835700998195	0.731931612333651	0.762500580834136	0.57978976364046	0.643701511734159	0.516805838565444	0.103859145249341	0.494602304289252	0.341564656682174	-0.0516093421459102	0.147483570702186	-0.0789174943026763	0.528190246721022	-0.115188124644286	0.72249837162124	0.697870281890977	0.769428978333344	0.602564888146325	0.606344252816234	0.363144361747933	0.495928552326108	0.553627002422854	0.74368068585087	0.708561911627436	0.0518736491162512	0.120020054612849	0.383201290543639	0.230697128703361	0.790666353299166	1	0.776010335195136	0.758335631940519	0.81045089905275	0.594690410125503	0.855394827346986	0.726907723478292	0.775639523813701	0.260078064445071	0.161038496540987	0.222467269496	0.532808039935616	0.530093807407762	0.526951758266115	0.423522629327324	0.538113790971991	0.35760655009071	0.623589829526412	0.776522734251454	0.744995288689892	0.785292347652686	0.750759394911478	0.661681342012175	0.45365567211139	0.571720486257759	0.56213543905467	0.234161537975852	0.562876310371527	0.21150830236604	0.351206743956857	0.174458698874923
