"Sample"	"X83908"	"X88327"	"X90330"	"X90480"	"X92895"	"X83954"	"X84089"	"X84111"	"X84299"	"X84694"	"X85253"	"X85635"	"X85804"	"X86715"	"X86737"	"X86740"	"X86887"	"X86928"	"X87231"	"X87494"	"X87663"	"X87693"	"X88188"	"X88859"	"X89397"	"X90938"	"X91353"	"X91468"	"X92157"	"X92459"	"X92797"	"X92959"	"X84218"	"X84842"	"X85257"	"X86185"	"X86343"	"X86809"	"X88417"	"X88584"	"X89099"	"X89201"	"X91027"	"X91217"	"X91743"	"X92967"	"X93036"	"X93310"	"X93469"	"X86624"	"X89271"	"X90299"	"X90455"	"X84832"	"X86098"	"X86208"	"X89648"	"X90680"	"X86052"	"X91391"	"X89130"	"X91970"	"X89582"	"X86231"	"X87897"	"X92437"	"X88660"	"X92312"	"X84751"	"X89550"	"X87428"	"X85815"	"X86182"	"X84503"	"X86886"	"X89181"	"X84831"	"X90436"	"X84119"	"X84940"	"X88864"	"X86820"	"X88885"	"X84717"	"X85577"	"X86932"	"X91495"	"X91564"	"X89751"	"X90110"	"X85801"	"X87587"	"X89003"	"X91704"	"X92156"	"X85049"	"X87903"	"X88731"	"X88640"	"X88877"	"X92850"	"X87490"	"X89841"	"X87573"	"X87762"	"X92076"	"X92472"	"X92789"	"X86777"	"X86980"	"X84376"	"X85836"	"X93454"	"X92356"	"X91859"	"X83733"	"X83898"	"X84019"	"X89524"	"X87248"	"X88634"	"X88233"	"X87496"	"X91341"
"X83908"	0	0.395794392114134	0.371463780272473	0.421180580626407	0.375051956732183	0.356171064808277	0.405064574803454	0.392941880909052	0.359848934110444	0.348490132391306	0.387100295086405	0.408557521501127	0.375944622926559	0.317524384072215	0.328123070823871	0.380591233346359	0.375674531247217	0.409864857798477	0.39403383544998	0.426107266796026	0.436581651705134	0.384831696570767	0.3633525378682	0.443317452997607	0.366707276486736	0.427437722167038	0.383990198574468	0.370528860107397	0.337621485799995	0.37929873891511	0.349151943332447	0.360042681056186	0.391786083486353	0.397072012912085	0.366811605651403	0.389543125874795	0.430174866605385	0.415738752819083	0.337399994948331	0.373475022635945	0.393598255179855	0.336999555989135	0.364904256708289	0.387011333776544	0.413341430431026	0.376602644332679	0.374360792713065	0.328900991977727	0.358767165341619	0.400242393666684	0.395266937485331	0.364416508970036	0.386716511291688	0.365146652889554	0.349605144242786	0.386937529103973	0.340408495736083	0.435599886290919	0.411063316446294	0.376763615283134	0.368264391991094	0.41449233483587	0.38163865342864	0.365319109035321	0.4012980565404	0.362118408716387	0.392079984069792	0.370094654211913	0.351665880918225	0.390791002689295	0.40730319774826	0.377214399883456	0.408372390364746	0.417069619969935	0.395750445396726	0.361754998570677	0.408540497392647	0.41571924372984	0.409215914275901	0.388818916191122	0.400531424660166	0.353730455181312	0.346507137965344	0.332396586009019	0.397619533568104	0.352099275432153	0.409024550470207	0.364924149586984	0.366335433969523	0.344612159691951	0.399994626271618	0.405529588562911	0.363382502181017	0.396618814018603	0.365429128848801	0.36594535861985	0.393124091687065	0.423598059729441	0.423618355251945	0.383786049969614	0.394542551641441	0.398328561387383	0.390949200912743	0.358975185444937	0.400176071732608	0.39999642600154	0.441867682721972	0.364708275199594	0.386548217789991	0.359074299750188	0.375944035235076	0.399234888215592	0.337623664644853	0.400602421100647	0.372833630060415	0.415184861855344	0.352410011017821	0.385937668754756	0.409857692627861	0.363958718003139	0.375834220947699	0.432560135387311	0.310931903723057	0.361858027136948
"X88327"	0.395794392114134	0	0.366939251506586	0.377232446461485	0.338608385558713	0.347668943882981	0.351055282152031	0.361157037728435	0.296241585459425	0.354850576234484	0.346255969859711	0.366161859047152	0.340604921302587	0.316125773322402	0.335104045241991	0.30769592938498	0.313223608416346	0.371477182424923	0.326489116789286	0.389674364585013	0.411367584661894	0.373478537264313	0.333104856596886	0.432007997768207	0.329062328957938	0.386067687232009	0.34763197389478	0.32931221609323	0.30349042926098	0.342932691152281	0.293217025398319	0.359396150049161	0.376359687022627	0.360514122928834	0.330096891916536	0.355741958118077	0.395023612102257	0.377854018948266	0.309876342318277	0.308633665438064	0.349566262111811	0.360627464055986	0.363820218164394	0.35487076618695	0.365363291890434	0.339972112253289	0.364599858020904	0.340295841463573	0.319243603472467	0.386941358235733	0.358868210873886	0.331707016859053	0.362013027949241	0.326541506381026	0.329261986083028	0.356418571105781	0.31660035431176	0.39414790627385	0.376616676278899	0.336894508997684	0.320061689896041	0.367351393546362	0.345149996950033	0.326893954131891	0.34350059178103	0.3152560704489	0.350628004052723	0.345294662675573	0.316445306819115	0.391782681396795	0.369638176957632	0.362900306052253	0.371923854639777	0.36596151183309	0.336580310106443	0.364163698713267	0.383443708562146	0.361084264602787	0.372295557042666	0.363214734151766	0.363310089667766	0.360081367324046	0.324601480714755	0.347565922137927	0.366518291856478	0.311296195690009	0.353024042631584	0.333996584988564	0.35505356958322	0.324879440851385	0.362994104685894	0.362651609217952	0.380389269626433	0.347084892827007	0.329063081085972	0.361399154709865	0.356530458552111	0.392580156494606	0.38933123624264	0.338110397441371	0.367764679059646	0.344241860576041	0.353154212223369	0.319618576753887	0.353377895240559	0.363630378238711	0.418301156660904	0.321001548330363	0.332962925867522	0.335990724028877	0.293507994844881	0.354579105266778	0.318524347172032	0.353556954796935	0.337711123450308	0.378786135243899	0.347589112286024	0.34713126333861	0.378328850562701	0.32224647376533	0.319764504321614	0.395893060200671	0.296661398022048	0.315575587033601
"X90330"	0.371463780272473	0.366939251506586	0	0.39081836161351	0.34813479499565	0.360950287631856	0.368511600032229	0.374318579890892	0.318685777302729	0.353032632013871	0.365117714736378	0.366228950324606	0.33780313028839	0.322807554312109	0.331763180588554	0.302150517195934	0.332738357691403	0.374265809052435	0.358796348912316	0.3973688136866	0.414148194521151	0.374001883238876	0.329646183809517	0.426183881463159	0.303436095720452	0.392855174146595	0.351660715905539	0.350253546411319	0.301375889694183	0.350794607427984	0.302700106260513	0.364438426094119	0.393007912888146	0.343536525949535	0.344414639518624	0.370512810346945	0.400231595399741	0.382296569154238	0.32305344278745	0.343278093287515	0.361318270955408	0.364090742024734	0.357097744344556	0.360483722844219	0.387048658027929	0.34644847361033	0.362640026900895	0.361070272852986	0.324630412435292	0.375545136368829	0.36812792799076	0.338912110330486	0.335555954874262	0.333529798194963	0.329659563432667	0.360199086642748	0.336115497964623	0.408388034091521	0.376783238212126	0.322945803438299	0.342383038871734	0.384550502277942	0.345632362018558	0.337919437982398	0.363787364978609	0.342313773585555	0.352200622409814	0.343681885451811	0.322319045308337	0.40245628572575	0.353669597905997	0.354619169711814	0.374060186750676	0.378358563414507	0.369954005278707	0.370391258711648	0.382215152205153	0.380877100669299	0.380920899210291	0.36590778110528	0.370551490326539	0.361686588575542	0.323102149582095	0.362098259010789	0.378795667119303	0.325429019879234	0.364787426319574	0.338928542524239	0.365148045963269	0.334162099889264	0.38022279688217	0.365700236604868	0.38265379993961	0.33031077280848	0.339004831821838	0.365468697252134	0.360226204602478	0.389309991320927	0.384221175787854	0.37680468535116	0.383521454724503	0.361780512620776	0.353882610710631	0.308743081110149	0.35088198766163	0.356439632025479	0.432892641933005	0.325262208818725	0.346306675237496	0.337350253229306	0.327220222326298	0.365189380374542	0.313393643011043	0.36455623611747	0.356711541611895	0.388902148439942	0.333048442357157	0.303223131188217	0.383862664341885	0.284804695308942	0.322602975806241	0.406785397123495	0.307439444332417	0.312590723485657
"X90480"	0.421180580626407	0.377232446461485	0.39081836161351	0	0.366878184002632	0.360600795560094	0.387562314483051	0.394087979732496	0.339908668050016	0.360345060191613	0.390756429028248	0.388030899607579	0.367553627760274	0.34223015288963	0.353525663834552	0.363260983515251	0.357670418942886	0.367761656920463	0.380433168941013	0.416737878573359	0.385269067343916	0.403346780566639	0.357388529353397	0.459260496654883	0.357208754652118	0.415622906952768	0.375704183022129	0.362803794646637	0.323585477101101	0.370564007269588	0.326669302888322	0.385286337014132	0.370727150626905	0.38255991011912	0.345313031484012	0.377611600277544	0.371851460090878	0.404715000663819	0.337673269722923	0.357195619749223	0.382009109977193	0.373941048801553	0.391107176736469	0.389811606562796	0.415459849843188	0.368312403925424	0.362587831189491	0.38293420316808	0.35680829420837	0.420194900051625	0.378757165178722	0.357707944751628	0.386361419936017	0.358588556252252	0.348911549936504	0.379878120778293	0.359075274560478	0.413392141276331	0.398149052182708	0.351443428473652	0.340736764022506	0.396175955921538	0.36057543313398	0.346789049614653	0.392790655123187	0.343590841579725	0.378010599517994	0.376808498301528	0.331331478544728	0.419357958715425	0.373798507029725	0.384092029472229	0.398338551953151	0.395005190754344	0.385284886098863	0.388140086872729	0.423204751906179	0.406812591933801	0.400198167319769	0.386973897555657	0.388618150812405	0.332470916792912	0.333607331196436	0.367978540620054	0.385614277333786	0.322348453598575	0.398329954824747	0.279720430070427	0.370818194078761	0.359059417817663	0.393685945753556	0.375908112200677	0.401077462675921	0.28117071969246	0.337178999406343	0.38035116601585	0.384602667679459	0.422840628678478	0.391547856719668	0.393733592328852	0.411272622266482	0.374453377479242	0.382098772133285	0.34137350405864	0.374615507951219	0.390978679045409	0.45596979896454	0.353085265996175	0.35411645027649	0.372522050980654	0.36302977097149	0.386441737035722	0.353281650902521	0.380251459635692	0.352931057918659	0.406350103189253	0.38604699951883	0.377597793471106	0.411376753109229	0.337180560253765	0.366937587075284	0.424233351872806	0.306339451242825	0.353484496632745
"X92895"	0.375051956732183	0.338608385558713	0.34813479499565	0.366878184002632	0	0.323943204505049	0.33472982839849	0.337284450319639	0.307812628287613	0.323098591865291	0.328037271469978	0.343844209118393	0.303867385283182	0.26307481305841	0.323876329760825	0.31564931679098	0.311142723310451	0.335782522144036	0.329765448714319	0.350840774529845	0.387088823128566	0.359791619621479	0.308603717604862	0.403517177996941	0.294134939977759	0.363427235834259	0.318736035854719	0.319658301330422	0.275623945631839	0.3143713781528	0.281613402106358	0.314847603920144	0.357518835145273	0.332570015333241	0.319164504229565	0.337903523604805	0.370934116673533	0.352150018770486	0.283662432762212	0.295779028605102	0.316766690596768	0.328047450749508	0.343463273453907	0.313845108915389	0.350652525677397	0.293806930968093	0.331573328360288	0.326479796614326	0.280055223375818	0.364484794990114	0.331418445281297	0.315098385258262	0.338605313308563	0.304096399908689	0.297834805487408	0.333180863751129	0.311484101926637	0.370647401001031	0.355689569570276	0.320466937039817	0.296659799823538	0.348336432047538	0.331808844672887	0.301802567886878	0.341449989228173	0.305619400875158	0.328246047658827	0.304317481819608	0.293040587041904	0.363632809143425	0.344480888955526	0.344467993122854	0.344458135673581	0.35323568355897	0.331504360534541	0.340955677224751	0.369369506760468	0.351473158867655	0.345381977864936	0.332689937588908	0.338038118099551	0.331181400657139	0.297893237844454	0.326861734222761	0.351139266409717	0.288265339021188	0.34134350513048	0.318225903762397	0.326757572659086	0.309396404024603	0.341708697987603	0.322692539017083	0.354720005305119	0.3337819494328	0.302139227859455	0.340189656557309	0.328892562617948	0.358421535152665	0.364981603512888	0.31887937108537	0.356937062568172	0.320558464657354	0.331985243027936	0.29474365637582	0.335929986870423	0.318932957255988	0.396178984110158	0.281374477773101	0.313389726316857	0.316627019267467	0.313121726442341	0.342510176673795	0.298454011979818	0.348115275265177	0.307388944429031	0.33280927240418	0.332966663859965	0.321691583892571	0.358169780859356	0.299712633140954	0.312591432048719	0.324425135728957	0.269041625143433	0.278126637052302
"X83954"	0.356171064808277	0.347668943882981	0.360950287631856	0.360600795560094	0.323943204505049	0	0.341304253302393	0.338394765739669	0.301999501222922	0.305416799064617	0.348647141958119	0.36411243244772	0.327314445122912	0.291997410627758	0.305626679568186	0.327115030915465	0.320377369810897	0.364588749278594	0.343646212341263	0.372466470100176	0.391499736763853	0.325754823297696	0.322484481231805	0.361388114029405	0.311334211787675	0.373334578320595	0.332781417236216	0.326209978282646	0.278497132103994	0.323310231457221	0.289895993776191	0.347915411649338	0.318941696935643	0.345743349156456	0.308721168483473	0.335176355998379	0.382476890406745	0.363368327759449	0.290495254850546	0.318102702984687	0.335422770770638	0.297427824909367	0.356929978079321	0.342967056771631	0.374802442897999	0.320302697495526	0.327216649483951	0.311450201309357	0.317085488730135	0.37570620600742	0.339223895318053	0.324444896903218	0.350676358415862	0.312227198564229	0.272487352053637	0.343222556822166	0.317471794440101	0.352999769026924	0.366712785398095	0.319989603729095	0.316103908029276	0.35875622399177	0.337195179703424	0.308741146488793	0.35445528976502	0.303181907518718	0.318441250667068	0.334181636383752	0.30093281320533	0.368747736949557	0.3382914267008	0.346352987165368	0.345113049983495	0.360452692653437	0.342717354449154	0.351175178768428	0.357282242847497	0.363652575421469	0.344851850844274	0.350936000670106	0.34600395085742	0.35019554687212	0.291830788829229	0.319137513706301	0.326342019268161	0.296088912113491	0.345645283993765	0.297296675268673	0.317202771577391	0.288381748497879	0.333638861262316	0.354879914836065	0.291188252804381	0.345393606202908	0.313596854872051	0.319642649706636	0.320133188265198	0.372778981399607	0.378049529641421	0.351685591440486	0.3574259981804	0.325590619516243	0.335296636406711	0.293939660009529	0.345779161332048	0.339515536476731	0.413486448960115	0.300222106027265	0.318846247581582	0.329954519330946	0.320406496323699	0.35413995649945	0.276962282277288	0.360395277808582	0.3283786452526	0.362885272908802	0.345545914466152	0.3152620668065	0.369371422742427	0.31303354827361	0.311523783834842	0.375651997269679	0.251873717908436	0.310932857407418
"X84089"	0.405064574803454	0.351055282152031	0.368511600032229	0.387562314483051	0.33472982839849	0.341304253302393	0	0.356786715072196	0.31718663240817	0.32978711730291	0.365468942987094	0.369404029011456	0.343757250428712	0.308913928055502	0.339542682236122	0.30940874803029	0.334869625104325	0.341135731311608	0.349667375354478	0.38886490695503	0.41427255500008	0.378167482979593	0.334648392684507	0.431205127741726	0.331463272916195	0.372900076846991	0.265595388734309	0.318497812286952	0.304300873413166	0.336460434390776	0.305844039994346	0.362453950524849	0.377063942077218	0.361225510646368	0.317838209223446	0.353905048489553	0.371673031157611	0.358022032867909	0.319604201675557	0.335676264396	0.366799485721394	0.359661467810142	0.363753796751941	0.358644798072886	0.39295227003272	0.342590117987511	0.372408017316739	0.347882899959172	0.330484624841478	0.388050551325518	0.359221290555157	0.336089262564265	0.363166995930386	0.336351080327983	0.336764834717258	0.365497721695911	0.333507151280192	0.392420866264029	0.379265350789193	0.331011091327925	0.335351794743855	0.372037494212007	0.353303896779998	0.331993204863695	0.364221914846089	0.326733597480605	0.347661617409496	0.332230392691072	0.326357435219428	0.39697755754479	0.372037027288169	0.365623894949178	0.372409641830333	0.368354939360573	0.361735218768134	0.373272278083831	0.362716962337643	0.369159535663184	0.375610140131456	0.367332058839352	0.368978185589923	0.369055032050313	0.329894254325979	0.341204648153641	0.370297834845606	0.320813025554789	0.35735365160079	0.339029706683552	0.353177831647398	0.34174441631877	0.369852398094619	0.367637792558164	0.377347367995119	0.354605427212516	0.334513013084395	0.360723444695527	0.35368788907353	0.371062370805604	0.392149472701584	0.363196198593045	0.389751318783763	0.347285393209232	0.360309400853591	0.31497708423791	0.354736399181987	0.357195611208879	0.427529766158527	0.307979041593595	0.356030646859046	0.349595368050383	0.304379280440018	0.374845202447344	0.331329655284511	0.355615225559904	0.332530584367836	0.341924777996794	0.354916655301224	0.333054037659889	0.390793464655057	0.323259220374528	0.341624537622519	0.401306668942535	0.301960716151457	0.32242805512532
"X84111"	0.392941880909052	0.361157037728435	0.374318579890892	0.394087979732496	0.337284450319639	0.338394765739669	0.356786715072196	0	0.326055981436497	0.342451391742811	0.36072831537399	0.373423766768933	0.336252306424326	0.297445317018548	0.345246404989979	0.336548224347987	0.337605741425494	0.354201201898286	0.333699741201999	0.381359962950644	0.399665851410492	0.300435908291912	0.328689348792039	0.41403266090629	0.311564016500322	0.35789934882051	0.323708076424694	0.314092236919171	0.295349427964646	0.332713330347832	0.304991596757132	0.356663509818772	0.366745211620476	0.357331235769119	0.323955998926909	0.321993407929237	0.394183381418393	0.376111863451791	0.305543971143342	0.337986736855698	0.361384357185623	0.362107988091239	0.368214955733612	0.339067033709646	0.387537141496949	0.330652379564525	0.358373313145904	0.339894628991837	0.333191480308527	0.380135417316841	0.318364472842337	0.340626878478671	0.31697218996038	0.324505088358002	0.331792178734835	0.358498414924825	0.337026668161433	0.396734969459604	0.317947881703779	0.347019725777994	0.329905003919688	0.376627786935963	0.357704781614425	0.328630121676965	0.366883083266506	0.308306342733731	0.353737317093638	0.333280705851291	0.319358128448341	0.389978250773704	0.371667205098705	0.370710274841706	0.354419228512578	0.359715468211404	0.347110859290408	0.365962748246328	0.386901284392288	0.37743288399208	0.364898013608946	0.357929599929515	0.364477010273715	0.364856428763015	0.324731944406858	0.35306431650594	0.372344413023584	0.311595202794046	0.346582159133901	0.345467160799649	0.313926521903567	0.331688945366695	0.350733479608687	0.375090777346926	0.371829667037756	0.360961286030266	0.329142753342345	0.33379402899463	0.315491970636913	0.367047720601407	0.390671212753767	0.364326650399113	0.36669565538917	0.359864547484661	0.357947794418259	0.302806443390242	0.361849771107361	0.361011281030114	0.426386771521745	0.326779567232499	0.350649552335381	0.341661415160575	0.33551755060379	0.369682892528223	0.322784495401875	0.374035059502115	0.352852306521104	0.379504336176588	0.360135209708243	0.347671803769749	0.384231834184201	0.325632417377892	0.345884279384096	0.394307362171449	0.294961409380371	0.323558506931388
"X84299"	0.359848934110444	0.296241585459425	0.318685777302729	0.339908668050016	0.307812628287613	0.301999501222922	0.31718663240817	0.326055981436497	0	0.307534870100689	0.320345214535196	0.323248267104093	0.299957469331411	0.27495662202934	0.298804656191378	0.278128391578113	0.294783989728272	0.333653686013659	0.31185536028844	0.351573192117515	0.364440757097756	0.316343072679859	0.296007748833419	0.373662063870376	0.288893593329249	0.333169497517897	0.2759659271627	0.297154227039448	0.258978830801831	0.293083288322517	0.259643395350331	0.321940394199265	0.331547521008222	0.323449569398725	0.290174194425099	0.268901648728276	0.357733347169928	0.340585574811294	0.25961401348386	0.264287491675154	0.322041692514603	0.313067219395927	0.328806991021132	0.313662443937307	0.344609199171417	0.306476720492755	0.301084280462359	0.261338309414248	0.291264340454487	0.360096990160601	0.304641250023028	0.29787995970258	0.332313369022541	0.298693866971521	0.271205999394878	0.325814542418289	0.287593838771237	0.363583880108135	0.345894909491529	0.295457903833367	0.297829561901136	0.341232123072798	0.316193464449928	0.283501259501039	0.329506630264395	0.286308288960876	0.316700935521291	0.292067290254559	0.28440725638225	0.361882679737961	0.321658648841191	0.324571736393531	0.339076072841068	0.339663409577671	0.329263700655161	0.330634570653411	0.348768737681957	0.349221528947568	0.339623888567899	0.328968556387017	0.322106068910721	0.330481141638317	0.289979009351276	0.311915697136139	0.318438138446248	0.281077025855596	0.338526774004406	0.300436103858961	0.317899638038053	0.280832529771978	0.310904827366603	0.31411035556888	0.316236078723511	0.310446356990316	0.290283579150115	0.311345306315421	0.326630456893276	0.363295577757266	0.338903037552108	0.336114380727615	0.34734712257747	0.305422235213422	0.325711762950086	0.292481550651148	0.318591777305914	0.317881610818591	0.390648887062691	0.294810001414793	0.309081628682941	0.308993587398318	0.288053913203079	0.331271724593764	0.277154964360456	0.335095493580472	0.294007933948183	0.348222277378389	0.322886015179906	0.31406932988877	0.350703153605071	0.256245960220438	0.289530731343549	0.36609509249995	0.260050197185771	0.2670583356287
"X84694"	0.348490132391306	0.354850576234484	0.353032632013871	0.360345060191613	0.323098591865291	0.305416799064617	0.32978711730291	0.342451391742811	0.307534870100689	0	0.350971438125383	0.340570279371431	0.325943218148869	0.287425924062295	0.329501637594569	0.329083563501644	0.327191583276226	0.351097102744989	0.338660634312996	0.375414346607399	0.388429408228315	0.332913644696494	0.313320919012539	0.387573289124046	0.319756861841465	0.377894466945657	0.31698378481969	0.339524351903473	0.283250965710095	0.324360736241693	0.302591726340849	0.331657363385239	0.317518931223127	0.346637885130436	0.314181715563979	0.334602358592183	0.376935704278253	0.359334945785427	0.306422771236837	0.319584319382096	0.343864837592819	0.306139639227389	0.356030559344749	0.353260065783007	0.380352755936743	0.332088327425213	0.313384050742213	0.307929440405241	0.318894065993999	0.383654920217796	0.349247456127997	0.31921308038103	0.301279857630763	0.319763267417929	0.31370656742114	0.31926654691983	0.312689572558985	0.3823301263964	0.366773552127326	0.327057523639852	0.304608788051132	0.36939909718603	0.329592391489608	0.308735804172239	0.339188903676782	0.315450085651632	0.346595057125038	0.320806001645424	0.304516580270105	0.383717262752758	0.345204553422152	0.346584834632069	0.363869283863068	0.371300032555783	0.35156333954597	0.341975224055492	0.348023259341741	0.371250760324447	0.354994081680442	0.336812186886909	0.356973188218079	0.341393273078338	0.298985427829963	0.334762478124334	0.353640760534814	0.287792424221169	0.359688318068017	0.321179639789837	0.345766986652002	0.317662061794973	0.357340913574547	0.367048518879558	0.340017715082212	0.331057412505475	0.296888508739634	0.318911913420013	0.347414998071651	0.389402156719439	0.363939772519606	0.350140791944765	0.37026277492451	0.350106148398221	0.342933431117108	0.298497264530404	0.355667647439728	0.346418147227926	0.415551273573163	0.311073832875234	0.318078181581244	0.336413937611664	0.332309365657643	0.355486586837017	0.255138991505658	0.365944286111877	0.326597264433449	0.356837268315468	0.353484066313553	0.337913404683309	0.377614041905788	0.309735857989873	0.32723329473574	0.387656218776759	0.269925126962588	0.309372648477039
"X85253"	0.387100295086405	0.346255969859711	0.365117714736378	0.390756429028248	0.328037271469978	0.348647141958119	0.365468942987094	0.36072831537399	0.320345214535196	0.350971438125383	0	0.315464534991264	0.297445095978456	0.299197041192334	0.3401939918669	0.332442085724495	0.33856697926873	0.373415789132179	0.349051364219934	0.37645121109872	0.382092751869299	0.374392109635487	0.326232400312461	0.423998477293836	0.316998813924216	0.385607297810825	0.341346295302512	0.32340823444959	0.301663188896388	0.323511477541662	0.298731406823811	0.312005079385983	0.38419760589605	0.360818648052673	0.342323306276324	0.363616718425483	0.38468133062344	0.375782994507826	0.302702941160822	0.327244542213564	0.33255393423419	0.360750314438479	0.351384517701805	0.342455946858506	0.359784593086336	0.32074395947934	0.347538117778817	0.327700618770013	0.307616968224387	0.366505993745592	0.352799485956545	0.336336407848007	0.354413908910757	0.322820234846171	0.327771522107796	0.349317366234116	0.313981834097456	0.391873237804923	0.378019660939295	0.351276011861351	0.332997471288874	0.350163353582711	0.353435946230207	0.301546338473957	0.359070958398022	0.334118296177315	0.339009698939073	0.338048141816252	0.318068464952428	0.385775698903926	0.372083864489306	0.358134890635461	0.373533864757176	0.36678809371639	0.345602288054489	0.365277137804772	0.390926008014022	0.373316657930494	0.344697895588269	0.364255010161559	0.365633328753173	0.361506434834556	0.300828999333404	0.349594366819418	0.373624050932923	0.317507903011864	0.374488262235091	0.33505173534166	0.324683659736564	0.313140539838805	0.356368729728732	0.345897460476125	0.370851157525529	0.35407019305331	0.331001118596863	0.342809802292401	0.357822959173364	0.367311190461935	0.388541456458162	0.367814062682667	0.34850961753092	0.356891092326486	0.354240672602806	0.32295187752783	0.365355626615125	0.365405053581251	0.391483213353207	0.327703200587681	0.342699929484462	0.315573479885939	0.341751017207764	0.29213412205737	0.317615897224755	0.369808174095264	0.346864931530482	0.378759084305581	0.355800751597328	0.321495804895152	0.346304768111092	0.324614580763944	0.344162319156437	0.356656324524165	0.286308150162897	0.319576413409518
"X85635"	0.408557521501127	0.366161859047152	0.366228950324606	0.388030899607579	0.343844209118393	0.36411243244772	0.369404029011456	0.373423766768933	0.323248267104093	0.340570279371431	0.315464534991264	0	0.302304181527051	0.32194336858477	0.333144792220869	0.335090806295061	0.323873346147101	0.35632775152645	0.358560434221452	0.386801566947529	0.396344449810772	0.374682450988146	0.332880727731161	0.430182443052869	0.318962816591726	0.395818201782282	0.346934377700809	0.35102080963193	0.310565996828629	0.345925199095025	0.297782385309209	0.304772742945778	0.383897361954064	0.360410903768266	0.343840569381848	0.362145294300065	0.401634972064483	0.38871590990499	0.327897983513481	0.342220829361412	0.357093319299468	0.359998458165775	0.370746770107784	0.358960280484056	0.371413967401441	0.338300036190129	0.352560200150815	0.363926264158424	0.324176736979883	0.390124176430505	0.35463855260457	0.331682331185026	0.335497723834124	0.337567916442014	0.333787245935325	0.354848736468088	0.329133904792865	0.404708007625715	0.38840133455996	0.267578347256401	0.345636606094715	0.368473797291083	0.337676599621507	0.310174512790753	0.367698158616171	0.334738173878706	0.364516960418352	0.363318749647775	0.327568324400649	0.404651766951328	0.371491265488398	0.377845982198734	0.386137737917198	0.364770150934011	0.373912211374265	0.374180581094469	0.38911923098238	0.393869125039685	0.352649256409457	0.373201807879765	0.376582754511028	0.371202139182192	0.306102381126802	0.361310306362631	0.371801209906605	0.329264947686556	0.349609059212754	0.345260358309592	0.369106252058827	0.340344744714925	0.384181002977728	0.343430373219351	0.395353490426445	0.361310731313015	0.343048526181933	0.364236582594502	0.37031975856405	0.403131720004092	0.39428547289549	0.380762891446718	0.364668813053959	0.347923357074762	0.366141688985889	0.331099460477884	0.353446257975358	0.377116561254971	0.442480050310787	0.339131473522681	0.350087785009935	0.328978901348272	0.338662305297672	0.356095015988995	0.339555735155594	0.377350967502736	0.350494609605446	0.39183435443683	0.361775970679194	0.317633452865989	0.367352476488619	0.323455958392627	0.339906414042746	0.368729461938408	0.311397650427975	0.32691736741995
"X85804"	0.375944622926559	0.340604921302587	0.33780313028839	0.367553627760274	0.303867385283182	0.327314445122912	0.343757250428712	0.336252306424326	0.299957469331411	0.325943218148869	0.297445095978456	0.302304181527051	0	0.280788686312796	0.305900840836255	0.31536755633891	0.316425073416417	0.35684070275344	0.328215420559772	0.341079092068626	0.346977272836217	0.349228286661895	0.273200480266119	0.364639097513719	0.305120294987997	0.358240149007832	0.297617390196166	0.325666285676415	0.278306595696082	0.308155130532105	0.288367676426654	0.319272679829935	0.356768710299296	0.336150567760042	0.320975239686353	0.326748822455399	0.356865489360225	0.34589114166893	0.274112916023151	0.306638334892321	0.323095900000669	0.336232363010172	0.339702663557753	0.337159699064672	0.358398897253058	0.308739423879162	0.325223880577773	0.32288198487742	0.305847293140544	0.359156795091446	0.336166877266762	0.309451786449537	0.337882901143161	0.308862954949702	0.29110804060605	0.33243062713906	0.300646586173371	0.376532504920966	0.356198885318735	0.325664241603424	0.3011548691276	0.33783263803588	0.329158728523864	0.265674588661044	0.342069162086571	0.310400331788314	0.31990905805407	0.325568612036467	0.293040244975914	0.368925470905133	0.350553398148633	0.334871365150758	0.349222521032653	0.358002238599982	0.336531108593658	0.324072803677672	0.375388139214261	0.356252215983003	0.309565232171389	0.339226790185045	0.344281447937826	0.331889815786787	0.269335424129356	0.332887841624301	0.349972788951624	0.2930318940622	0.350021380752034	0.313873338940836	0.325779675780409	0.315404388370596	0.347373854532829	0.274062951112511	0.361258089025867	0.339789933778793	0.308177567744516	0.339430864835453	0.32861184018912	0.374765702179058	0.369745944397851	0.343145982390036	0.299686965102514	0.330297998623109	0.331548438536419	0.299527078638982	0.340678418855888	0.336032682434932	0.405290285157951	0.305608214981026	0.329789678930512	0.304439372850633	0.319147833843882	0.322176966080418	0.304152932494587	0.352863707250642	0.326154846858946	0.358323668167511	0.338992771261505	0.285180018121019	0.337784394439376	0.304461065126419	0.310096503451967	0.334112546362957	0.273790057128898	0.302377838922311
"X86715"	0.317524384072215	0.316125773322402	0.322807554312109	0.34223015288963	0.26307481305841	0.291997410627758	0.308913928055502	0.297445317018548	0.27495662202934	0.287425924062295	0.299197041192334	0.32194336858477	0.280788686312796	0	0.294334355171304	0.288619361696332	0.288662033977195	0.29891174835936	0.304395420300484	0.330609635328471	0.362522365334118	0.318302148981088	0.282388253634669	0.36547772329042	0.269875262798039	0.334473990543224	0.29268518963908	0.293173334423691	0.247072080698917	0.287442849673204	0.2581609485837	0.279952641873512	0.325569548162509	0.310902206289542	0.287670571703366	0.307774950359218	0.34790644734927	0.326004527095302	0.261625760600503	0.2888258215607	0.311029020481754	0.252836830374998	0.30477968301089	0.309461019121379	0.335056221281159	0.287096393469256	0.310346751524276	0.266795545779452	0.272432699665493	0.320773395865592	0.30928675562886	0.292306343445892	0.318358582412731	0.277862505856805	0.276175604485813	0.31166529364004	0.27957467999406	0.347137198445606	0.330828445946291	0.290359432753314	0.27627830218351	0.325348774549368	0.302365369997015	0.281340972044272	0.321108604583608	0.280107697389716	0.307570234280954	0.269092886264889	0.261643220892136	0.34347389223412	0.319601490618988	0.310421589475798	0.323664213256434	0.33175220907281	0.311376225575915	0.320347296029887	0.339085827802553	0.32364898751692	0.316302404120971	0.31760782852464	0.310373336606127	0.305176169356002	0.272376758037202	0.269856071898967	0.325658874274354	0.267170314973357	0.320734331205743	0.294502169330159	0.281362548592848	0.264235330920383	0.320259846670934	0.324376839015409	0.287578197630962	0.309478222766123	0.280498271091241	0.310774573290892	0.308271731275352	0.336243229885113	0.339244135431134	0.281205903478788	0.332403788212203	0.304885863731067	0.309984911941387	0.268900313557568	0.315801851911797	0.297839001631685	0.375726009948517	0.196740389905003	0.300075267260699	0.284551634907771	0.288799475283028	0.31764905304981	0.271518159452981	0.326120304605494	0.272648299916591	0.281353690907851	0.304386709023939	0.301563448933945	0.338184389356019	0.279584498182329	0.288762121775467	0.348157525181287	0.226557683902246	0.19501242508712
"X86737"	0.328123070823871	0.335104045241991	0.331763180588554	0.353525663834552	0.323876329760825	0.305626679568186	0.339542682236122	0.345246404989979	0.298804656191378	0.329501637594569	0.3401939918669	0.333144792220869	0.305900840836255	0.294334355171304	0	0.317198096004188	0.31265425260028	0.330437937751734	0.333186843308867	0.322942138268078	0.384901366878605	0.354907105012169	0.298362774885416	0.390716824668046	0.297597296535948	0.354316216354112	0.308659710889827	0.321537732540469	0.281443355398336	0.315962655229691	0.278401598989416	0.331086601233036	0.344418169610959	0.344903475081417	0.303365692950159	0.328048498576104	0.367829876268966	0.350927120475547	0.299026105009688	0.318439318417272	0.335717666774973	0.319844479416616	0.348522853561793	0.304228493041908	0.355324007563141	0.31033151953806	0.344279590642411	0.33191408468821	0.311987157372873	0.366136568831701	0.343652597279598	0.324151052855789	0.352405794464043	0.301149548765193	0.282470298610761	0.346499282758315	0.321777918565872	0.365281820659664	0.357320824231084	0.302674777042333	0.306379082947497	0.354613395018492	0.321729179136906	0.30534936420059	0.354993292683745	0.304936745288284	0.336184714938463	0.33268292804322	0.303623782288669	0.375359824863143	0.341798706807933	0.34389563521558	0.352003190729637	0.35938034022542	0.345327402128373	0.354336016671723	0.382580533847319	0.361727315339606	0.355700372967549	0.346294124800337	0.347120380364757	0.350577282390021	0.297039457145146	0.323192876742965	0.342918563192259	0.291264153888102	0.34588165419407	0.295764210522285	0.339952246601386	0.304962873624495	0.355925718499003	0.33588127534555	0.356863236285135	0.327945981447339	0.305710384986747	0.314556357104609	0.321853847305339	0.360724633856422	0.376727031849977	0.352178082200827	0.348519822380125	0.317662151454258	0.342811509207304	0.295103270915099	0.329372754076812	0.343114488890841	0.413950737222646	0.311462389103729	0.311825312208735	0.33044749308101	0.318326135778242	0.344145373023551	0.286336321950479	0.347919049332179	0.326494860164425	0.359890953881058	0.30454030442974	0.334155893999019	0.372156972660361	0.3018103694042	0.33329347658633	0.373988210940628	0.26160660383998	0.311409938733101
"X86740"	0.380591233346359	0.30769592938498	0.302150517195934	0.363260983515251	0.31564931679098	0.327115030915465	0.30940874803029	0.336548224347987	0.278128391578113	0.329083563501644	0.332442085724495	0.335090806295061	0.31536755633891	0.288619361696332	0.317198096004188	0	0.286945948353795	0.316763239945359	0.300400086853081	0.358834615924802	0.386903865840602	0.334521664557444	0.287494482590138	0.400138145393066	0.276318515347588	0.36409705692214	0.304940697166985	0.313296485616408	0.274993950831499	0.313024251885079	0.270584893750164	0.334462876978396	0.355318893773058	0.32377258577285	0.302993601563515	0.315658386994378	0.373293691686534	0.333866466051473	0.285315740201767	0.30545075803908	0.316084720697817	0.333504311949168	0.338576739275272	0.330975850147198	0.329527562495794	0.316304138236691	0.332238603332735	0.31740803025695	0.299198756327611	0.36348326988755	0.30290099529582	0.307786454827236	0.315844467266609	0.300756517942663	0.300978756807739	0.333216822486335	0.304900138157537	0.363143265811927	0.358770558610331	0.300016422338278	0.307849136163161	0.347969346923909	0.325384191402213	0.297153507191559	0.309121632977475	0.295433051488392	0.322160007144417	0.321640239135583	0.294743873207063	0.363716908965445	0.330900909799383	0.345313083089181	0.346975438617552	0.305793472420592	0.310883059161032	0.344833564947166	0.346080497738564	0.341618262905806	0.34840721087947	0.343537101411721	0.342409695328865	0.343203172178808	0.302749022820469	0.321850606206581	0.330840342363622	0.289649144451241	0.325016069316227	0.311393639725057	0.329569298760636	0.291325899579509	0.332325376918501	0.340303253486223	0.34971050223644	0.300492906921239	0.302623903912154	0.339401854733146	0.331712828353807	0.356565788132818	0.352590935496268	0.342673393814907	0.361129289001315	0.303631624765672	0.336331814176	0.293882587068776	0.323674922604076	0.330303031234741	0.391904724589908	0.298167791838401	0.318181893549906	0.309316603772443	0.274835535768364	0.341314612524993	0.295314199923852	0.327267177408266	0.315528042568954	0.356988617239547	0.293802101285549	0.27424449699015	0.350295533541249	0.282443089926226	0.303288266456894	0.372654105587242	0.273322260551197	0.277709039690183
"X86887"	0.375674531247217	0.313223608416346	0.332738357691403	0.357670418942886	0.311142723310451	0.320377369810897	0.334869625104325	0.337605741425494	0.294783989728272	0.327191583276226	0.33856697926873	0.323873346147101	0.316425073416417	0.288662033977195	0.31265425260028	0.286945948353795	0	0.31294988132585	0.304302872708817	0.36071327584658	0.324097367755762	0.280539031992289	0.308925008710716	0.402040089445009	0.281188849506611	0.360602842666944	0.314712468984875	0.309809860634556	0.281300883292623	0.314692669258654	0.265378861493403	0.327437368057044	0.280217965243464	0.307665087617421	0.311974641836751	0.326053318961009	0.371380041922097	0.352447698874691	0.285673864832212	0.313247491369142	0.337542020597433	0.320168406324385	0.340755102127737	0.328600924051406	0.340131795575906	0.295248072846052	0.333888273960106	0.327123213115566	0.293980732968966	0.365217010585759	0.332143944973928	0.312618356668569	0.338076565640378	0.304681671612336	0.304339392555768	0.333424536295631	0.308499510485227	0.324845239383835	0.356453944687076	0.299760561506125	0.30528754405302	0.3406301101872	0.324344839953222	0.302705721496462	0.331364601508298	0.299404662564729	0.323176900082961	0.322181588021318	0.294014005501207	0.364116322250594	0.323450399254216	0.342717630270861	0.345360736461576	0.339103304405098	0.309126223156731	0.342219825007368	0.353859179118606	0.351939695332191	0.346636658995979	0.266303531408606	0.336757977727931	0.337854745162577	0.297700855864256	0.322484896997374	0.334193559775205	0.289520020152231	0.315445198462534	0.315246912754487	0.321256534720503	0.280378633514713	0.341272861636687	0.339752202117829	0.355996356741126	0.31791923399442	0.302903602976255	0.336724257057429	0.326070992471596	0.356873252288943	0.352713510792231	0.339601234383327	0.358206471042532	0.308316427238544	0.332292633713555	0.295664726043851	0.262012855346456	0.334752810051321	0.401744077263588	0.294023763079487	0.308231898845066	0.30125460984333	0.313886101559141	0.343274551790594	0.303411307493757	0.341882413899201	0.320647207129977	0.352264513622347	0.314119159794597	0.306327156320462	0.348545586506582	0.280605513996082	0.304592085723021	0.36598803941111	0.270278183218929	0.282239532850626
