Var	PC1	PC2	PC3	PC4	PC5	PC6	PC7	PC8	PC9	PC10	PC11	PC12	PC13	PC14	PC15	PC16	PC17	PC18	PC19	PC20	PC21	PC22	PC23	PC24	PC25	PC26
SODI	0.28419875747149	-0.0445493810103076	0.0535795740813023	-0.0440727124953785	0.217803036156213	-0.181049314746216	0.123143265379944	-0.118493728122194	-0.242078801223342	0.161393741454769	-0.0750830313049169	-0.140211155309707	-0.118032350728399	0.0228924729480183	0.187723332592287	-0.00255318530393053	-0.00910228932507747	-0.090163431517479	-0.251685584746449	0.212028370578047	0.0905497476261809	0.470479329318207	0.019562542125084	-0.258606417683674	-0.475298341736012	-0.064262844918149
CARB	0.285486367339895	-0.0341864876006455	0.115167127456919	0.196910720340084	0.158190846019814	0.0443593432100429	0.12373915892518	0.140015890342496	-0.0211228452486139	0.0442779933321124	-0.0568032394656122	0.172437013767973	0.0258374545547789	-0.0484855122958155	0.36835485845771	-0.382818264387815	0.0292784223736835	0.0186114050597338	-0.183231851300167	0.0576715694796467	0.172799718001829	0.176907165915274	0.109183785878115	0.14213410529326	0.589460437253936	0.0625777443536388
SUGR	0.190850870335949	-0.0777194251429897	-0.0366046340858808	0.117260613758456	0.11439603382526	0.400080036522147	0.126574461919874	0.445029285473065	0.249724735708287	0.145091819732266	-0.124884314226857	0.248953985249038	-0.0837495734864783	-0.243731279091135	-0.070976141594629	-0.189262759927474	0.133762797959628	0.134301088828466	0.30238717149175	-0.0140493791495687	0.0121968242087528	-0.0278464085211731	-0.0179128285654998	-0.0971046886499731	-0.383788764498836	-0.0377491878465774
MAGN	0.262813786311637	0.0800099137787826	-0.00273366912587733	0.236780045098004	0.080199988036966	0.0404681551195808	-0.190556513455644	0.012046003785201	-0.0283500153881599	-0.351518208213275	0.0864719674041117	-0.129190455936088	0.00289596196717498	0.507223784137654	0.220247040093182	-0.190022851690218	-0.0271623121901228	0.0765654693353066	0.147722913670143	-0.235151413969647	-0.324249000333128	-0.0775461465952544	0.291082714005812	0.0195336338901348	-0.217401860463037	0.0790374089614898
TFAT	0.274800891143284	-0.19969966080222	-0.0590656345718024	-0.23602713700904	-0.0190355297365085	0.0117299410850337	0.0630864862549096	0.0368792709905014	-0.119599247484339	0.0297316536605291	0.0689547640880426	-0.130683458140786	-0.205530980451168	0.00405571803250435	-0.149704616269514	-0.0676205288915536	0.120222956562486	-0.201495937488487	0.00888509005368044	-0.327310033841263	-0.094753744575154	0.0263392378726858	-0.0451549668268826	0.345720273861435	0.0736561355794662	-0.643722768893912
SFAT	0.265698409303992	-0.262422418079738	-0.0274549919257527	-0.147369986698186	-0.120655148580886	0.0230098239500059	0.0519051337998251	0.0598663204812899	-0.0302605658390283	0.152890417655526	0.0517142692058705	-0.00414301116694888	-0.124703144934046	0.00537328042397718	-0.054348348442454	0.0992654151674509	0.0633463143896697	-0.228819612668821	-0.135511220540633	-0.109565043082771	-0.148953710850096	-0.0279168714762816	-0.139575972612487	0.38515225218753	-0.10116741209317	0.688162775393686
CHL	0.279983012090225	0.0797551149779874	-0.0916900393362657	-0.0537670530950873	-0.0558242736195677	-0.0743048951008683	-0.0188628530069201	-0.220657086879534	-0.162860536548477	0.0577327246336271	-0.197743016162148	-0.00839086927015949	-0.25438265574829	-0.340267287653334	0.251855150690448	0.322568352217454	0.26783804247083	0.333821977216093	0.14863715270276	0.133339723167703	-0.290314748700069	-0.248398960841723	0.199507281314756	-0.0484794498443371	0.134415060995986	-0.00351685737624127
ATOC	0.233342451279873	0.0902864831269954	0.0597021229409425	-0.356703389618783	0.118771597648621	0.0897618934512284	-0.0500034187739093	-0.242820428662674	0.0378096271829296	-0.262211173803199	0.105415453401778	-0.163404725246486	-0.16965785000642	-0.036265195834551	-0.380197665727715	-0.344661199603641	0.228732735533968	0.134146097105384	0.0567417471710975	-0.0656192615156356	0.215111223459542	-0.00970652355686232	-0.0854352051745333	-0.344318886411178	0.150159368090514	0.221189389360044
ACAR	0.0411512242020321	0.280724806485876	0.17470717683777	-0.269051000865641	0.224044792583786	0.0978545036197461	-0.041797174074779	-0.402855486235081	0.344849494496602	0.117223891294042	-0.0838565057987609	0.409986996222591	0.0483798700433461	0.0520782493159177	0.150022490158351	-0.0660734720371517	0.0111346435584391	-0.200499741556611	-0.242747583633186	-0.0488279052867067	-0.00199581014231047	-0.279018552986318	0.0849486158898492	0.147628083866395	-0.192632143327927	-0.0863796943024144
RET	0.23146847158981	-0.0790761145616294	0.0827734132735008	0.0319220677703816	-0.202344601108847	0.362831918250506	-0.0130790090798629	-0.322065585553062	0.213859346824955	-0.240773690736212	-0.10007331859221	0.0870434274108286	0.0256566343495997	0.0828212315223141	-0.144244122716312	0.228210090358886	-0.237819801268312	0.0203760879356772	0.224635215087838	0.342473039774699	-0.00885347121790811	0.417783753572631	0.00560674576394665	0.212436224140923	0.0763554035136635	-0.0614311143913258
BCAR	0.102737568918939	0.419664722038178	-0.0287552227505364	-0.125833535170625	0.0341335233002862	0.0611637935041939	-0.155879223581795	0.137835549210159	0.028723426788746	0.365734166576495	0.00662169268399854	0.109127406630866	-0.127379786643873	0.247512645427392	0.0633792120419955	0.169464398110986	-0.126536683665405	-0.0182441766749875	0.158940756055779	-0.215968313082455	-0.252320908501919	0.266887731831513	-0.386774868852649	-0.240974874704917	0.24569589174416	0.0229388799165417
CRYP	0.135354319015449	0.139880720294367	0.276970985917623	-0.00519369989316134	-0.286389121571095	-0.423854306182297	-0.0852056200283205	0.237231897074924	0.183174483680991	-0.273264069140358	0.0287671454596069	0.245287646389456	0.170628014749277	-0.0340786757031134	-0.0170075107784556	0.142771157198168	0.500468655245185	-0.205439319627018	0.0607102423659218	0.0160997160028435	0.00700406156209174	0.197328818042331	-0.00146834876940316	-0.0447231146190265	-0.0361659790624389	-0.0328257410151324
LYCO	0.127740801867958	0.147595108383203	0.368458474203785	-0.0762697682291701	0.183594983063272	-0.34810310556812	0.23135247693392	0.236022933835983	0.18000510946354	0.0665032353396477	0.269234103508244	-0.0422227492969012	-0.230502046499241	0.0426097913286679	-0.234711996125666	0.126744922651348	-0.358910365199811	0.305975884022544	0.033129345557627	0.126555214694513	0.0168592012973881	-0.0916336408097767	0.191778621035952	0.184342642578439	0.00322859737813178	0.0024896030357456
LZ	0.0708418911012114	0.366697153794864	-0.184263077580775	0.00616450741854242	-0.19401816134161	0.224518978692671	-0.24570292904631	0.19059133498163	-0.0735025816992538	0.269913836322618	0.125524606392009	-0.19754682237866	-0.0706629892146714	0.249709416438878	-0.113713714911686	-0.00196110180132614	0.268909501351527	-0.0326324030089945	-0.146095529773427	0.404221591487351	0.270456249222304	-0.0992308752030451	0.215073864752919	0.195748132386478	-0.026202522600239	-0.0456807978307225
CALC	0.270486449662454	-0.0793243693924092	0.16742654455312	0.274430703833695	-0.147201126754567	0.143475423746542	0.0579335742187615	0.0546040517762396	-0.0302342303559648	-0.183077394005172	0.0118171123266013	0.0478998097567041	-0.0446931439064037	0.15161141122656	-0.0171616271976486	0.178016313208602	-0.0219311919037516	0.175931645168408	-0.455124871658903	0.0640184135168156	0.0461206061612499	-0.353232139713915	-0.506740993964846	-0.163063090575154	-0.0269624149401168	-0.145269859975643
NIAC	0.115764917207221	-0.0626919681501984	-0.158513723969946	0.141391345358297	0.435962457364308	-0.133702817312521	-0.269516502013957	0.119566276049969	0.447450709517884	-0.0653355954105278	-0.396440702442524	-0.394679276281515	0.0136305015289917	-0.0482582886986902	-0.0846359464859785	0.234026996302424	0.0110268506555257	-0.178486124733788	-0.0781386423426504	0.000727659732654925	0.072362293256464	-0.0431258920770749	-0.0367628576224367	0.0178613870349599	0.11785289173634	0.00834987271188143
FDFE	0.214756306430109	0.0859553547447202	0.119261904839611	0.228348483221046	0.171555416158262	-0.0504493719707384	0.16620420865555	-0.169489898838264	-0.253001160360166	0.294245830160167	-0.149778062070562	-0.013554509564345	0.594280340384197	0.0580116138835332	-0.443827485655699	-0.0280080088294034	0.125738712229617	0.0437312080163455	0.0920518918580529	-0.012247227324242	-0.169638850823112	-0.0689090248560796	0.0122396784099588	0.0530082346495573	0.03763631423741	0.0063725388265693
POTA	0.266833640219984	0.177281197556239	-0.0545787238066369	0.136477647171707	0.120627953376137	-0.0424967023534844	-0.0789991062055476	-0.0833089178159598	-0.229145384748142	-0.0856132151525995	0.262253716477525	0.0204795301939981	0.0936124747665461	-0.198726201716533	0.189878711679246	0.184010309257087	-0.188337982823865	-0.250702249159897	0.402670577177996	-0.110629460343833	0.501968758710631	-0.188714183934718	-0.159041244789611	0.0783704572680858	-0.0789391428128015	0.0326607568124063
VC	0.110644746929644	0.376487152526211	0.0727619205545539	0.027239481216588	-0.214291015946306	0.157166200209173	-0.0932995723074566	0.074830798766189	0.0629114640871387	-0.103709612702838	0.129772740635877	-0.309423061799865	0.197744987001504	-0.562291529295569	0.00957476699867698	-0.143725884943321	-0.245803375408023	-0.0698989338739407	-0.285439937836297	-0.11595155599091	-0.270230527777873	0.101187659200662	0.0443533153242832	0.0215980178619486	-0.0762110720726717	-0.000776349414473778
VD	0.140327332901902	0.13747681933008	-0.525522991876476	0.063326839728754	-0.133417714363097	-0.062959333793312	0.258135730449958	-0.029767209327625	0.111613218581454	-0.0640167212835209	-0.0267311684801918	0.220281540242048	0.0504055651874994	0.0431940342617892	-0.153569412412044	0.222671378471794	-0.0583556031944918	0.211316601973464	-0.263976874388788	-0.40819603832374	0.248872427871563	0.160049723880298	0.268167025026091	-0.0538348249406353	-0.00934813626814353	0.0418596479102579
CAFF	0.0546874129407978	-0.200918458297387	-0.259523852850539	0.0627004948818732	0.313158452570521	-0.0781766462472244	-0.502052018760984	0.0104876206859334	-0.0799559224000645	-0.039602171072363	0.434711241928134	0.384293627505869	0.0423868566716454	-0.161991429824497	-0.18578693661856	0.0116741527087946	-0.015131745038589	0.101623855934967	-0.162273633584823	0.175001818046161	-0.202375826904767	0.101988921802306	-0.013315271729059	0.0103895673632731	0.0180996799898045	-0.0470964511664105
THEO	0.0592874697395437	-0.144786022198197	-0.0187838343243534	-0.522618119473947	0.185727362168635	0.247461881821236	0.149813615077234	0.245833298164064	0.0170001645355704	-0.105553596995864	0.209299052176485	-0.135505000808398	0.492606393915803	0.0960814906057215	0.266933525117132	0.292646424242335	0.0665755539865792	0.12180181194233	-0.0349742486506127	0.0627185431015341	-0.0137955365894046	-0.0252448845834408	0.0594512366672612	-0.0903950615486246	0.061006880359171	-0.0190503413436815
ALCO	0.152175197421069	0.056327170810961	-0.157442683127613	-0.369098753905947	-0.137164250028053	-0.210690465438984	-0.196961731547628	0.251260597402382	-0.261854013798751	-0.17841837821019	-0.501776358192706	0.196660982499309	0.119738375742405	0.0398124316362803	-0.0627250071788429	-0.213371580503073	-0.363708631034128	0.0519793894869196	0.0159223598008148	0.162719676033923	0.0334041322040884	-0.134304756735248	-0.0585271044090309	0.0640920711361935	-0.0532299890877606	-0.00635613347572742
S140	0.241887566744296	-0.266167330330362	-0.0199619663355573	0.00864656896582764	-0.263768165904109	-0.0304599912164523	0.00749232867973023	0.00911070503399292	0.14163358946972	0.218205743023874	0.114426120932982	0.0409750141742511	0.00679213148911411	0.0407155793799176	-0.0744988057625096	-0.00406213232264645	-0.242559295142349	-0.424576519177036	0.0352625612600207	0.100710729594746	-0.0753106331655047	-0.237916746956214	0.340245594758134	-0.505169622584988	0.155807187296085	-0.0425822840712884
S120	0.144559655956645	-0.233592302595881	-0.0136704517321918	-0.0468645788105896	-0.299191416034302	-0.23770154203782	-0.276121998964455	-0.182329071810673	0.335696539299544	0.351618584280341	0.0861559241838122	-0.162231282915803	0.233230076377096	0.0186798247097988	0.199417837978649	-0.205850209663167	-0.0251719127188503	0.410593455705465	0.0894552222835009	-0.099402363871574	0.171897169640562	0.0237809951375055	-0.153820173903595	0.0693396374383538	-0.105675215362081	-0.0532808495601174
P226	0.0539529453061067	0.156699248324929	-0.48658799897106	0.0199808042130348	0.0173715686777982	-0.22903837773083	0.430695037790393	-0.07616792392151	0.236035580401589	-0.106116906505573	0.181963351704785	-0.0622129831697073	0.0403795096101617	0.0431474079945374	0.0857316903709806	-0.239984307310816	0.0386431128955918	-0.116461127588228	0.114945551205885	0.362492661727745	-0.239056280782847	-0.0859834956153723	-0.300192364830594	0.0585749532424074	-0.00087813060290251	-0.0340540317152964
