"KCAL"	"PROT"	"CARB"	"SUGR"	"FIBE"	"TFAT"	"SFAT"	"MFAT"	"PFAT"	"CHOL"	"ATOC"	"ATOA"	"RET"	"VARA"	"ACAR"	"BCAR"	"CRYP"	"LYCO"	"LZ"	"VB1"	"VB2"	"NIAC"	"VB6"	"FOLA"	"FA"	"FF"	"FDFE"	"CHL"	"VB12"	"B12A"	"VC"	"VD"	"VK"	"CALC"	"PHOS"	"MAGN"	"IRON"	"ZINC"	"COPP"	"SODI"	"POTA"	"SELE"	"CAFF"	"THEO"	"ALCO"	"MOIS"	"S040"	"S060"	"S080"	"S100"	"S120"	"S140"	"S160"	"S180"	"M161"	"M181"	"M201"	"M221"	"P182"	"P183"	"P184"	"P204"	"P205"	"P225"	"P226"
1	0.783605272741405	0.8731562817138	0.628014980915275	0.558129822564295	0.882172519761503	0.80194503791082	0.840387778890743	0.740078730464678	0.513432590400194	0.530033816237971	-0.0562243906306625	0.217794008759092	0.229274615937096	0.00757360642867934	0.0778595183958183	0.0950765811877513	0.310915642539854	0.0680098011337883	0.700965704481398	0.596516230310088	0.694748860024073	0.467991899138415	0.596915185376148	0.329941926931545	0.586287507808532	0.522915813220352	0.633308009278802	0.264153202863488	0.0311745592264279	0.25214130489861	0.139259986024664	0.199329167397193	0.536384383704925	0.825627306866175	0.688532587372667	0.602053455629042	0.688804495948032	0.43454401165664	0.823052754601593	0.715638709082952	0.767517590947404	0.225601043278866	0.296386773881344	0.213907964195967	0.402444382065113	0.475755286209613	0.45431283430204	0.0285025579252843	0.285985279150892	0.222355874474022	0.575181166682938	0.832436392450947	0.806490800227786	0.663483889467525	0.840984491656134	0.550333824935822	0.0689842931740848	0.741578949922056	0.605656225443056	0.0763243317569702	0.470830922317354	0.0480833360775004	0.291363920202765	0.0906469470102776
0.783605272741405	1	0.520583936189831	0.256386536825821	0.479663844794521	0.736750730679525	0.647340901106061	0.732972864940488	0.588951614482178	0.703713253672841	0.427581984166337	-0.0578432981086615	0.212048963208872	0.267001680732332	0.0708170240150841	0.164530722251523	0.173617223509123	0.241816284878823	0.142586617771729	0.636615846416799	0.611311276687583	0.804347190205057	0.571670637532914	0.519566461563865	0.232358160093636	0.585656218128516	0.434547990745107	0.819138896111907	0.395924191608183	-1.56906097271556e-05	0.254428035629346	0.253086691325437	0.249248686245317	0.475823099853989	0.87555951453689	0.691719148855953	0.501891071904953	0.779579775322489	0.44321008715611	0.812028259830163	0.72477092751151	0.920351259961706	0.182640581897546	0.095818258483098	0.0837546783142243	0.387703655684851	0.312346702999171	0.295867705006085	-0.0258911337851231	0.174543865448714	0.0922348405550495	0.428643472868058	0.697029916008866	0.672428016505793	0.743471737796263	0.719930146236291	0.565084830310962	0.0877699178872107	0.577533874224602	0.478584133081	0.172978785033519	0.652172949979292	0.206107697584032	0.47136450316783	0.273495661370364
0.8731562817138	0.520583936189831	1	0.816989343343667	0.610175932383269	0.600865828721953	0.557878875265705	0.54985397191109	0.501983958797939	0.237038193942956	0.432497503449279	-0.0274315160715148	0.190708259267305	0.207615853257338	0.0333642034943502	0.0789926657779161	0.101042525904924	0.324138025133685	0.0720133666450298	0.667450755030886	0.49348519526339	0.513310868825685	0.367166701440551	0.617765443177927	0.400301024363805	0.52486023473291	0.563261414352002	0.386375832693556	0.162313095021649	0.0754200966533086	0.305997015730622	0.0798160912080144	0.148540017840338	0.493163253318363	0.657761602402499	0.619160869234277	0.614840562197786	0.523231252593915	0.376171380534878	0.62421587516754	0.65941905410235	0.523331962718812	0.174887591723721	0.309909055230254	0.0767156525733173	0.334213414469667	0.372064596843624	0.357933077386808	0.0167659864951458	0.215904405341602	0.206404589305043	0.420045322819301	0.56566827251973	0.552489845725502	0.350585810432476	0.556978183403494	0.311212670760884	-0.00473991346426587	0.507483312453163	0.421971632496844	-0.0300874127778268	0.19538852254946	-0.0554956914042766	0.0921254909911979	-0.0420426243944618
0.628014980915275	0.256386536825821	0.816989343343667	1	0.288487115415428	0.376548921991897	0.363846856578219	0.338062645518707	0.294862657723741	0.115093726502691	0.277463100660481	0.0358518558418796	0.19229101915365	0.184444080143563	0.024279490926737	0.0260912915872545	0.0442597917207873	0.180610247491202	0.0214172845738787	0.347480519511739	0.305397664996424	0.259382811024067	0.200952985268532	0.311852016109778	0.221316782816489	0.238214032148407	0.291382679319877	0.210646522345506	0.129300872644693	0.076136368095461	0.292710716121382	0.0915262369797059	0.0525339875419184	0.312573323192795	0.370959755642003	0.32000261388398	0.374697550179325	0.326661277948874	0.214240722604595	0.29314209037017	0.434948913342275	0.224265359173513	0.16671162800117	0.389961184352438	0.0521043340397233	0.191693509840436	0.247553165634439	0.24012277253194	0.0427584100071775	0.159740649912421	0.16562261516748	0.281029129709065	0.360638950764	0.355741869791161	0.209997675736668	0.344013836580364	0.139578560486968	-0.0104623339268392	0.300005704630992	0.24991228736352	-0.0461404687819868	0.0979686094672189	-0.0910495827769954	0.0145743536399668	-0.0820294852304335
0.558129822564295	0.479663844794521	0.610175932383269	0.288487115415428	1	0.40518605260904	0.312220134269849	0.387368735704672	0.393507375377639	0.182226803637592	0.452199836315669	-0.0144612325916563	0.0861427586076178	0.25874074140367	0.283515201541571	0.374343196303804	0.218063557478858	0.278628470638137	0.281926281800248	0.52380412338614	0.402314569975913	0.401942919788368	0.383515260622096	0.57823528605418	0.161117751327196	0.79035626099085	0.447629630843293	0.398784985388702	0.0932826719684777	0.0030593221832944	0.372211424117301	0.0966106540040304	0.328744551450812	0.390780469523144	0.602902881570825	0.833556504256287	0.504129681627294	0.458402167176306	0.500165231683593	0.459377530248927	0.748460205362396	0.426452989910828	0.101908046968668	0.123616746297326	-0.0340403116834073	0.364657418582698	0.196983846939774	0.191259610349023	-0.0153290120314314	0.105033342874238	0.112977181361842	0.205732108790215	0.327560426132302	0.293110276130571	0.187697240020274	0.395067256314146	0.237808418597534	-0.0330311137952075	0.384857487040014	0.427283746392503	-0.000354611441303082	0.118435311793554	0.0274099576614374	0.101708865609366	0.0652537804079212
0.882172519761503	0.736750730679525	0.600865828721953	0.376548921991897	0.40518605260904	1	0.906188073807457	0.964834514099244	0.855258925270325	0.580025255593956	0.544042122484978	-0.0466042132149374	0.21246022289922	0.203653419922505	-0.0238304438526629	0.0367032450146351	0.0453560924215755	0.211689063084144	0.0270135474221269	0.558131749710958	0.527671624060609	0.5939270757389	0.345680816980521	0.42672445061698	0.205415749900848	0.461879619847556	0.362375717593871	0.608948428220675	0.24376515836837	-0.0242643561376618	0.136597305610741	0.144836208387631	0.183169012227947	0.470818203052693	0.74854275371934	0.551693536253076	0.462809001517114	0.637428924238761	0.374058064824881	0.777880644832822	0.559255415177921	0.717127296116792	0.192790204066521	0.28909918411946	0.0559045493137942	0.304061506436909	0.525941209751339	0.500174921614144	0.069858666252734	0.338553181855065	0.250546882690368	0.643841572457815	0.940988077425966	0.904775694835244	0.776896657558014	0.964512776180033	0.648183569138118	0.125074059555989	0.858323618481497	0.687074079338034	0.134858794891921	0.550555307967191	0.079019093767619	0.338376382855647	0.129884904757089
0.80194503791082	0.647340901106061	0.557878875265705	0.363846856578219	0.312220134269849	0.906188073807457	1	0.8245093370503	0.604206690080133	0.526052802741351	0.397271746346371	-0.0133523805447562	0.30816310620009	0.256570894851461	-0.0412343918522736	-0.0346606705211446	0.0181976043612431	0.170857749632904	-0.0509401680323901	0.56207409136877	0.551706294722014	0.50441527672735	0.287142635436605	0.424344262724064	0.283493115544635	0.348669420574906	0.389855364327848	0.516148130259882	0.263174576637777	0.0188752663303193	0.0584916752613595	0.168010365071431	0.0406461958568841	0.588536458812947	0.717438278533109	0.428910107796632	0.481369455128132	0.633201626788069	0.269624180746811	0.696641427352343	0.451987267630649	0.631825667338991	0.123877407127569	0.276929475348864	0.027476302398557	0.194442532914377	0.737723470387305	0.731785314956297	0.199412563578089	0.554171713795612	0.434077915872359	0.874495088641628	0.973151055133722	0.951528390472362	0.747639068211553	0.821665702334724	0.496079912701458	0.0902631584091173	0.609668221766139	0.466023060071149	0.0695338681524209	0.466683398962848	0.000756267241680262	0.261864103972709	0.0239430300545886
0.840387778890743	0.732972864940488	0.54985397191109	0.338062645518707	0.387368735704672	0.964834514099244	0.8245093370503	1	0.80583684446658	0.592229303835789	0.557542427016451	-0.0497886860564978	0.164999343475689	0.162807870836035	-0.0170340807096522	0.0363469196924987	0.0746376405328999	0.163907438893482	0.0241171330587698	0.513586524862106	0.49539452738634	0.597885224004559	0.352382181101187	0.381517385612021	0.15291709103932	0.456424276453199	0.312593184896771	0.627378904130245	0.236045725774854	-0.0240513282822537	0.123362346746065	0.132393756049835	0.171373052552155	0.380019954330692	0.702092531721472	0.553176466925314	0.418145630204163	0.620938486183906	0.382341796562573	0.741654974595748	0.556169355445417	0.705251173013313	0.212501793920387	0.281219985815867	0.0601407429078962	0.309516931666817	0.422834365976191	0.38048662583262	-0.00470225162442402	0.219103509291531	0.147956390258925	0.529855469393292	0.880960359089006	0.852152448769942	0.800148865217907	0.998952221535579	0.683087018660615	0.137918631467604	0.809823129443838	0.613210340017972	0.154635723427842	0.571579362747785	0.102057754039763	0.357452152028651	0.156403759529239
0.740078730464678	0.588951614482178	0.501983958797939	0.294862657723741	0.393507375377639	0.855258925270325	0.604206690080133	0.80583684446658	1	0.449787031815674	0.555830090862312	-0.0491167856676731	0.0834957364337961	0.12257288085093	-0.00701825035147646	0.114329995974872	0.0327661186219823	0.245873000696144	0.116345194281398	0.415488817350343	0.354631289232922	0.488113369794239	0.281062846191921	0.32548136384201	0.0891317226988036	0.446213001298131	0.251205943885341	0.50102914886522	0.130199215187274	-0.0807186767365835	0.207202485610544	0.057700898535183	0.324018216587881	0.250914144124038	0.5726949331829	0.512049300340549	0.329433238140916	0.42746908362838	0.38295975292633	0.664226088099071	0.494423226042104	0.590653141699443	0.190360553088236	0.241696578499723	0.0630774900186402	0.334577739141008	0.21357868373933	0.187734740815446	-0.0112874116024888	0.107485627568859	0.0799102569173314	0.276611784045746	0.679409509622395	0.626645761447419	0.521709196433491	0.811413231456346	0.587547233832933	0.110734810409429	0.997727931115444	0.879209622935573	0.137402440532365	0.470919245216266	0.109427766670496	0.28343928808608	0.180334967707228
0.513432590400194	0.703713253672841	0.237038193942956	0.115093726502691	0.182226803637592	0.580025255593956	0.526052802741351	0.592229303835789	0.449787031815674	1	0.252376202584976	-0.110331086682074	0.287661381625465	0.314616305913325	0.0890202464786165	0.12154799370264	0.0896656155577402	0.0691193250737935	0.0743120076470385	0.279161475736796	0.403560148124619	0.447464867933591	0.351543360126196	0.242290715220185	0.0185157093391912	0.397488902551078	0.168946038197472	0.898964825962664	0.305764772522156	-0.114435520850677	0.157018524977836	0.158903338111872	0.103046385628346	0.241640757953425	0.579246423782451	0.357994152470859	0.245854832561031	0.51475843407546	0.347739001107728	0.526035012063848	0.421336621118315	0.698358524555215	0.0786155839538391	0.0403594590423643	0.0552920426788734	0.250001187506657	0.277729435966429	0.259543675047379	0.00432941444004406	0.161376128246704	0.0451598955761636	0.319495297090196	0.578282354332925	0.550180858476359	0.659066065623288	0.580433393535622	0.396289045721918	0.0612463348934945	0.437519990687099	0.336024154913554	0.0698694275031274	0.896704999312381	0.134459174959249	0.373020079316077	0.247283215877522
0.530033816237971	0.427581984166337	0.432497503449279	0.277463100660481	0.452199836315669	0.544042122484978	0.397271746346371	0.557542427016451	0.555830090862312	0.252376202584976	1	0.591232635220066	0.243632266160573	0.333099060340211	0.126123583878538	0.25365744141394	0.0822178353060771	0.263254733142187	0.147094397181078	0.428321640730117	0.408863205419927	0.437772046449877	0.369549491924972	0.410540696317338	0.240395557764907	0.38651051130469	0.365349196548535	0.368952013387525	0.18774828199999	0.168776519248843	0.326269393227522	0.175785113923252	0.256791675502738	0.332596316376273	0.474712540452191	0.579548034969188	0.444889595860415	0.439909461112117	0.39748067939045	0.40992660726492	0.51160655619944	0.385299890378439	0.131874283439417	0.246650510242918	0.0136453940401643	0.340158458380935	0.179057510597493	0.159112195509131	0.119739193875372	0.192960343354562	0.158060334686421	0.225105051552026	0.4094608555374	0.359574853357969	0.253624574557671	0.567379054696969	0.377678638164851	0.0473647659124572	0.559562167813481	0.446843789752054	0.0465254497994992	0.247910268754077	0.0928730271841588	0.157364868712137	0.123552395214057
-0.0562243906306625	-0.0578432981086615	-0.0274315160715148	0.0358518558418796	-0.0144612325916563	-0.0466042132149374	-0.0133523805447562	-0.0497886860564978	-0.0491167856676731	-0.110331086682074	0.591232635220066	1	0.249463687072085	0.243308079142277	0.0288839231612176	0.0500037977204032	-0.0161280426001102	0.0451046937292096	-0.0622746729595306	0.0962400474870196	0.120637791495544	0.0677482470924136	0.114168028648388	0.0808226842212177	0.193180590925743	-0.125418779765194	0.127420145631751	-0.0828507365286391	0.10778589486987	0.316178756348684	0.184436211919947	0.138819114531718	-0.0578768690787978	0.128467909074212	-0.000494479676294688	0.059828637339415	0.197668301426583	0.115346224919723	0.022755229638225	-0.111279314355231	-0.00812292870445324	-0.100204789045508	-0.0718506403412198	0.0126617741226523	-0.0733580361444171	-0.00501657631040874	-0.0190271096164816	-0.0107051807455142	0.253314178440352	0.191633846322522	0.170027291978069	0.023859947632763	-0.0659210249184457	-0.0712594462264397	-0.098194182914324	-0.046115786206374	-0.0644013979296547	-0.00403096304526415	-0.0499408110847415	-0.0156074299625697	-0.0615962466763216	-0.0615330756386863	-0.0461672010889604	-0.0867216986031404	-0.0431971275953747
0.217794008759092	0.212048963208872	0.190708259267305	0.19229101915365	0.0861427586076178	0.21246022289922	0.30816310620009	0.164999343475689	0.0834957364337961	0.287661381625465	0.243632266160573	0.249463687072085	1	0.879705754187535	0.0342914331693365	-0.0183426600332731	-0.0158774171341542	0.00179192292264044	-0.0485728113834091	0.315356066689642	0.520382773936055	0.220000793917112	0.255105420313333	0.327040267131152	0.313306930579961	0.136341371071578	0.336199081140115	0.319502924893588	0.774845870408866	0.261900337198599	0.0580445928818404	0.377657573329331	-0.0662261670704462	0.431266381684976	0.348765260940461	0.170137495361287	0.373881031884897	0.351500332010139	0.575436767519271	0.106568517385954	0.193868665558076	0.188946092548402	-0.0622115344215551	0.0820141984729306	-0.074246354093366	0.040688335645993	0.353223286388985	0.379199936727065	0.155219822955016	0.337104347962241	0.213138277594123	0.369296830101325	0.25669939931199	0.243469105755617	0.118284476158898	0.165413103165741	0.0604157341020414	-0.0183020992543428	0.0793066643519379	0.0478049443600442	0.0261386108066056	0.25576141621607	0.0265322176741872	0.0992107552506786	0.0768771331148322
0.229274615937096	0.267001680732332	0.207615853257338	0.184444080143563	0.25874074140367	0.203653419922505	0.256570894851461	0.162807870836035	0.12257288085093	0.314616305913325	0.333099060340211	0.243308079142277	0.879705754187535	1	0.394620568099813	0.456279139293572	0.109785620687335	0.0861625731686112	0.213090604753103	0.33408296117356	0.500106432890111	0.239209476656667	0.296444395702212	0.372135818230995	0.238676216291218	0.319319324039281	0.338552036834724	0.38888053729184	0.686433248693012	0.187279667691026	0.258940618313387	0.355579894389613	0.183928895360887	0.421952208058488	0.365877642851001	0.315563113977465	0.374010402850201	0.355522415053135	0.635563412037259	0.159820350501345	0.366395419411104	0.231616036994901	-0.0291396273249528	0.0571868647333431	-0.0721597981430947	0.179691649902553	0.315246067964397	0.336744717911273	0.11551799887913	0.281897267983544	0.152852953869347	0.298851407296786	0.219234426154326	0.202290539608675	0.10411372414175	0.162808475076827	0.0786526380202995	-0.0191192753973535	0.110033807923631	0.141438924806767	0.0410506264081259	0.272538420651536	0.0602676123586141	0.13699694838584	0.120321511309357
0.00757360642867934	0.0708170240150841	0.0333642034943502	0.024279490926737	0.283515201541571	-0.0238304438526629	-0.0412343918522736	-0.0170340807096522	-0.00701825035147646	0.0890202464786165	0.126123583878538	0.0288839231612176	0.0342914331693365	0.394620568099813	1	0.705860519969154	0.0789239460984819	0.0155947659246528	0.174447240778347	0.0354016941678286	0.0321233595822929	0.00656010086233317	0.075306280559806	0.0717462765629973	-0.0775618207780373	0.233928054137451	0.0192104619815308	0.141394795989191	0.0147306630181792	-0.0696213787128926	0.243881832692302	0.0218889463342721	0.145224417935864	0.0688600296350904	0.0589291051776569	0.20099457400688	0.0190427971087992	0.0659727265713752	0.181003381490938	0.0218382193932217	0.247824553620958	0.0228094363547548	0.0131620394927992	-0.00647331051001114	-0.0473598533364411	0.185474436813875	0.00114262119541867	-0.00201918930628359	-0.0192522135970198	-0.0211135005327839	-0.0437925137165128	-0.0453993215547919	-0.0335425107632851	-0.0435537526549127	-0.0336956174610761	-0.0168700142846549	-0.0102079822998909	-0.00815502536355711	-0.0198694981369629	0.0789662150910684	-0.0136253255832852	0.0660265803738236	0.00192003911304707	0.0231857152544669	0.0278015993096357
0.0778595183958183	0.164530722251523	0.0789926657779161	0.0260912915872545	0.374343196303804	0.0367032450146351	-0.0346606705211446	0.0363469196924987	0.114329995974872	0.12154799370264	0.25365744141394	0.0500037977204032	-0.0183426600332731	0.456279139293572	0.705860519969154	1	0.206116701950581	0.191262334775356	0.5723709855678	0.113410298616151	0.0853105544872187	0.0970544952868143	0.150165075412827	0.176587877874812	-0.0804684371548443	0.421435023001181	0.0882841916224041	0.220083234648111	-0.00346345834988681	-0.0905214220381365	0.441396720695116	0.0465113927845045	0.550584126597018	0.0804074545791912	0.117685670886962	0.34751685022346	0.0941858185126204	0.0873265825538683	0.2590797938218	0.144693760501754	0.410116908394833	0.135795558845995	0.0591081803225508	-0.0346882999801909	-0.00550380296008094	0.304006267724436	0.00568250950352783	0.00197223371889758	-0.0474016867694571	-0.0356932871812471	-0.0769998451715434	-0.0603699038289031	-0.0171252622756217	-0.0272443239858365	-1.33448265300858e-06	0.0353249754804174	0.0577170623064229	-0.00341319272958674	0.0953181575512391	0.223241283861489	0.0460431248852003	0.0921549171027983	0.0842893394661348	0.11148706949644	0.115666165518711
0.0950765811877513	0.173617223509123	0.101042525904924	0.0442597917207873	0.218063557478858	0.0453560924215755	0.0181976043612431	0.0746376405328999	0.0327661186219823	0.0896656155577402	0.0822178353060771	-0.0161280426001102	-0.0158774171341542	0.109785620687335	0.0789239460984819	0.206116701950581	1	0.0970829111017738	0.141777824807178	0.149402154392617	0.0413577144437139	0.0985845952912811	0.0820444827461398	0.120448939083198	0.00325413847593215	0.206310411832681	0.082046602268121	0.134309675705616	0.0260322655514056	-0.0654491267022144	0.194123455555886	0.00688401358749335	0.0652299246568621	0.0538420434344437	0.118543335631998	0.192886893465962	0.0672355209542189	0.107219839855278	0.172176718440973	0.0980102138508724	0.201478489754584	0.179847161407012	0.0141045113873806	-0.0138324641797412	-0.0349016638811524	0.127528025621431	-0.0147703827832364	-0.00831623218841488	-0.0248405917682836	-0.0168116289651612	-0.0253541019989781	-0.00826962771236997	0.0302189593642414	0.0210063814051496	0.0433714046631088	0.0761268557186162	0.0466520964592191	-0.0254701108688397	0.0317541619226868	0.00964819652607247	-0.0121086478346154	0.0926070348627062	0.0425464768433644	0.0316928229413115	0.0651246477120465
0.310915642539854	0.241816284878823	0.324138025133685	0.180610247491202	0.278628470638137	0.211689063084144	0.170857749632904	0.163907438893482	0.245873000696144	0.0691193250737935	0.263254733142187	0.0451046937292096	0.00179192292264044	0.0861625731686112	0.0155947659246528	0.191262334775356	0.0970829111017738	1	0.0559635766040026	0.313766840537561	0.190262989051732	0.254038837299449	0.155265550920462	0.302974889748585	0.173160636721458	0.291786326957939	0.267485856817881	0.175702865047254	0.0428417687736519	-0.0253149849980513	0.425342524836719	-0.0344188226040996	0.112169631914842	0.1924639973251	0.238573361713143	0.299915243462974	0.261383986200645	0.236825174078994	0.192325050204661	0.388780183243325	0.401640852563122	0.3153536371644	0.084098849062169	-0.0215679351215559	0.0755384219527045	0.255593074319444	0.0868511044181501	0.090494609651444	-0.0194816855736888	0.0418100963450379	0.0339722069595329	0.122738298400664	0.184058053807145	0.182775282000761	0.0822482356620826	0.165933421739766	0.100560971083932	0.0174127277252322	0.241489135729287	0.278569729431529	-0.0397928380651519	0.0319151750275656	-0.0288826066006527	-0.00965874980583802	-0.017352750347966
0.0680098011337883	0.142586617771729	0.0720133666450298	0.0214172845738787	0.281926281800248	0.0270135474221269	-0.0509401680323901	0.0241171330587698	0.116345194281398	0.0743120076470385	0.147094397181078	-0.0622746729595306	-0.0485728113834091	0.213090604753103	0.174447240778347	0.5723709855678	0.141777824807178	0.0559635766040026	1	0.0896119674102884	0.083037954204776	0.118570979398399	0.15185485316884	0.217227684174134	-0.0356179672242781	0.429870728253283	0.132088919864667	0.167727513036303	-0.0100867645733996	-0.0388326342796032	0.272567310481917	0.053350388199587	0.882073822227352	0.0594412408232073	0.11170152297374	0.31395918084932	0.110872318521415	0.0781715770210109	0.160087023150925	0.138118107027248	0.302784680621957	0.110862704796086	0.0703548167812067	-0.0190036954991485	-0.00527770035394229	0.201067177085126	-0.0489079255323958	-0.0467434786099054	-0.0349528546768444	-0.0504857798111178	-0.052368107865891	-0.0838479164928323	-0.0358464622303947	-0.0441957067984345	-0.0180900950685976	0.0255962736714101	0.0446362152178402	-0.0210792256945397	0.104817665686003	0.186570884834418	0.034149530916286	0.0381227949122551	0.0624032125834693	0.0449247736803473	0.0892385952729308
0.700965704481398	0.636615846416799	0.667450755030886	0.347480519511739	0.52380412338614	0.558131749710958	0.56207409136877	0.513586524862106	0.415488817350343	0.279161475736796	0.428321640730117	0.0962400474870196	0.315356066689642	0.33408296117356	0.0354016941678286	0.113410298616151	0.149402154392617	0.313766840537561	0.0896119674102884	1	0.7081562149189	0.695144452286518	0.518008328640912	0.783032757841725	0.640768699089364	0.477600803423023	0.763949913385474	0.44453236591045	0.354534341743208	0.301568216401864	0.293824060509527	0.320377537805847	0.151440353915295	0.615344628113653	0.729780990567667	0.61209702964013	0.768089807558435	0.663193820315172	0.356225472830103	0.643942029816688	0.618177255712747	0.642916860813627	0.131920597182195	0.0978298534682536	0.00772076967077104	0.322696870190252	0.387218065392442	0.390832629505815	0.055826892745266	0.274828942739379	0.228843748571625	0.472832954545762	0.554024258747747	0.54475924344727	0.38978842745238	0.515158470925088	0.384513905373353	0.025948848682379	0.416261014045089	0.335715161544575	0.0607292390182904	0.257121187062686	0.0401499039610258	0.177641592338883	0.0530901509211458
0.596516230310088	0.611311276687583	0.49348519526339	0.305397664996424	0.402314569975913	0.527671624060609	0.551706294722014	0.49539452738634	0.354631289232922	0.403560148124619	0.408863205419927	0.120637791495544	0.520382773936055	0.500106432890111	0.0321233595822929	0.0853105544872187	0.0413577144437139	0.190262989051732	0.083037954204776	0.7081562149189	1	0.730294721052225	0.680363832528127	0.661984886379636	0.525008871234935	0.4268421118187	0.639325380799077	0.561370822855615	0.587550649102058	0.474391743183538	0.200277328119906	0.36098906426877	0.129360555305259	0.615948769913902	0.713874283159876	0.600528180330352	0.685194393144467	0.684992424977771	0.47314692285018	0.519270426508919	0.613288380008464	0.544881820783107	0.349349429991718	0.164265681634044	0.0373907149470495	0.344564968658557	0.431746226238362	0.433808779779999	0.0767536190593528	0.312998242308449	0.22658343269727	0.493586816885022	0.532718314024732	0.524156613918773	0.3898810077541	0.496410978185879	0.267809290262041	0.0218596575182056	0.35585474693954	0.274980141415445	0.0207083394102383	0.343338422078451	-0.0027681431112578	0.163832858404166	0.0427590087682251
0.694748860024073	0.804347190205057	0.513310868825685	0.259382811024067	0.401942919788368	0.5939270757389	0.50441527672735	0.597885224004559	0.488113369794239	0.447464867933591	0.437772046449877	0.0677482470924136	0.220000793917112	0.239209476656667	0.00656010086233317	0.0970544952868143	0.0985845952912811	0.254038837299449	0.118570979398399	0.695144452286518	0.730294721052225	1	0.833249487227466	0.595328228661315	0.400807542316492	0.482713447424589	0.548233550744976	0.606918952296252	0.473605420390934	0.434075008453445	0.219903363401378	0.257433910617458	0.201256089985836	0.378196121962804	0.718057434596642	0.627455384774307	0.603241594410861	0.679002555137249	0.392888598106286	0.710080155361557	0.624252167407466	0.753667037420973	0.239667826150559	0.091049466763906	0.187814172452215	0.373218562740424	0.213969657585496	0.208559889797766	-0.00355859421396066	0.138842983544394	0.119523188558499	0.321720052468605	0.538126058314896	0.518336966486066	0.550078137435248	0.589624905112417	0.505891232714505	0.0988773899035811	0.485646152040548	0.358864648530941	0.158033527042358	0.441686048777707	0.161276010057357	0.33483779799276	0.193400806257537
0.467991899138415	0.571670637532914	0.367166701440551	0.200952985268532	0.383515260622096	0.345680816980521	0.287142635436605	0.352382181101187	0.281062846191921	0.351543360126196	0.369549491924972	0.114168028648388	0.255105420313333	0.296444395702212	0.075306280559806	0.150165075412827	0.0820444827461398	0.155265550920462	0.15185485316884	0.518008328640912	0.680363832528127	0.833249487227466	1	0.494277949376694	0.304942604834726	0.440323967929558	0.444984278895811	0.530822175378888	0.50594866272772	0.595994353468882	0.25604059609823	0.302238226095387	0.181378826179287	0.328700879567307	0.550846278153586	0.576346721364704	0.486977775794886	0.545518413111398	0.346471108309215	0.432553673351352	0.568317344999841	0.485836630360342	0.170159499172567	0.0395020781031123	0.201615281871517	0.345203407229947	0.141415825860601	0.146252323008838	-0.016525930468991	0.0859415301350274	0.0548059349592654	0.193067597942808	0.3062138578336	0.28675344763823	0.305459785328478	0.348734137934941	0.290213610070213	0.0352818416775586	0.275269082377372	0.227635445177178	0.0850673571123602	0.322057700618255	0.110806447817178	0.231075115082685	0.151201217234193
0.596915185376148	0.519566461563865	0.617765443177927	0.311852016109778	0.57823528605418	0.42672445061698	0.424344262724064	0.381517385612021	0.32548136384201	0.242290715220185	0.410540696317338	0.0808226842212177	0.327040267131152	0.372135818230995	0.0717462765629973	0.176587877874812	0.120448939083198	0.302974889748585	0.217227684174134	0.783032757841725	0.661984886379636	0.595328228661315	0.494277949376694	1	0.822606110953604	0.604936720026444	0.977162338424547	0.417354954859226	0.343655753819038	0.301833916835069	0.274367678396376	0.264860939259126	0.243932175421502	0.591494884016102	0.648779090521672	0.622331959655861	0.787651074243064	0.649512498619933	0.366084021542271	0.541122966763709	0.581442333297144	0.52890112515297	0.0932605497364454	0.0723219020522933	0.027932463207491	0.332418244228109	0.318292276142236	0.334163863742945	0.0397944397080491	0.227123543414659	0.222211944806128	0.380604438421387	0.410460853227634	0.380824128231581	0.248986644317743	0.385586500426635	0.244488945355357	-0.0198518984082909	0.324990240534187	0.287487356072251	-0.013814168736917	0.176151299861722	0.00100368906960191	0.106157607738172	0.0261083072155881
0.329941926931545	0.232358160093636	0.400301024363805	0.221316782816489	0.161117751327196	0.205415749900848	0.283493115544635	0.15291709103932	0.0891317226988036	0.0185157093391912	0.240395557764907	0.193180590925743	0.313306930579961	0.238676216291218	-0.0775618207780373	-0.0804684371548443	0.00325413847593215	0.173160636721458	-0.0356179672242781	0.640768699089364	0.525008871234935	0.400807542316492	0.304942604834726	0.822606110953604	1	0.0452301459866497	0.924623416797562	0.101779021425399	0.288946964008296	0.422621771519522	0.0358170000682538	0.285211305566171	-0.052256421157908	0.504763637120202	0.382050147056578	0.235072946104549	0.706613535123435	0.484022077563593	0.0687973464968828	0.286303148927697	0.187760032968234	0.275453113354375	-0.0287802534499575	0.0392400563221126	-0.0595298047026004	0.0931820558474009	0.279509396451586	0.300446361640101	0.0890150709781361	0.234380839301411	0.226314996172203	0.33577692387552	0.243538629967148	0.21980754143406	0.0924235676294226	0.156976155649543	0.0845114914519857	-0.0240578504613166	0.0996842299852453	0.0227617253740029	-0.0357785700957491	-0.0141441602882902	-0.0542103411372417	-0.0232958408753345	-0.0765163799836373
0.586287507808532	0.585656218128516	0.52486023473291	0.238214032148407	0.79035626099085	0.461879619847556	0.348669420574906	0.456424276453199	0.446213001298131	0.397488902551078	0.38651051130469	-0.125418779765194	0.136341371071578	0.319319324039281	0.233928054137451	0.421435023001181	0.206310411832681	0.291786326957939	0.429870728253283	0.477600803423023	0.4268421118187	0.482713447424589	0.440323967929558	0.604936720026444	0.0452301459866497	1	0.42210909371389	0.588870362116347	0.198077315963084	-0.0630190151005513	0.431787808132762	0.0657944545836614	0.500122108081645	0.33303028535926	0.603807597398806	0.764154546444755	0.393461802330882	0.462570117702581	0.54572395901947	0.549820427489263	0.758930453830983	0.541939108791409	0.203465087715273	0.0728574391833636	0.131962324253934	0.452903672755451	0.167829017310747	0.166384301446405	-0.054810800547721	0.0708193275976904	0.0742719319581332	0.198917246595044	0.379824111606112	0.361936174914672	0.307179940049791	0.457938465334912	0.31160430964981	-0.000727913743672683	0.430576525862128	0.472952299353708	0.0251814209285107	0.326992690629741	0.076786986678125	0.217793578291641	0.151964990070327
0.522915813220352	0.434547990745107	0.563261414352002	0.291382679319877	0.447629630843293	0.362375717593871	0.389855364327848	0.312593184896771	0.251205943885341	0.168946038197472	0.365349196548535	0.127420145631751	0.336199081140115	0.338552036834724	0.0192104619815308	0.0882841916224041	0.082046602268121	0.267485856817881	0.132088919864667	0.763949913385474	0.639325380799077	0.548233550744976	0.444984278895811	0.977162338424547	0.924623416797562	0.42210909371389	1	0.317449790731747	0.338016122451562	0.359956809249208	0.197318006498176	0.284188068618188	0.143871918858904	0.584953873165606	0.577202710608291	0.504924860328652	0.791613486570529	0.615981516398302	0.270987407913735	0.469149416050194	0.459561242589443	0.45689351874429	0.0516432473643636	0.0630962459591403	-0.00355404093990171	0.257669867478779	0.317254684180163	0.335691018388571	0.0597543291153648	0.239435750969408	0.233531960660702	0.380078485166321	0.365639417331284	0.336933108924541	0.200882946903319	0.316856398173595	0.195226033406552	-0.0222718942303739	0.254792913930107	0.201106243493128	-0.0226727002656205	0.112742785702359	-0.0196858911274757	0.0622410361320395	-0.011151419373162
0.633308009278802	0.819138896111907	0.386375832693556	0.210646522345506	0.398784985388702	0.608948428220675	0.516148130259882	0.627378904130245	0.50102914886522	0.898964825962664	0.368952013387525	-0.0828507365286391	0.319502924893588	0.38888053729184	0.141394795989191	0.220083234648111	0.134309675705616	0.175702865047254	0.167727513036303	0.44453236591045	0.561370822855615	0.606918952296252	0.530822175378888	0.417354954859226	0.101779021425399	0.588870362116347	0.317449790731747	1	0.429197019806305	-0.0299061640064669	0.290987890186111	0.317340142016061	0.230327351614126	0.356935454302602	0.728813607293059	0.60468232690325	0.411700226556898	0.669115150146505	0.497696734862437	0.594549112053092	0.677953115673629	0.772829816718139	0.170222859919474	0.0794436296358366	0.150828054582366	0.388329418146026	0.227063164315896	0.216096148017634	0.012786503519249	0.14946911928476	0.0648230429438196	0.294159202974631	0.565509446517585	0.543865865898851	0.603680536577041	0.618808159301566	0.455803885648056	0.0691834845725308	0.485155012050732	0.404332010411319	0.135114152183417	0.826511962721584	0.199024580574217	0.427234550318541	0.318628927606688
0.264153202863488	0.395924191608183	0.162313095021649	0.129300872644693	0.0932826719684777	0.24376515836837	0.263174576637777	0.236045725774854	0.130199215187274	0.305764772522156	0.18774828199999	0.10778589486987	0.774845870408866	0.686433248693012	0.0147306630181792	-0.00346345834988681	0.0260322655514056	0.0428417687736519	-0.0100867645733996	0.354534341743208	0.587550649102058	0.473605420390934	0.50594866272772	0.343655753819038	0.288946964008296	0.198077315963084	0.338016122451562	0.429197019806305	1	0.45514723868928	0.0633199371592718	0.508680125862038	-0.00486290928583782	0.351390826192219	0.429257909024244	0.257739487735737	0.367520817912536	0.46558335539068	0.617323638469978	0.22692905309795	0.302370777967106	0.347131442016936	0.0261546074159335	0.0245671685510369	0.00870408795096365	0.101596303180294	0.171614121746722	0.188578078984129	0.0374097080356109	0.160288751113965	0.0837108256823218	0.253137317208078	0.253084570186325	0.255220623160136	0.257307299950346	0.226040755946607	0.249282366663826	0.123328509562757	0.117426624074424	0.0778397239389763	0.278223193375938	0.265389787723721	0.292986615531003	0.346293283007554	0.320009867674454
0.0311745592264279	-1.56906097271556e-05	0.0754200966533086	0.076136368095461	0.0030593221832944	-0.0242643561376618	0.0188752663303193	-0.0240513282822537	-0.0807186767365835	-0.114435520850677	0.168776519248843	0.316178756348684	0.261900337198599	0.187279667691026	-0.0696213787128926	-0.0905214220381365	-0.0654491267022144	-0.0253149849980513	-0.0388326342796032	0.301568216401864	0.474391743183538	0.434075008453445	0.595994353468882	0.301833916835069	0.422621771519522	-0.0630190151005513	0.359956809249208	-0.0299061640064669	0.45514723868928	1	0.0106046573713074	0.312586972308717	-0.0741067382909151	0.1900266860987	0.0912155946202441	0.0790681363520241	0.417649991220427	0.211393189647078	0.0264024817252292	-0.0157141023843163	0.0231132318009541	-0.0283934205732425	-0.00835751473729703	-0.0289683097169468	0.0347120189428011	-0.00838587061198302	0.0549670334241913	0.0754052637794886	0.121615651218367	0.138033483724751	0.1364073294514	0.0885585121014223	-0.0209954895270286	-0.0346172023631002	-0.0554242355716023	-0.0212960465166269	-0.0263974662329984	-0.0242479287320466	-0.0749165853646538	-0.110689550745322	0.0101936296996568	-0.0907832078546624	0.00113327548323595	-0.012448774156338	-0.00255089142662331
0.25214130489861	0.254428035629346	0.305997015730622	0.292710716121382	0.372211424117301	0.136597305610741	0.0584916752613595	0.123362346746065	0.207202485610544	0.157018524977836	0.326269393227522	0.184436211919947	0.0580445928818404	0.258940618313387	0.243881832692302	0.441396720695116	0.194123455555886	0.425342524836719	0.272567310481917	0.293824060509527	0.200277328119906	0.219903363401378	0.25604059609823	0.274367678396376	0.0358170000682538	0.431787808132762	0.197318006498176	0.290987890186111	0.0633199371592718	0.0106046573713074	1	0.102679096067293	0.329527599362422	0.190419122992591	0.24364296070115	0.407834015206345	0.257679632853163	0.260553686649202	0.285191422778836	0.217226144917294	0.546130378133474	0.23448046527636	-0.0386271459786566	-0.0413753151602735	-0.0216620264071834	0.253892839252327	-0.00827138829404085	0.0017600540471059	0.0179455010687768	0.0173369155679555	-0.0118232949031478	-0.0124704326562235	0.0706946623897016	0.0758213172076391	0.0392174133811735	0.127666240423687	0.0701229922638881	-0.00668327406108202	0.191495752574751	0.297809318983867	-0.0223844507337039	0.137421059315302	0.0233688908268337	0.0622499606688775	0.0853035526382569
0.139259986024664	0.253086691325437	0.0798160912080144	0.0915262369797059	0.0966106540040304	0.144836208387631	0.168010365071431	0.132393756049835	0.057700898535183	0.158903338111872	0.175785113923252	0.138819114531718	0.377657573329331	0.355579894389613	0.0218889463342721	0.0465113927845045	0.00688401358749335	-0.0344188226040996	0.053350388199587	0.320377537805847	0.36098906426877	0.257433910617458	0.302238226095387	0.264860939259126	0.285211305566171	0.0657944545836614	0.284188068618188	0.317340142016061	0.508680125862038	0.312586972308717	0.102679096067293	1	0.0104016871172945	0.41469626318521	0.36793675321613	0.230662914466304	0.359651186683948	0.318888578452151	0.121644383671209	0.0209660607836989	0.256249119539797	0.219585637504559	-0.119237895320842	0.0014687928678387	-0.0694890662454079	-0.0429533352146548	0.154804097335283	0.190290282950052	0.157961825713629	0.225365764052039	0.13576135545981	0.222068773809299	0.13971616617536	0.0999715426531749	0.130233764190481	0.125237835500779	0.443231480388074	0.249011325516272	0.0448698248006323	-0.00671838325653892	0.582570315423233	0.171418536035928	0.538526144816203	0.423602307341562	0.534375735318889
0.199329167397193	0.249248686245317	0.148540017840338	0.0525339875419184	0.328744551450812	0.183169012227947	0.0406461958568841	0.171373052552155	0.324018216587881	0.103046385628346	0.256791675502738	-0.0578768690787978	-0.0662261670704462	0.183928895360887	0.145224417935864	0.550584126597018	0.0652299246568621	0.112169631914842	0.882073822227352	0.151440353915295	0.129360555305259	0.201256089985836	0.181378826179287	0.243932175421502	-0.052256421157908	0.500122108081645	0.143871918858904	0.230327351614126	-0.00486290928583782	-0.0741067382909151	0.329527599362422	0.0104016871172945	1	0.0748289780443657	0.18635399752722	0.382993678798073	0.140790184096372	0.143357952408294	0.238358743988221	0.286986171519102	0.383682365884205	0.21390057316724	0.136510804167151	0.0153039490966139	0.0268656004472394	0.298539417306621	-0.0429970626451082	-0.0517851206270218	-0.0521999001938022	-0.0598358254774135	-0.0667524282825797	-0.0715856786817123	0.072820178718864	0.0690657346429554	0.055571927201544	0.174291203234112	0.141145333305409	0.00198781959498881	0.308947174533149	0.40299585301661	0.0502796901379984	0.0851375174897403	0.0920506992791699	0.0879673011759687	0.12560960084125
