"PROT"	"CARB"	"SUGR"	"FIBE"	"TFAT"	"SFAT"	"MFAT"	"PFAT"	"CHOL"	"ATOC"	"ATOA"	"RET"	"VARA"	"ACAR"	"BCAR"	"CRYP"	"LYCO"	"LZ"	"VB1"	"VB2"	"NIAC"	"VB6"	"FOLA"	"FA"	"FF"	"FDFE"	"CHL"	"VB12"	"B12A"	"VC"	"VD"	"VK"	"CALC"	"PHOS"	"MAGN"	"IRON"	"ZINC"	"COPP"	"SODI"	"POTA"	"SELE"	"CAFF"	"THEO"	"ALCO"	"S040"	"S060"	"S080"	"S100"	"S120"	"S140"	"S160"	"S180"	"M161"	"M181"	"M201"	"M221"	"P182"	"P183"	"P184"	"P204"	"P205"	"P225"	"P226"
1	0.381855482899467	0.188165283027395	0.385533373380623	0.696316026310192	0.581717919594042	0.687248024802316	0.57916647709132	0.715866010232918	0.490253769377645	0.018487911423688	0.0781031037144199	0.174597920006069	-0.00720917034324574	0.19359983470786	0.173882750156904	0.114510908482028	0.152242959377	0.633116066038125	0.59564361628889	0.759245031620298	0.65055741254056	0.425614382761979	0.168484048023937	0.449117684849264	0.367331930349342	0.814937553146417	0.452670060755259	-0.0580626903637455	0.138562460279687	0.379237506713175	0.275812209590749	0.437818097252665	0.884433414791919	0.638026310802229	0.480384469163787	0.793231094209963	0.55007213243133	0.762874194287393	0.707752581087228	0.899648549406115	0.129433985396364	0.0826827853149941	0.222230145515469	0.210511392512823	0.241993515614245	0.221792169350423	0.278924716268726	0.14111613014372	0.371037064458043	0.641744501582488	0.59681904671839	0.620989267971753	0.68191487497411	0.636846389605836	0.354832875814077	0.565301615547875	0.474776766970351	0.283506600874795	0.764579017775313	0.267448028174158	0.408342653278834	0.301573902215812
0.381855482899467	1	0.79440209142893	0.556651700863867	0.516913458067239	0.458601169100153	0.431427785843393	0.543753366224505	0.175040332476259	0.487429985678311	0.0182088008699554	0.184813177754424	0.17806806686803	-0.033544318591646	0.0632944901356724	0.299852970344467	0.346255063994164	0.0272136756467448	0.629760730659131	0.533439942510445	0.534100927274946	0.495122689905037	0.617382149056921	0.472955058628749	0.436075692608774	0.610506043597657	0.340043267931247	0.221019351133893	0.121641001283525	0.471303848992842	0.170615292070095	0.106583409788713	0.462275134443868	0.55640181792239	0.595509322889737	0.608189884692278	0.361410081916015	0.534679939825551	0.511724347435599	0.60782787632883	0.388809678062245	0.0658369536337439	0.320063249498682	0.136300792951902	0.347699499751182	0.330945519360253	0.249567469000722	0.344157670328155	0.190172009201564	0.348364376513006	0.472250223103294	0.452541530530362	0.211515732832086	0.44023751945646	0.292245414716719	0.158868063194256	0.539006045385519	0.54464801755353	0.152296077781262	0.181479585840636	0.0787108582331853	0.108454400605325	0.0745815673480428
0.188165283027395	0.79440209142893	1	0.186618813250536	0.349554619733587	0.344203087483718	0.275301226961702	0.348033859400379	0.183668653447212	0.293907136128385	0.0266393480451397	0.0964186340832684	0.129674005107319	-0.0193730496419712	0.0947817922746445	0.186150810252314	0.160606561917251	0.0341751323883033	0.32749748668636	0.423966822344505	0.305685760828753	0.336527109588245	0.231777898708805	0.24062785150695	0.103752807707004	0.250606993276719	0.200204322770452	0.152825087797848	0.181804594999055	0.359865463524812	0.15440082846657	0.0764201816369777	0.29172575058143	0.298616929411726	0.271362996749606	0.292991784464248	0.201620150514345	0.234426705256718	0.21220415806855	0.363312007024899	0.149189117380864	0.0234663510629825	0.353744820156568	-0.0687401309286909	0.356732861766706	0.345585089267329	0.239919824415155	0.311641667455089	0.165078210853347	0.302299668808063	0.334420766922312	0.328766773050611	0.162659687677228	0.280328175886019	0.126319985605899	0.167275646271345	0.344173579293909	0.379940102574577	0.0281882864662239	0.128890419892701	-0.0113501700754334	-0.0104292833998805	-0.000916434203180462
0.385533373380623	0.556651700863867	0.186618813250536	1	0.442534262650112	0.34667425432573	0.442957253205381	0.433179517915951	0.175366514488022	0.545890328658815	0.0198681161581629	0.200836587545016	0.321741084173955	0.135046565763738	0.272482498241533	0.335205286957987	0.368021542680448	0.194417937249417	0.616847105242112	0.47175031774872	0.397860285865454	0.513753677169233	0.702331209327189	0.257000043428195	0.762653817654638	0.5997241817684	0.374640681401897	0.123446562572811	0.108736589895654	0.470567874123647	0.101254994075727	0.260923823039298	0.392689720185509	0.534592720792396	0.795648974934934	0.666616899465747	0.436718597275038	0.778105139488842	0.459203407195246	0.686485462795928	0.356641905442883	0.128445342660856	0.233681253055092	0.0322516636363917	0.160259800928778	0.145146920415357	0.116742698470023	0.199838157722211	0.0975951849305826	0.177725509674183	0.39278941507738	0.3359612042606	0.195255009269603	0.45430395584656	0.281963148679817	0.0770139544871687	0.433547494535318	0.398124693591148	0.0310114558959847	0.22344258012446	-0.00697428012467498	0.068339084852839	0.0424038893594757
0.696316026310192	0.516913458067239	0.349554619733587	0.442534262650112	1	0.90791492437703	0.967692111473859	0.819603139645756	0.646051777085149	0.659353505670714	0.0169824618792078	0.165317408407548	0.186216534803483	-0.0491091127951739	0.106439589296477	0.117293806785291	0.151942538220626	0.116171812179982	0.603972404006463	0.56146688137552	0.55766640381628	0.439246671112187	0.412291418125877	0.193951457961271	0.406269755825618	0.365909669545435	0.651181520775845	0.350590133408548	0.0234965261208201	0.175833930908407	0.158085386354275	0.217264015833298	0.45677807663606	0.732367587312924	0.570483768398589	0.472228723586089	0.709703783367627	0.580533576383065	0.724162988649082	0.606401031514206	0.646554067152824	0.145491234938218	0.290622159652378	0.0452026157705969	0.529976813616131	0.533685795785115	0.483775848876415	0.611209465623608	0.386421480080482	0.684144695580858	0.9439525677323	0.893563539116746	0.800852293251088	0.966199074248209	0.700831587754159	0.425771284463984	0.821797582787449	0.688353287582959	0.0923931134817498	0.685201331038664	0.0190978047128347	0.156449949141398	0.0400806547107452
0.581717919594042	0.458601169100153	0.344203087483718	0.34667425432573	0.90791492437703	1	0.839545008936614	0.556644361789431	0.620120010198399	0.476090475797163	0.0196343860681158	0.208118371364268	0.20344655954627	-0.119795951669754	0.0874287580309218	0.079811197341749	0.133523132489559	0.125041034123053	0.529102821846041	0.536785979163827	0.410677010123102	0.310791843357172	0.301885004695117	0.149595676950672	0.290085552478712	0.270631693815337	0.553292373756412	0.30987767587028	0.00113676873004396	0.0829781168108748	0.107143705763196	0.152573933357193	0.532628764464876	0.656168982703022	0.44110715024452	0.367896093132044	0.653898190218137	0.434047103023525	0.611384535860935	0.4888434315613	0.551457898190461	0.107496358391401	0.26708960354138	-0.0191834539582017	0.738851328365033	0.745375069970825	0.693549136402956	0.825380007645129	0.558053871405042	0.900462885711641	0.980528570679055	0.967236418406471	0.775397274895116	0.833153273475894	0.535975853134183	0.361571369926524	0.558502313643367	0.453347231548326	0.0582075216584495	0.626929553441317	-0.0864820477058335	0.0968468470292917	-0.0656375137196421
0.687248024802316	0.431427785843393	0.275301226961702	0.442957253205381	0.967692111473859	0.839545008936614	1	0.757765196192112	0.624529795087566	0.669186950589486	0.0427317732702267	0.158854785856016	0.166680715126716	-0.0439572731630999	0.0811907771961796	0.119536969254996	0.119311286700641	0.131792404971031	0.587012284838584	0.54100090514012	0.537850113140382	0.432094930475325	0.400186460204597	0.147959775447941	0.432803904759306	0.341683967753721	0.649737662717536	0.352439339564416	0.0344626751921647	0.137059678956684	0.161144268066482	0.22260756685514	0.40493039717359	0.699658310925691	0.59040993222597	0.463413890395405	0.725129292162188	0.604240576496398	0.677765203926374	0.601912317992321	0.645695359451482	0.173212252613517	0.280733246175273	0.0451965327918584	0.462273882943392	0.448684120994568	0.369883168963631	0.507546127441293	0.285618869108025	0.589870183782574	0.887307457778946	0.844847109072976	0.822567314071287	0.999257251446217	0.749864682380319	0.454571663816169	0.762744940742532	0.600316566285951	0.0904875581166525	0.674219346049121	0.0230708960327244	0.140710469233491	0.0463918687966878
0.57916647709132	0.543753366224505	0.348033859400379	0.433179517915951	0.819603139645756	0.556644361789431	0.757765196192112	1	0.451418047082285	0.6723713230963	-0.0314375777137598	0.0542754987297291	0.128436877037687	0.0739577438401142	0.140373207027439	0.105085627330195	0.168237990104217	0.0411230180736482	0.52806637541748	0.415105584278229	0.562889801889655	0.461330383658191	0.447185476136505	0.26811781975604	0.385974247051876	0.416028099987799	0.526280029531217	0.254128980732051	0.0485635967104126	0.325803484763051	0.142302012789519	0.228792745129765	0.246620492002252	0.59187548841656	0.506657913030191	0.470485140532307	0.495949233654776	0.557512548854838	0.67597470042433	0.552886116178011	0.520755543582531	0.108907868743809	0.251705318131558	0.0862539547151893	0.151637663009802	0.168345446662934	0.184672246774602	0.246441773979374	0.165507697862517	0.272776089394429	0.638631800690693	0.548709696233513	0.513394380882031	0.763388388087303	0.58583339015843	0.334032193466305	0.998346186106629	0.925167135927628	0.104114627195552	0.505942513405863	0.138605308628034	0.178155034160736	0.144730832306827
0.715866010232918	0.175040332476259	0.183668653447212	0.175366514488022	0.646051777085149	0.620120010198399	0.624529795087566	0.451418047082285	1	0.307052867543632	-0.0912026233211313	0.120388226003665	0.161147515642885	-0.0709920116829994	0.123180603216958	0.121718726455423	-0.00264103262661157	0.108606747203936	0.389227855681092	0.498240995515657	0.386154338177781	0.320710647392028	0.150953862432455	-0.0925555947595306	0.302220370787696	0.0785415830728878	0.861143036887539	0.324851781082267	-0.151881915739358	0.0353044846338526	0.256579140707359	0.141627917086338	0.298933606551043	0.637582409559807	0.316793557570136	0.247046291219478	0.558039831144512	0.285920219956524	0.498674038832306	0.475327801066592	0.651087218796855	0.137129371054815	0.087970399606711	0.024207675772206	0.326220116946564	0.345462002737299	0.331640531546236	0.37353272991017	0.220042445291499	0.437354847495934	0.664115120010363	0.617724622880943	0.638052964104354	0.618402230676889	0.431360047201606	0.259198128285462	0.439311103198482	0.357883740028846	0.0836218667478344	0.950253376059368	0.0393667328645023	0.189980135790429	0.121937491162738
0.490253769377645	0.487429985678311	0.293907136128385	0.545890328658815	0.659353505670714	0.476090475797163	0.669186950589486	0.6723713230963	0.307052867543632	1	0.514866141495658	0.138908098956944	0.236519379559892	0.211002480753265	0.203911584112067	0.151211289342026	0.350612453124346	0.250284475985584	0.572287399559185	0.516980571502747	0.51646917290593	0.537152746945546	0.606943335512955	0.424334246371254	0.46855593183337	0.586260978138854	0.40187693568583	0.29915380928668	0.340752286100171	0.403467751880649	0.224766496194464	0.358494260112865	0.479216635229622	0.575691516883803	0.699442787419296	0.58262141804145	0.571180215078137	0.738523925802942	0.565923042596484	0.587126189472468	0.441544560936473	0.0906398498679416	0.252800193387269	0.11246229897078	0.218120185314715	0.19358371004624	0.199062508653818	0.276608801150539	0.198352245678488	0.287638702266201	0.510335703352515	0.457380978501059	0.448602378199588	0.67399215314331	0.492002034889753	0.225729070191715	0.678607224772411	0.56897699829133	0.0658484632489196	0.329799100341325	0.0907482426971006	0.127724578600453	0.112295127916661
0.018487911423688	0.0182088008699554	0.0266393480451397	0.0198681161581629	0.0169824618792078	0.0196343860681158	0.0427317732702267	-0.0314375777137598	-0.0912026233211313	0.514866141495658	1	0.159020305066117	0.143776717143484	0.110014262234801	0.0314678646296669	0.0379360996620685	0.0523521477994066	0.100300563436819	0.129207260609717	0.158314797106933	0.0701281183671687	0.127333682868672	0.183462138948204	0.342758986116272	-0.0597648253364469	0.249455089290445	-0.0980787615198336	0.211012604324696	0.500488523453095	0.0595807923469748	0.0898086747424094	0.093120731877793	0.321001506717315	0.0558251539708797	0.156570025669253	0.204536420823569	0.242255849296477	0.208186979452401	0.0574508687348547	0.000380142872565188	0.0213326527647836	-0.0104622657288393	0.146140943223495	0.053102144666518	0.0553435238108286	0.00834981523847469	-0.00238946820922321	0.0138902284473519	0.0139927664446205	0.0442221432216477	0.00154156108297848	0.0250814259119693	0.125546939382901	0.0351228218190583	0.0197309935620879	0.00888849864959361	-0.0210828320667985	-0.0560653822293342	-0.00320174194419067	-0.100238217763202	-0.0653559394200478	-0.0785297075391002	-0.0662661482649785
0.0781031037144199	0.184813177754424	0.0964186340832684	0.200836587545016	0.165317408407548	0.208118371364268	0.158854785856016	0.0542754987297291	0.120388226003665	0.138908098956944	0.159020305066117	1	0.790224886468851	0.0259522911557153	0.0629679849216087	-0.0209344423773408	-0.0338156323731981	0.0436978645292942	0.253289294531493	0.403308868951317	0.145446021717892	0.169123310846278	0.254757038080805	0.178283848350654	0.19647438579813	0.246407751507371	0.206648541789827	0.707356938432539	0.17028423226099	-0.0316642201422813	0.140959156726523	-0.0150905446375473	0.261672430213833	0.201064716106827	0.202587472488328	0.383628738737845	0.193633941291063	0.195857489311395	0.122217120878887	0.149758824538928	0.127070450753239	0.0631913504209701	0.0656202586239827	0.0222352451680228	0.19571511729921	0.183877848142753	0.137071129024321	0.190377716965826	0.0866957865082419	0.193553845342961	0.200398303898867	0.205232081958302	0.171355412184841	0.157265511421081	0.0449536269382939	0.0137162787178616	0.0539300943434769	0.0699739384969796	-0.016505023471324	0.019366071760744	-0.0454725989262444	-0.057275427502899	-0.0387281705473939
0.174597920006069	0.17806806686803	0.129674005107319	0.321741084173955	0.186216534803483	0.20344655954627	0.166680715126716	0.128436877037687	0.161147515642885	0.236519379559892	0.143776717143484	0.790224886468851	1	0.324805254034713	0.659863676528546	0.0574597298332352	0.0476984704680861	0.302381795844795	0.291949367947063	0.407969963669342	0.174157672082212	0.315537355965303	0.268654483757388	0.124805157088559	0.267198211948871	0.238807652221207	0.254143174920843	0.570733632920005	0.151594937935495	0.191139857304374	0.198972871463161	0.293853838693302	0.276025571988061	0.236501268557466	0.325318512173287	0.35125324680577	0.214740096518801	0.327637649680231	0.207989908117738	0.3185150476823	0.206444623967671	0.00589873326990449	-0.00778764124536227	-0.016064376776418	0.200666632563543	0.19875882626215	0.169113333303175	0.210692747553468	0.128258115414516	0.189334311505953	0.190851573619636	0.186376595324643	0.163081900345718	0.166908097758049	0.0671414124454536	0.0424202513959723	0.118212491900554	0.173614775566565	0.0569124093219992	0.0796616937178025	0.0987695981003228	0.0903235513365059	0.126643324354169
-0.00720917034324574	-0.033544318591646	-0.0193730496419712	0.135046565763738	-0.0491091127951739	-0.119795951669754	-0.0439572731630999	0.0739577438401142	-0.0709920116829994	0.211002480753265	0.110014262234801	0.0259522911557153	0.324805254034713	1	0.43742264631754	-0.0788120169026689	0.0150343930937691	-0.00869558639272057	-0.074124582234637	-0.0109079744867875	-0.0343576004539008	0.128032193719072	0.109564996058376	0.0790415774151783	0.0830409580656128	0.107464841005484	-0.0199077564678493	0.109711874177931	0.169801863362045	0.223519948003019	0.260630112055672	0.050030606829444	0.0100092934858328	-0.0295722270773064	0.124452844607747	0.0694964270416962	0.0101721935821011	0.123175274247971	0.0633288697561927	0.119359431983441	0.0162308512563335	-0.0463598742472757	-0.132337580111536	0.0325375872880376	-0.0497752772911567	-0.102193463945669	-0.0866183608848157	-0.078050611455175	-0.0495306098772993	-0.107792506258309	-0.113716414419769	-0.153147919258147	-0.105506727506317	-0.037784007076804	-0.00885146907416549	0.0947465771938963	0.0588802444304869	0.114999494143601	0.124459088830856	-0.137430626633935	0.413912974836247	0.367842767409907	0.442639948494466
0.19359983470786	0.0632944901356724	0.0947817922746445	0.272482498241533	0.106439589296477	0.0874287580309218	0.0811907771961796	0.140373207027439	0.123180603216958	0.203911584112067	0.0314678646296669	0.0629679849216087	0.659863676528546	0.43742264631754	1	0.112687295106861	0.116122232255413	0.451914203341474	0.173563744164703	0.174530748606873	0.109537827099383	0.305605878093571	0.11672210967549	-0.023377848172349	0.189723092726353	0.0778766839653684	0.165844693698999	0.0563667597368621	0.0261401528001049	0.336665056239709	0.134328779991971	0.507687058578132	0.128714451973463	0.143083747292754	0.276416044437302	0.0966248022321027	0.114147104449293	0.289730250188569	0.187686206432722	0.333508375495437	0.183040268859255	-0.0665291904577721	-0.0882549650700085	-0.0579964249916721	0.0933806800911386	0.109864514866428	0.118819627774389	0.120334024034732	0.111819729883072	0.082290126455009	0.0750243128435037	0.0645767017376494	0.0654632179205895	0.0830232919828734	0.0555761212895546	0.046836217195379	0.124849343349942	0.193122428896565	0.107014600985528	0.118936922434202	0.191197879311109	0.195191390331152	0.227194253820809
0.173882750156904	0.299852970344467	0.186150810252314	0.335205286957987	0.117293806785291	0.079811197341749	0.119536969254996	0.105085627330195	0.121718726455423	0.151211289342026	0.0379360996620685	-0.0209344423773408	0.0574597298332352	-0.0788120169026689	0.112687295106861	1	0.386262061799177	0.305531291405893	0.228652958688526	0.19094615330567	0.151502081898874	0.170630088917502	0.278181632593167	0.0751549048249796	0.326868950368284	0.228492845211774	0.163518734136033	0.0102746270971753	0.000500242849863107	0.526307521096656	0.105441404350892	0.29561260464833	0.266181142458845	0.205666328743806	0.363691598520929	0.21684844157756	0.120397745055699	0.322975405576807	0.202362082595855	0.300856695175421	0.187534954088565	-0.0101625724012243	0.127050423059615	0.00238922729131498	0.0524541592926384	0.0233916685078999	-0.0376718487897833	-0.00409560245438815	-0.0831015741719187	0.0100465258494928	0.107017706511537	0.0984538622358732	0.045148335219897	0.123590548299826	0.074436180415	-0.0244565074082409	0.0985018263776864	0.123827682682994	0.0188791233679628	0.138966090551588	0.0169091872961888	0.0414602945853124	0.0327193891287724
0.114510908482028	0.346255063994164	0.160606561917251	0.368021542680448	0.151942538220626	0.133523132489559	0.119311286700641	0.168237990104217	-0.00264103262661157	0.350612453124346	0.0523521477994066	-0.0338156323731981	0.0476984704680861	0.0150343930937691	0.116122232255413	0.386262061799177	1	0.261467166688312	0.374002426755105	0.108606711231887	0.175812992019543	0.15409835642597	0.284351550174477	0.191913872836589	0.227185329947889	0.272971557929876	0.025545603254774	-0.0718599070694441	0.00168962773098267	0.455773504451249	-0.122386595420479	0.299966898969137	0.204597739588779	0.157205336682164	0.358553334404171	0.310805304740765	0.186350680814532	0.437750102647497	0.227269616786708	0.296993894892632	0.169722518640262	-0.108682669513651	0.00386985720947695	-0.115992919831017	0.0484282177869894	0.0409351205177935	0.0489748342763647	0.0969403212676891	0.0758320204964891	0.10306975097336	0.13576739741391	0.125231480076852	0.00632866415385835	0.122758789991295	-0.014942918048933	-0.106730985759474	0.169942063763361	0.227528422851444	-0.0747052185358417	-0.00167251650375836	-0.158432273819609	-0.139078609749773	-0.140586675065081
0.152242959377	0.0272136756467448	0.0341751323883033	0.194417937249417	0.116171812179982	0.125041034123053	0.131792404971031	0.0411230180736482	0.108606747203936	0.250284475985584	0.100300563436819	0.0436978645292942	0.302381795844795	-0.00869558639272057	0.451914203341474	0.305531291405893	0.261467166688312	1	0.222319082796674	0.0970157142467273	0.0908420925146772	0.173279041712307	0.131870869393408	-0.103562478726857	0.286988248636738	0.0618985248127754	0.104059230047851	-0.0203966264549264	-0.0199577441172929	0.337407939462777	0.0248661709892511	0.932212406825763	0.224897779798246	0.1243493244832	0.322888889693143	0.0189309956946232	0.0874576246662839	0.240219196575534	0.113737773954946	0.194245346306901	0.11829213376028	-0.014825635690311	-0.0891098198148239	-0.0875883906752309	0.135175112776466	0.14720647741221	0.101254263697906	0.170551091347486	0.0561436371933165	0.128616754590297	0.118358772962696	0.0940630071712319	0.0861615251291981	0.132700089081836	0.0604284727239316	0.0389296425345662	0.0355172321479103	0.0718930303430804	-0.0378519722828598	0.121270560290153	-0.0479924866304272	-0.0346129789323537	-0.0349088087500311
0.633116066038125	0.629760730659131	0.32749748668636	0.616847105242112	0.603972404006463	0.529102821846041	0.587012284838584	0.52806637541748	0.389227855681092	0.572287399559185	0.129207260609717	0.253289294531493	0.291949367947063	-0.074124582234637	0.173563744164703	0.228652958688526	0.374002426755105	0.222319082796674	1	0.633559990514772	0.601105537945047	0.582005422561888	0.697559083315206	0.485697569613537	0.539749463025725	0.673157815227497	0.540472023889912	0.327939932753744	0.168372974689482	0.368622465702734	0.194609854251662	0.323378220436777	0.53221056771492	0.693240164005204	0.66484635851474	0.722901600568862	0.629485522378848	0.676850043014227	0.614744757400965	0.664614542787259	0.667348601281571	0.089951049685067	0.153026438540916	0.0690434388552261	0.22866663844849	0.235298806485987	0.20642770112304	0.289249687312573	0.159015526149502	0.338675395541793	0.566565133939215	0.564786474953014	0.43245464508441	0.589117637344975	0.378325469497378	0.171240607068236	0.522238175895134	0.499663035702165	0.0818008510356032	0.450225867718165	0.0218146289187638	0.119042249232423	0.0722969894680598
0.59564361628889	0.533439942510445	0.423966822344505	0.47175031774872	0.56146688137552	0.536785979163827	0.54100090514012	0.415105584278229	0.498240995515657	0.516980571502747	0.158314797106933	0.403308868951317	0.407969963669342	-0.0109079744867875	0.174530748606873	0.19094615330567	0.108606711231887	0.0970157142467273	0.633559990514772	1	0.623331419836528	0.695964856447647	0.578031605708525	0.346191552385348	0.500047651732226	0.538911677189418	0.653842614905156	0.571424193559985	0.329706192339816	0.256441827268536	0.31602144102443	0.143350493485241	0.634807835460575	0.745510241899637	0.673041172383569	0.56456247501919	0.624105837543076	0.561047844531751	0.476100801567522	0.734346739202958	0.507531208802204	0.375016114474515	0.140896979496312	0.173750219570136	0.404802387256426	0.415628728338845	0.298359149922094	0.385549400538435	0.149834699859487	0.415004713827889	0.543385470597177	0.553293075997745	0.418051491937356	0.541824706162908	0.348457673204142	0.141581939212583	0.413361410578457	0.338964721802878	0.120855666693719	0.483554782897212	-0.00147611130227519	0.0908741497213198	0.0504115270943409
0.759245031620298	0.534100927274946	0.305685760828753	0.397860285865454	0.55766640381628	0.410677010123102	0.537850113140382	0.562889801889655	0.386154338177781	0.51646917290593	0.0701281183671687	0.145446021717892	0.174157672082212	-0.0343576004539008	0.109537827099383	0.151502081898874	0.175812992019543	0.0908420925146772	0.601105537945047	0.623331419836528	1	0.840135923150222	0.538366666702239	0.378780959256076	0.412091836571716	0.520561050792137	0.598124175363772	0.515431474893461	0.287371394007903	0.191771271710659	0.286797459123042	0.189221279284354	0.309313070910215	0.716397284614654	0.641841775843106	0.560776882283052	0.572357863380921	0.511200111929368	0.620508176472165	0.642994204879888	0.677994185822702	0.17784910308995	0.145909111004236	0.384479347371341	0.0755932450699575	0.0681582718607553	0.131165182193836	0.149638775594709	0.143705793593904	0.206222414233858	0.454142437601617	0.417346182948551	0.394751891189301	0.537970055729061	0.608204290822919	0.238983500292691	0.562529764629821	0.422169855077568	0.285560895206112	0.468859878172433	0.207441131919238	0.276324910545289	0.20096387447518
0.65055741254056	0.495122689905037	0.336527109588245	0.513753677169233	0.439246671112187	0.310791843357172	0.432094930475325	0.461330383658191	0.320710647392028	0.537152746945546	0.127333682868672	0.169123310846278	0.315537355965303	0.128032193719072	0.305605878093571	0.170630088917502	0.15409835642597	0.173279041712307	0.582005422561888	0.695964856447647	0.840135923150222	1	0.546006521899738	0.344382807789704	0.456041074327662	0.515219462657948	0.560764130864152	0.49731568098807	0.46576018691198	0.329697729405557	0.384721068865876	0.268267028286114	0.345107438189854	0.658898318368309	0.685297348584703	0.561366788686722	0.544364297733815	0.58953808559615	0.502527643391752	0.737226328115592	0.525409880905872	0.1676659655036	0.129874569926195	0.325379445344451	0.0804483917738335	0.0831226344995814	0.113677633331596	0.119006678828903	0.0969097467318734	0.140090341247775	0.347247378331527	0.313605772473831	0.293467136077203	0.434929943552731	0.443844462656956	0.183934823210749	0.453429390207285	0.389200281918641	0.266238221353855	0.37463359608884	0.262772776490839	0.296726374920145	0.277482605647816
0.425614382761979	0.617382149056921	0.231777898708805	0.702331209327189	0.412291418125877	0.301885004695117	0.400186460204597	0.447185476136505	0.150953862432455	0.606943335512955	0.183462138948204	0.254757038080805	0.268654483757388	0.109564996058376	0.11672210967549	0.278181632593167	0.284351550174477	0.131870869393408	0.697559083315206	0.578031605708525	0.538366666702239	0.546006521899738	1	0.717404663564813	0.754146391297965	0.972082093955883	0.423747498886298	0.348053621712937	0.219808968386974	0.38006712376116	0.300507756765362	0.207252976808268	0.531832155688488	0.600058125000646	0.726120334641552	0.75523952992841	0.443887128259135	0.622410704532596	0.460654507501467	0.644863886703429	0.43316573511079	0.219610936604105	0.0744664859639085	0.291842520197568	0.162242157907878	0.140445518896814	0.0828567429679586	0.175012624170612	0.0570601889905673	0.184340551195968	0.336795396556148	0.294836956962538	0.174314159417894	0.408214934590904	0.346438203174319	0.0902198186952058	0.439860936797339	0.432058469513785	0.139380062448447	0.208522374641152	0.176768164394576	0.224448342912684	0.19114924603148
0.168484048023937	0.472955058628749	0.24062785150695	0.257000043428195	0.193951457961271	0.149595676950672	0.147959775447941	0.26811781975604	-0.0925555947595306	0.424334246371254	0.342758986116272	0.178283848350654	0.124805157088559	0.0790415774151783	-0.023377848172349	0.0751549048249796	0.191913872836589	-0.103562478726857	0.485697569613537	0.346191552385348	0.378780959256076	0.344382807789704	0.717404663564813	1	0.0835578331903672	0.860816911888358	0.0290161606930029	0.301165169843653	0.425614691079806	0.152965349345552	0.299000546375665	-0.0347305473169263	0.439836860904443	0.313837408976454	0.27561688628009	0.640119412976959	0.301027451358804	0.248971164057385	0.262428932556534	0.227122896993524	0.229307452271328	0.0162626862337017	0.0486336294498043	0.100222617371773	0.0882058497610878	0.0510720675216695	0.032043645177123	0.0852054670214557	0.0525163014960471	0.125303665879591	0.150068383987991	0.151081236753859	0.0549326499439441	0.149919640649687	0.170308763049029	0.026484645531993	0.264667540552241	0.25974842600046	0.132799110307857	-0.030856621770461	0.201623315315715	0.207158098935458	0.176125014429785
0.449117684849264	0.436075692608774	0.103752807707004	0.762653817654638	0.406269755825618	0.290085552478712	0.432803904759306	0.385974247051876	0.302220370787696	0.46855593183337	-0.0597648253364469	0.19647438579813	0.267198211948871	0.0830409580656128	0.189723092726353	0.326868950368284	0.227185329947889	0.286988248636738	0.539749463025725	0.500047651732226	0.412091836571716	0.456041074327662	0.754146391297965	0.0835578331903672	1	0.579042157346248	0.577715406547788	0.213520301831368	-0.0865446973350002	0.398971197793028	0.147213704090372	0.329915954469187	0.345300263672141	0.561272417605561	0.77849749618068	0.477065128905916	0.351403208671286	0.655741727294062	0.41071426450269	0.707893922355106	0.402776401994425	0.299010845424541	0.0603020608623571	0.322246832411557	0.148386599775627	0.151960681557598	0.0866172323701521	0.168927496036487	0.0308547743283701	0.144767250471542	0.339728122461373	0.278797595748472	0.197595273976632	0.442402563302057	0.334500522732843	0.103519518044874	0.378775449309291	0.372599746489251	0.072332214215809	0.326686488261696	0.0623416945629975	0.125610097567176	0.10721727858146
0.367331930349342	0.610506043597657	0.250606993276719	0.5997241817684	0.365909669545435	0.270631693815337	0.341683967753721	0.416028099987799	0.0785415830728878	0.586260978138854	0.249455089290445	0.246407751507371	0.238807652221207	0.107464841005484	0.0778766839653684	0.228492845211774	0.272971557929876	0.0618985248127754	0.673157815227497	0.538911677189418	0.520561050792137	0.515219462657948	0.972082093955883	0.860816911888358	0.579042157346248	1	0.318949536766402	0.355754540707828	0.304490280157627	0.32907876409897	0.320427651316411	0.140011223544017	0.536893109428386	0.543955615564473	0.623526896396947	0.767145535004597	0.425408348617676	0.538534795813887	0.424652768567687	0.54761940492097	0.393391111014609	0.165994511076359	0.0704039366865462	0.24711217724619	0.148401482166713	0.119980369290308	0.0712561340624733	0.156607607991244	0.0594663072796258	0.17687495784365	0.296157812295195	0.265918992796747	0.145228532456278	0.348213754133511	0.310062930087182	0.0745225640079244	0.409494127530033	0.402251256813277	0.146577763518374	0.141354494418157	0.197582589250579	0.234093314822449	0.199440262961101
0.814937553146417	0.340043267931247	0.200204322770452	0.374640681401897	0.651181520775845	0.553292373756412	0.649737662717536	0.526280029531217	0.861143036887539	0.40187693568583	-0.0980787615198336	0.206648541789827	0.254143174920843	-0.0199077564678493	0.165844693698999	0.163518734136033	0.025545603254774	0.104059230047851	0.540472023889912	0.653842614905156	0.598124175363772	0.560764130864152	0.423747498886298	0.0290161606930029	0.577715406547788	0.318949536766402	1	0.488018689726194	-0.109039137466928	0.115682727409415	0.362040259936041	0.173867366934417	0.305637896842816	0.785514763054356	0.591178793237616	0.424576156597089	0.628692913224565	0.497633677506914	0.588407012228793	0.718622985091787	0.722709268743245	0.269680525370496	0.106809663004328	0.353702032534876	0.225687813810248	0.248993820322792	0.211846720838021	0.260999705364717	0.120947693429826	0.322481492442079	0.619522828892262	0.573187184020386	0.570908613320639	0.647223550719769	0.539389152833155	0.315942570044872	0.509524954533537	0.440106416016429	0.204377589126432	0.852332803563631	0.195675269153018	0.313613997815501	0.266017788904703
0.452670060755259	0.221019351133893	0.152825087797848	0.123446562572811	0.350590133408548	0.30987767587028	0.352439339564416	0.254128980732051	0.324851781082267	0.29915380928668	0.211012604324696	0.707356938432539	0.570733632920005	0.109711874177931	0.0563667597368621	0.0102746270971753	-0.0718599070694441	-0.0203966264549264	0.327939932753744	0.571424193559985	0.515431474893461	0.49731568098807	0.348053621712937	0.301165169843653	0.213520301831368	0.355754540707828	0.488018689726194	1	0.366878478090175	-0.0278448331148937	0.463109825561483	-0.00423658058125569	0.347214338261615	0.497566257913282	0.336997304873782	0.477564281727635	0.47406121780262	0.258213997813944	0.313899444127094	0.364424870255745	0.433891029267064	0.0759141577698936	0.00824819282560527	0.257233199608424	0.168014342686828	0.139723080565841	0.103136327242189	0.140364734193082	0.0417038030827281	0.232262697855447	0.331931313351798	0.333906077734182	0.40242230717743	0.343615151711943	0.381033299659832	0.234981797966277	0.242324945528159	0.218272979295479	0.235547272474204	0.279647786947552	0.275881725722723	0.253720851577518	0.244694696830475
-0.0580626903637455	0.121641001283525	0.181804594999055	0.108736589895654	0.0234965261208201	0.00113676873004396	0.0344626751921647	0.0485635967104126	-0.151881915739358	0.340752286100171	0.500488523453095	0.17028423226099	0.151594937935495	0.169801863362045	0.0261401528001049	0.000500242849863107	0.00168962773098267	-0.0199577441172929	0.168372974689482	0.329706192339816	0.287371394007903	0.46576018691198	0.219808968386974	0.425614691079806	-0.0865446973350002	0.304490280157627	-0.109039137466928	0.366878478090175	1	0.0258141085973371	0.133322584675119	-0.0215901414739618	0.242375728445459	0.0393430916023765	0.12202289416764	0.307009316488489	0.155372068035576	0.14680150095783	-0.0153557661435765	0.0644792092779247	-0.0967557008512222	0.000683215107535083	0.146798696398313	0.0260057260038077	0.0318741365397592	-0.0214513405257555	0.0470475849241134	0.0064577153357081	0.0764829074000571	0.00732331629586447	-0.0187780688340975	-0.0254714204116208	0.00879678379045646	0.0380011348613329	0.00365275529304129	-0.096420760154374	0.0604125761708454	-0.00495789410147458	-0.0457574286139052	-0.138155309639815	-0.0449363898727495	-0.103095226025441	-0.0609816605955809
0.138562460279687	0.471303848992842	0.359865463524812	0.470567874123647	0.175833930908407	0.0829781168108748	0.137059678956684	0.325803484763051	0.0353044846338526	0.403467751880649	0.0595807923469748	-0.0316642201422813	0.191139857304374	0.223519948003019	0.336665056239709	0.526307521096656	0.455773504451249	0.337407939462777	0.368622465702734	0.256441827268536	0.191771271710659	0.329697729405557	0.38006712376116	0.152965349345552	0.398971197793028	0.32907876409897	0.115682727409415	-0.0278448331148937	0.0258141085973371	1	0.052586261250561	0.428252865818735	0.244928738200085	0.222454743268246	0.45438773731316	0.283078406383356	0.124835676824713	0.496592130738209	0.240452709462609	0.448048892177892	0.184401844335337	-0.100775828053598	0.0414585522126771	-0.0745688992765472	0.0426306214505979	0.0127228100935616	0.00426725798870589	0.0319751822081235	-0.0166408338984154	-0.00115120057033762	0.102900586872023	0.102135715872258	0.0092935216336951	0.144661930616394	0.0231398073771179	-0.0118104254132945	0.316252892286912	0.407420665392392	0.121173204998063	0.0123152705317949	0.0624913470020169	0.0279748434624375	0.0834206780971328
0.379237506713175	0.170615292070095	0.15440082846657	0.101254994075727	0.158085386354275	0.107143705763196	0.161144268066482	0.142302012789519	0.256579140707359	0.224766496194464	0.0898086747424094	0.140959156726523	0.198972871463161	0.260630112055672	0.134328779991971	0.105441404350892	-0.122386595420479	0.0248661709892511	0.194609854251662	0.31602144102443	0.286797459123042	0.384721068865876	0.300507756765362	0.299000546375665	0.147213704090372	0.320427651316411	0.362040259936041	0.463109825561483	0.133322584675119	0.052586261250561	1	0.0647718993402051	0.341050749185067	0.422754564455271	0.289039875056673	0.362123181873696	0.213538675636019	0.173730343498945	0.166892252547426	0.380658626922545	0.359343652696273	-0.0409693100356777	-0.111095134731903	0.147308739380555	0.074758837593365	0.087385562749452	0.0458817100713942	0.0170461799024859	-0.0609350373457951	0.0684928574908417	0.136918231700822	0.102707597291878	0.166459178431144	0.155528660940106	0.421184674235414	0.224648892878037	0.11221238238666	0.108460450841244	0.467753485891655	0.230686182234968	0.73280588186989	0.714734391348586	0.760530482900443
0.275812209590749	0.106583409788713	0.0764201816369777	0.260923823039298	0.217264015833298	0.152573933357193	0.22260756685514	0.228792745129765	0.141627917086338	0.358494260112865	0.093120731877793	-0.0150905446375473	0.293853838693302	0.050030606829444	0.507687058578132	0.29561260464833	0.299966898969137	0.932212406825763	0.323378220436777	0.143350493485241	0.189221279284354	0.268267028286114	0.207252976808268	-0.0347305473169263	0.329915954469187	0.140011223544017	0.173867366934417	-0.00423658058125569	-0.0215901414739618	0.428252865818735	0.0647718993402051	1	0.24620771571209	0.2228424485277	0.380861842224205	0.10708528168809	0.175073846839824	0.354510371564513	0.254280442646769	0.296216176998881	0.232523412532853	-0.020062195410697	-0.0660997012221798	-0.0919808646933996	0.102326390247262	0.125677293398154	0.0773212114939504	0.140210602145843	0.0220000789632691	0.105832962534241	0.164610277847481	0.133524955039924	0.145172557168401	0.22505197580587	0.156925091943443	0.116910079090887	0.21922106583953	0.278810670953	-0.0123200712042848	0.172125685496916	0.0271052209563276	0.0266823313275685	0.0384203784080173
0.437818097252665	0.462275134443868	0.29172575058143	0.392689720185509	0.45677807663606	0.532628764464876	0.40493039717359	0.246620492002252	0.298933606551043	0.479216635229622	0.321001506717315	0.261672430213833	0.276025571988061	0.0100092934858328	0.128714451973463	0.266181142458845	0.204597739588779	0.224897779798246	0.53221056771492	0.634807835460575	0.309313070910215	0.345107438189854	0.531832155688488	0.439836860904443	0.345300263672141	0.536893109428386	0.305637896842816	0.347214338261615	0.242375728445459	0.244928738200085	0.341050749185067	0.24620771571209	1	0.685180684759864	0.554922153296349	0.457134374338777	0.538623888715288	0.41031926978524	0.430455895399213	0.48137343553716	0.416299513548865	0.0625776472742118	-0.0311523164328251	0.0549868638074384	0.561495883085513	0.554992108741024	0.410571867845999	0.531866801578504	0.189478740558057	0.573857576758458	0.501680266259388	0.501592234722204	0.309403072927582	0.404281087711359	0.22623066248671	0.0591059564202938	0.244198849100479	0.219904747734205	0.0256948774005592	0.272390687746598	-0.0305546709406877	0.0493451170639979	-0.0247289714656281
0.884433414791919	0.55640181792239	0.298616929411726	0.534592720792396	0.732367587312924	0.656168982703022	0.699658310925691	0.59187548841656	0.637582409559807	0.575691516883803	0.0558251539708797	0.201064716106827	0.236501268557466	-0.0295722270773064	0.143083747292754	0.205666328743806	0.157205336682164	0.1243493244832	0.693240164005204	0.745510241899637	0.716397284614654	0.658898318368309	0.600058125000646	0.313837408976454	0.561272417605561	0.543955615564473	0.785514763054356	0.497566257913282	0.0393430916023765	0.222454743268246	0.422754564455271	0.2228424485277	0.685180684759864	1	0.772423155039934	0.603578021976315	0.778104751369004	0.62153430076291	0.726417212105979	0.780115153302789	0.789604318548443	0.192286795722654	0.095649872727846	0.292733940067103	0.371403009403512	0.401123410735388	0.322591483235319	0.419711161083386	0.17587486767876	0.487153013499528	0.700615498576863	0.653798561357723	0.555415315916605	0.699144322351122	0.59940060325034	0.26992809906997	0.582379965833855	0.491978994355654	0.208711648978312	0.668567459957424	0.188772701725893	0.310609835620303	0.215378770826279
0.638026310802229	0.595509322889737	0.271362996749606	0.795648974934934	0.570483768398589	0.44110715024452	0.59040993222597	0.506657913030191	0.316793557570136	0.699442787419296	0.156570025669253	0.202587472488328	0.325318512173287	0.124452844607747	0.276416044437302	0.363691598520929	0.358553334404171	0.322888889693143	0.66484635851474	0.673041172383569	0.641841775843106	0.685297348584703	0.726120334641552	0.27561688628009	0.77849749618068	0.623526896396947	0.591178793237616	0.336997304873782	0.12202289416764	0.45438773731316	0.289039875056673	0.380861842224205	0.554922153296349	0.772423155039934	1	0.630898986676447	0.617040961767794	0.861028849599399	0.574730941882511	0.854215162172914	0.568542809308747	0.282503187853296	0.170456494164613	0.310999033804435	0.236197498511128	0.225044559104884	0.159580251334954	0.258360987195683	0.0841891957005421	0.261838021493227	0.482888189482315	0.434965998003319	0.325615298316521	0.597681984137963	0.491889662532584	0.183589286125773	0.504328427851407	0.420753880552832	0.177855491216307	0.356946903476303	0.133382423936246	0.192813634562658	0.163356188899358
