Var	PC1	PC2	PC3	PC4	PC5	PC6	PC7	PC8	PC9	PC10	PC11	PC12	PC13	PC14	PC15	PC16	PC17	PC18	PC19	PC20	PC21	PC22	PC23	PC24	PC25	PC26	PC27	PC28	PC29	PC30	PC31	PC32	PC33	PC34	PC35	PC36	PC37
PHOS	-0.260996506252577	-0.056211418158533	0.104741488299499	-0.0228186535829134	0.0247564346419933	-0.0714653504610989	0.144961540741232	-0.0742647123594633	0.0466869070705814	-0.0270442152568606	-0.00651094819547247	0.167280156058955	-0.0845544494930864	-0.132315781378189	-0.0319779834200704	0.0930905112599842	0.0803230233078201	0.0781638995223721	-0.0883150676384729	-0.0181263131067763	-0.0124453759983779	-0.0607918586558351	0.175587001939499	0.0322141798224503	-0.0428723798554847	-0.12435064777026	-0.129458615010853	-0.121655467744596	-0.096890321692277	0.396169564452974	0.12985751589054	0.126761669594853	-0.164417859263717	-0.141201492900953	-0.662400783909598	0.171494808413581	0.00192134372687395
CARB	-0.20103774891864	0.138213152865475	-0.0138843103447869	0.014311651437529	0.143297561722181	0.19694200024799	0.0935288917538568	0.278361111993473	-0.116413404920372	-0.104693721200918	0.0900583724303115	-0.0859607085713453	0.186728424762388	0.028700088458124	0.0208144489754084	0.167154839378572	-0.15558663100378	0.189028905613931	-0.342422570484167	0.0591431796661865	-0.0188006573684927	-0.259672146706094	-0.127461403124293	-0.193843291528833	0.0296852810468231	0.490423900929741	-0.0340939308577995	-0.183937803353092	0.149019318313117	0.198108689419209	-0.192881874429843	-0.0846024635765549	0.061551819826173	-0.025589935684129	0.020802757090211	0.0327456945694479	0.00142630752102545
MAGN	-0.250550034391649	0.0581483671006056	-0.0867499847503471	-0.115569187479851	0.113531607716452	-0.101278411445599	-0.0585675783740854	-0.0394503933042718	-0.00731744462030033	0.145408349382983	0.036819122933177	0.0396995768045851	-0.0120202201966409	-0.0308035243995979	-0.0059838445267501	-0.121438585168735	-0.0520229172950573	0.121746184132724	-0.113171116568959	-0.274069026747112	-0.00960126088784498	-0.134291769168396	0.122950023576568	0.0943975873337155	0.167101024614331	-0.0274350271796258	-0.334688348225946	0.192301218868589	0.206023190696039	0.0834710222436285	0.127371624334503	0.412469553776387	-0.30759384498209	-0.149744616932312	0.397735433865145	-0.0924547010651918	0.00104257672321798
TFAT	-0.231371296389542	0.0392854909565483	0.269434328142293	-0.030889072532631	-0.147263512204348	0.111648082538236	-0.0848143452355488	-9.12080852014559e-05	0.0117968290715822	0.00586201000402559	0.0293968019643661	0.00986652352922172	-0.0095609031958677	-0.0189359392560603	-0.135797095088442	0.02425261851645	-0.0607236449772167	-0.231272125633717	-0.0506771578772565	0.0356906872522713	-0.00249814979685318	0.234565280026986	-0.124459959149623	-0.0423537594223878	0.0374195120504845	0.0561937882436562	-0.0845810956152672	0.125925705859852	-0.0495043622410051	-0.0637320328478788	-0.00995867690525001	0.113450912125148	0.0583985297097585	0.0376533867031211	0.174062642367151	0.770652851975286	-0.00211434533244754
PFAT	-0.204134154190665	0.0108950856793407	0.141378019522006	-0.0652962385244803	-0.0026522043263183	0.237812929358528	-0.267752865798562	0.118148469748969	0.106933895680608	-0.0866659744636199	-0.0860209660866635	-0.0112733371205339	-0.0318010555952535	-0.0382143349979351	-0.29529443708324	0.175688803894157	-0.0797536991430516	-0.301002106540409	-0.0273117554658812	0.262000731320916	0.0226531166216316	-0.00119044015199833	-0.0778524045782246	0.250202096509686	0.11375970692509	-0.0535554081027259	-0.251181324996723	-0.239084414056724	-0.128709459453244	-0.175686964550213	-0.0811032230919746	-0.00687644470293441	-0.296109728473548	0.140225395648252	-0.0413246757929743	-0.331714477139053	-0.000890702562310487
CHL	-0.214088797680332	-0.157102674395549	0.154863284465747	-0.161612540107644	0.0290427649538287	-0.178239713166128	0.0036165719587283	-0.0205182401009295	-0.0454679348415717	-0.0854879404399675	-0.0686459495832695	0.147766959749945	-0.0138297835290243	-0.120324512797259	-0.0105624415882409	-0.11466853203583	0.0818670114742406	0.0647047786447322	0.198499332036455	0.323954479004089	0.146922437327242	0.201846194039881	-0.0596504421644465	-0.00740736716468235	-0.374111279858563	0.173226917422581	0.141118246245078	-0.299508606750563	0.185861086920648	0.216021539373015	0.187310690951984	0.231151214749025	0.127317429554832	0.105288685757811	0.257173643032964	-0.136226694297576	0.0012666880934581
ATOC	-0.222102046091623	0.111081409046153	-0.0717226549503557	0.104217199559081	-0.0475168926004008	0.125559950185823	-0.291235369576778	-0.110949184375723	0.0760449126786881	0.232860513374648	-0.00795205023360222	0.0645753869676785	-0.0670732332331603	-0.107139131981117	-0.126896601422451	-0.115419458576238	-0.18714778934619	-0.0852385419037818	-0.0140128877188784	0.151989102325802	0.10430695164473	-0.0952561287040566	0.0277560154464142	0.11020794513866	-0.0787538578161941	0.0167005281187722	-0.0747193751374041	0.27625236355693	0.116768783421474	0.0713248130126681	0.0145926493121867	-0.0895405418402618	0.572554894308043	-0.340231980131767	-0.120762746830974	-0.159942655992858	0.001473359714432
ATOA	-0.0533417384583706	0.0941012119128214	-0.179687601856589	0.372338255635284	-0.0831744827657845	-0.0340227607311816	-0.224612142728042	-0.349049922918515	-0.08815202089361	0.303884755185942	0.0310702035539868	0.085216605543232	0.023681450915531	-0.19274211805532	0.251355064115175	0.0995322976275235	-0.185583026268036	0.021987066648578	0.18092842990334	0.118005258508682	0.215370083064425	-0.181210971800742	-0.0922175208473166	-0.21943265133435	-0.0647831058355629	0.156239350385147	-0.00136767513512108	-0.142736661710469	-0.197266110814151	-0.0567212165691669	0.0253246593179578	0.0284366829972046	-0.293814712573471	0.115421276338166	0.0107428613873764	0.0898954201314003	-0.00156000189223101
VARA	-0.111028770417398	-0.0197258749402491	-0.23578383288163	-0.0275922936419644	-0.347471129850894	-0.293497210440119	-0.0470321149993503	0.21827238562025	-0.0836722260683979	-0.249971565928824	-0.111039134147402	-0.158930782045171	0.149206268208865	-0.145164593661443	0.17804126690905	-0.0310896868374737	-0.169750301143708	-0.230044934079661	-0.035004062922635	-0.0564902864713362	0.0562088834502345	-0.145940910517238	-0.0488788147625659	-0.050141003695869	0.0955581830701175	-0.0755373317722719	-0.092099826281529	0.109477068493528	0.123320825926658	-0.030288918833946	0.0758191875579143	0.24159141485307	0.204697165406765	0.417380051029072	-0.206952277973494	-0.0335426671073542	0.000283166416451631
ACAR	-0.0283958668797229	-0.160399770814473	-0.314771126202416	-0.0362561182673631	-0.215081174274814	0.0639427719947421	-0.281683274347442	0.215763275884333	0.269865287513158	0.0925633856938779	0.211609209060369	0.364974426799437	0.140241519696678	0.120759432273083	-0.0146475273873233	-0.0753459795511357	0.146436585695843	-0.015610318279299	-0.0641794677611465	-0.12230541699972	-0.331644325612357	0.118197681266693	0.0152672440793268	-0.275006186307074	-0.255899206036365	0.0302159156390013	-0.123986418965054	-0.166940470861527	0.100130540719335	-0.155740178667793	0.0425776600976852	-0.0279809692487676	-0.0485031714822881	-0.0537517369575519	-0.0684914309630665	0.0163120498610902	0.000277726097957314
BCAR	-0.0764124632559832	0.00151534412658272	-0.279579198416017	-0.232508438165054	-0.364242253825734	-0.114466998721612	-0.133599517939022	0.168435897826631	0.00334242833373504	0.0116220908087342	-0.0665686870429319	-0.134952473346074	-0.147520422182061	-0.0489146603589627	0.0916193418127687	0.267899210193262	0.261046393776373	0.0495775996111144	-0.0976993198502092	-0.116786486956308	0.419845558650708	0.0999141963485482	-0.0307332659478825	0.141966660244464	-0.0142738440768861	-0.00788056432856498	0.105885487920471	-0.09900411088833	-0.174187727823276	0.125180391818373	-0.193296971692483	-0.102931575366696	-0.0496258119690315	-0.319287129169962	0.142111856933807	0.0428808630978853	-0.000247910426226787
CRYP	-0.085812388870551	0.184891005134582	-0.169712641708949	-0.199587247558976	0.157515505080129	0.0750868523660926	0.129825697065351	-0.293328328814402	-0.351635082789988	-0.118639381806348	0.107486155859251	0.0931984026185359	0.340703114412049	0.130322211772765	0.00344936723389726	0.0680061010948764	0.386994089703581	-0.338490977424917	0.223490237100292	-0.0837242861319435	0.117125336411795	0.0137936160133221	-0.146829563105708	-0.0385216626391707	-0.0179616615236507	0.087304595006808	-0.247432812512422	0.0212369768365248	0.0301239446287669	-0.0691876110230105	0.0168827558212444	-0.0360896798853941	0.0751232109039835	-0.0986835782582416	-0.0932080088327773	-0.039847240790329	0.000116776035015201
LYCO	-0.0834938462944751	0.31603402025627	-0.14536211931751	-0.124158167195093	0.0697944713151099	0.185524243517658	0.0863110690049595	-0.0497645776675591	0.102913979516072	0.00955779210862571	-0.2113239996459	0.198862625709256	-0.118677414425913	0.290400700373366	0.38429599384989	-0.447048384430005	-0.0481373543377805	-0.151492959083408	-0.317221223356441	0.120292867054841	0.093710540865765	0.0198402736832183	-0.0994082517289138	0.136031125106989	-0.107852891482207	-0.134693031423152	0.109359265882136	-0.0625320790827778	-0.0584569594546074	0.0642258972126775	-0.103407097547069	0.00794032019705923	-0.0902186762007956	0.119304972584868	-0.0197995420251146	0.0437432557344662	-0.000309433068008034
LZ	-0.0640240605690544	0.173361421769417	-0.177368774450042	-0.245552555060367	-0.196572182215589	-0.134347499675316	0.0135838712718378	-0.341858538773306	-0.0857577341365225	0.206373684546161	-0.146652668607809	-0.449226397732727	-0.105321627953157	-0.021733041297879	-0.140829486130831	-0.026278845606551	0.100134070704998	0.0555745572498813	-0.160771310268047	0.240147097539975	-0.441882345441479	0.0808585523867868	0.111930372258899	-0.00610815322604899	-0.0677134765742096	0.163782786707072	0.00563863851403906	-0.0454638407965884	0.133689302823054	-0.0605986862472363	0.0336171773231678	-0.0982141129074393	-0.0991238628740841	0.0533279935506829	-0.0695969678759786	0.0257833750233114	-3.40690816773243e-05
VB1	-0.232038136785574	0.131310271733471	-0.0136887692933976	0.0201426283661693	0.0560237990839764	0.0324418148012608	0.084564082709643	0.0395894658294938	0.101246093452784	-0.159359711401644	-0.104541244150097	-0.158249902813338	-0.173258370940274	-0.131203702797836	0.0970786880049976	-0.0650413125860945	0.013612823656425	0.251816873855289	0.163989734934248	0.083503357538353	-0.0663706726026271	0.174850479394642	-0.451228339235168	-0.452637376246417	0.168529469699389	-0.352045690772814	-0.171791896870433	-0.0436683845482164	0.0355461136381585	-0.0881058950680508	0.00179701189862832	-0.0584638882875421	0.0180452789259107	-0.195592777626997	-0.00654502191968224	-0.0845528963941032	0.000576681891919489
VB2	-0.231329660467935	0.0160221710276028	0.00442642197927731	0.0963949124951168	0.0221224157867946	-0.271174768098938	0.0767193874916123	0.0662769468493541	-0.104686122127151	-0.152496421975228	0.121638399195932	0.0692131808375133	-0.124668372199198	0.180629061993684	-0.0924392931700751	0.0949996987081456	-0.113701131125538	0.104504841212162	0.0659219664687796	0.0932254131585394	0.0824105695486693	-0.0191070745677882	-0.0372560892688553	0.0708322674959258	-0.468091955072654	-0.060098048028362	-0.0411397296964936	0.421277944005856	0.190586495125249	-0.164868002620395	-0.293702564362453	-0.209846576120524	-0.281201241618946	0.0521514023210257	-0.0714766677483478	0.00560553086496435	-0.00144358698174079
NIAC	-0.223615829028739	-0.0877153090034504	0.0520689533334711	0.0537943900996163	0.125812725477863	0.00764873533700897	-0.0571869067930287	0.0400708629934647	-0.0988966882172385	-0.0162315589304712	-0.394860390279416	-0.0553493499585771	-0.0856363609495666	0.247720087771322	-0.0370206344517084	0.0687986796436321	0.19449641378274	0.151115432333034	-0.055731622474642	-0.08455497280649	-0.0322637030408899	-0.207108496340788	0.259157477146299	-0.219238724221889	-0.221429385841812	-0.00126938873640172	-0.14789860217525	0.0231870820042063	-0.480150351265858	-0.206849707135129	0.0188171290732302	0.119397925894081	0.24702487151954	0.108564523180548	0.0979688302389623	-0.0152741554677186	-0.00112117384896795
FDFE	-0.206354178328786	0.0516894296339421	-0.178891319131947	0.185952505020461	0.202559633547039	0.0689082444711974	0.0988890315444125	0.144010910069891	0.219811807806373	0.0229802935344218	0.0561513357904939	-0.280305806148307	0.100096810752388	-0.125621119848692	0.00374555201420082	-0.114283685869795	0.0744929741976336	-0.0870153460005952	0.166692686948908	-0.096902709012199	0.00113800400484296	0.119482022046713	0.110562111375072	0.122074232716326	-0.0933553491685099	0.0716971548909308	0.100899077428318	-0.0170388793194361	-0.0574798820098489	-0.0174633749090818	-0.00540342977288064	0.0203971896051175	-0.0329715629609482	0.0162879786579973	-0.0201447324652416	0.0379888722805192	-0.720514621773011
FA	-0.133408040771947	0.0329017463069442	-0.178176458351512	0.375400219352514	0.130546978017471	0.200307892652999	0.132607847699647	0.126625825054726	0.212249773667019	-0.0622795221131217	0.0286469977995911	-0.298638290879267	0.00475569161043163	-0.0370073259375146	0.116009999360357	0.0563030755027406	0.187314927971476	-0.146869922779959	0.0449038546642804	0.0497644889462944	0.0677555774585143	0.169830459964526	0.229442220735055	0.0616402174676398	-0.0954042849588745	0.0428942516901796	0.0273023081725463	0.037096446630467	0.129973649451025	-0.0228158757927742	0.159681057568511	0.0527053685432382	-0.055175736590748	-0.0157738528555642	0.0225706217723056	0.0248992457887394	0.588647238346237
FF	-0.190172563455427	0.0490026571179007	-0.0644324756527457	-0.237285665371431	0.187704226301597	-0.185952636803783	-0.0204010382732012	0.0779680597295589	0.091636402761998	0.143800632149692	0.0636911382671617	-0.0710186352559804	0.187782124610465	-0.18805457092659	-0.178376324136695	-0.314568633530229	-0.154413627159031	0.0628483963798231	0.256063698434585	-0.269198547628552	-0.103994037649451	-0.0360464047922276	-0.149498593653092	0.139853130465809	-0.0304678689700293	0.0733881783437375	0.154841868008841	-0.0895749295103885	-0.326524484953361	-0.00599402868551887	-0.269521869719525	-0.0474637571821979	0.0198640621581917	0.061432698811273	-0.0731790555791372	0.0391508877050747	0.366502738262183
VB12	-0.15778383589913	-0.213333110623724	-0.0422888670659984	0.213449979635982	-0.110230806811899	-0.21941310240787	0.0376424988704015	-0.0379968519106329	-0.140307594845138	-0.299328592164555	-0.233815182119842	0.0538451379267815	0.253410187142295	0.0952875074391744	0.0561111923483215	-0.179117047897136	-0.238167360785517	-0.211050324063975	0.0183531276800545	0.0943877220852151	-0.212598222971775	0.00364401017135235	0.152196569754217	0.0248480903225654	0.134246671789039	0.0056121407829574	0.0441003722095983	-0.0997997719817487	-0.120282099091759	0.0908086741399171	0.067633569563401	-0.28239513964202	-0.131119902624072	-0.420100198310275	0.182025130545471	0.0200487666394911	0.000156657670561019
B12A	-0.058614312658492	0.057068120733189	-0.18451842669012	0.43822412109039	-0.0373148467261117	-0.0684084295041182	-0.180547910151846	-0.00846703086975167	-0.185926929130186	-0.00566492847617388	-0.118411024156081	0.0552933662404322	-0.0620495149398916	0.366514078266908	-0.350072053905104	-0.0244403391236248	0.170767059827736	0.162883811886712	0.012444162855436	-0.116089598137779	-0.0854848347178771	0.13507514965099	-0.341204099144591	0.202937790455083	0.180400742462909	0.0246784502801813	0.168529970279841	-0.0515931129687405	0.0522987524196665	0.222507170710707	0.0268702731675046	0.159697682502092	0.0233400121200272	0.123164448546492	-0.0675781750800881	0.00413204312311542	0.00142656468222225
VC	-0.115545116543504	0.211194259545321	-0.282402497036383	-0.231853912680583	0.0504399497735265	0.191313209043145	-0.0340723069502026	0.0233414791307957	-0.0872401968378108	-0.047010807650394	0.0633766461793196	0.1247626061687	0.110835535530393	0.173319736429126	-0.127693073138275	0.277299302015784	-0.30339906179008	0.105860962126341	0.234937332056027	0.162727143195576	-0.0161409855072256	0.159076029036794	0.370722858710589	-0.184184603814883	0.152417024134551	-0.249043203310571	0.298836168915964	0.0638452974655565	-0.0339978244629701	0.134750998093962	-0.0129974258960557	0.102772271429995	0.00315765382634814	0.0940363960165216	0.0541265643439946	0.0210249957602235	-4.74152463525968e-06
VD	-0.119831807804165	-0.359266604662474	-0.181227182868319	0.0565243277354432	-0.0484466104064052	0.101051526309071	0.209193475932492	-0.183383217831966	-0.0987951922029562	-0.0781320879057811	0.230744795735276	0.0164365860595916	-0.0716365923200391	-0.070594316168424	-0.202046212517006	-0.227575718937442	0.0930569456778384	0.0361915690752472	-0.175993528654956	0.196447439704726	0.151180509823288	-0.175797052295205	0.0719488634141366	-0.0471423023070474	0.167230855681082	-0.0978035908814792	0.20831924996375	-0.136465069437004	0.0621833001455815	-0.35575356423065	-0.294250694360842	0.288799387975153	0.0432718667610461	-0.105812185557253	-0.0431103927691937	0.0537031184465197	-0.000447812417584369
CALC	-0.18891174922526	0.130341521452599	-0.0631385091103275	0.156687107866512	-0.0935417645024804	-0.107934763490365	0.339792281974215	-0.171422614817596	0.0827559093796038	0.0587757321770748	0.25015540022483	0.13699394074252	0.0191926546052035	-0.12774035864226	-0.0951270994099551	0.231399638425736	-0.0170743698801816	-0.0249248939972123	-0.234998659681685	-0.117852193915252	-0.113815399503463	-0.0829948917608338	-0.043840437978127	0.1573287570178	-0.0930167048790164	-0.344380565957142	-0.068975054678914	-0.231350117397639	-0.0885228240156125	0.0603979966009427	0.0868117386393084	-0.24228849292363	0.231811604228008	0.223545753185894	0.312817102667524	-0.0353674743415551	0.000614339700479573
ZINC	-0.223293864915022	0.0227015520100135	0.144570121300416	0.0811468156337114	-0.0816719392557674	-0.0711544458000495	-0.0572178321951108	-0.20335707510994	0.120494159469587	-0.123377283814312	0.0128470916100789	0.212476986904731	-0.152343013289042	-0.0262406256933388	0.281165684271839	0.016114508319031	0.136227014856504	0.109944989025584	0.124675668948366	-0.114099247288368	-0.0865780631697944	0.270494730247357	0.281573060043108	0.0512191595951806	0.353395272148056	0.263910134809456	-0.106819923699099	-0.0167157506565295	0.0957600715522183	-0.0228854309885495	-0.407801485935301	-0.109219914191712	0.136117747451575	0.202144513691053	-0.0109518671993138	-0.109880978363551	-0.000910524900574629
SODI	-0.222006201874363	0.0114073518117099	0.133539818175896	-0.0654884417470109	-0.0690254063684296	0.139340287053805	-0.0505498263813372	0.00411369581644122	0.105455286984919	-0.0228732007878557	-0.137566992149525	0.126862510444187	-0.00588504280959688	-0.103673004316547	0.206164997543511	0.232952798509437	0.258948671547102	-0.0869243773811149	0.175324933538254	-0.0212754636779741	-0.335558453301953	-0.453338798334136	-0.171528493458515	0.119318123148201	0.0272453826528281	-0.0426003353653062	0.46426466876908	0.155422715880784	0.132352800557206	-0.06235544374029	0.027138470817096	0.0622826488693225	-0.061740408350791	-0.0686023770433383	0.0542696370280591	0.013299830667771	0.000318112486308292
POTA	-0.251077516926215	-0.0228890163182309	-0.0407802503264608	-0.161910556181144	0.0894614223222541	-0.0942776201365001	-0.0162172369565149	0.0670361171831634	-0.0231945350734569	-0.00442920044274449	0.120649917751378	0.0879502159998564	-0.156803750198715	0.117547492582591	0.0162793459187832	-0.0441501457962234	-0.051084849715805	0.158306056206308	-0.0432186525386972	-0.0517056963462996	0.209194536201836	0.0015147411048452	-0.00777589497222473	0.0988401352884294	0.249989139389568	0.202677971443864	0.146484036774933	-0.0215525000219649	0.0124506111791848	-0.378756511168941	0.589389177654672	-0.31565180608498	-0.0115041865660013	0.0658697058444357	-0.120221495368977	0.0508686420713225	-0.000929555924702704
CAFF	-0.0636914187649211	-0.0435505483088865	0.110313767996006	-0.0186072430000229	0.242566782579199	-0.38462715106981	-0.198334554711822	0.0879694801333091	0.0528004871918916	0.157385021473515	0.419471781661985	-0.222043051658703	-0.197094320666596	0.372282221159901	0.184021451632295	0.0565792504911877	0.0652301774818978	-0.308450979352512	0.0193754841784167	0.180349789439896	-0.0709805475202348	-0.135945522412241	0.00401463543681766	-0.134619288027586	0.13628264373657	-0.103549496155151	0.0319089455742573	-0.123890571292723	-0.0498566032849252	0.144314592068519	-0.0647125134669133	0.0557525922292271	0.0863686408049851	-0.0500394060760531	0.0123400157124815	0.00360240560761578	0.000706236684874459
THEO	-0.0558039113208171	0.131332084188161	0.142652806474556	0.0874979059822738	0.0751819155082704	0.109404380342114	-0.364919178849917	0.155293462821759	-0.574053782757467	-0.0897886192220959	0.24076309034753	-0.04560874161621	0.00132792981771465	-0.323958722782312	0.169943711011968	-0.156528780188602	0.141045476460047	0.0820332501014254	-0.201912169783856	-0.0497089677581362	-0.145031401958394	0.156980730945333	0.134110248323496	0.0594276159460992	-0.0964776900312328	-0.217688562876549	0.122123292070599	-0.0158555526310187	-0.066733956102416	-0.0397144200092728	0.025677891490927	-0.0474082398802504	-0.029705414169762	0.0120299521964122	-0.00842836593786027	-0.0423548910499157	-0.00018922111415334
ALCO	-0.0738337161411518	-0.216671525610893	-0.00669779443143932	0.0112996547975766	0.294145048723098	-0.206204721382844	0.00381154421259004	0.112700426559761	-0.0171602930082705	0.4462946855869	-0.305709279980515	0.111588099180674	0.400125522243989	-0.0979542731806096	0.081761399675882	0.178791555892695	0.122036298583457	0.0180243267236309	-0.251777267880245	0.179730865899351	0.0736991968090333	0.222078385754801	-0.0526130421115641	-0.00468664333369672	0.156722864152907	-0.170168748107769	0.0518114088814514	0.101159236347502	0.145077358037464	-0.0936631353097297	-0.11040421596262	-0.0821142831011735	0.000818512625940016	0.0706639128145104	-0.0517576494192932	0.0250264328191856	-5.80454240277436e-05
S140	-0.139000631765585	0.110390043512515	0.249212988585445	0.0657699280284425	-0.330666063582546	-0.010502381478066	0.309763060405278	0.0730067819647947	-0.0360587927887663	0.214866612618294	0.176624000986458	0.0233626612245137	0.118716981204901	0.0994923613520433	0.0338255695880973	0.0221309540794649	-0.0464278319399905	-0.0982482115739162	-0.136505253744647	-0.0134969397868119	-0.0430322174820226	0.274599797698857	-0.0940610113644985	-0.138268282934029	0.00991863957578178	0.181812734717596	0.186916299288528	0.232306543798797	-0.310154673530271	-0.0677005406352754	0.0710007494283415	0.247387623005208	-0.0643805758197258	-0.118276674721605	-0.0675995451847974	-0.372640125496254	7.52204315657227e-05
S120	-0.0657169662095866	0.124115769688045	0.185729338020693	0.0662618234678364	-0.343708369550028	0.0950712173433823	0.189879020602456	0.332825319463821	-0.17707202459442	0.36922892878232	-0.0274268809967426	-0.0181353620714556	0.0769498575375752	0.136790130150638	-0.0562590926190162	-0.266076647313877	0.161236663582848	0.083876435973865	0.333973192532499	0.106439484240842	0.103941624200831	-0.222233664801998	0.190342812923173	0.00175210068247846	0.10055436915161	-0.134824266216392	-0.148199527644576	-0.155706660453687	0.174278412632523	0.0337265906316418	-0.0386326127383436	-0.176220992206752	-0.0409923824468842	0.0591605703760069	0.0140979716906296	0.0614144972883336	0.000614938535509053
M201	-0.185549165719832	-0.21266977591339	0.174752297145374	-0.0398905572207358	-0.0286937958319429	0.167801068100211	-0.104144468372369	-0.214500987098667	-0.0141946681186394	0.0751260790810003	-0.10145271292629	-0.17718645160324	-0.0362882877957171	0.0737161462607834	-0.146294865661915	-0.0742312757241994	-0.0659263526979437	-0.248169195880167	-0.1073688506121	-0.458302943962844	0.20464439516078	0.0193504652589371	0.0423437635189663	-0.362818357009713	-0.0732147827450125	-0.100010804633753	0.230891007803358	-0.0432568644430787	0.245646759051093	0.169928063719664	-0.0239908467749737	-0.214422700973599	-0.10672703459117	0.142960454281646	-0.0154395535050117	-0.140036401067744	0.000187340652739371
M221	-0.0964947578517068	-0.166038151091171	0.180949021919004	-0.053283333361461	-0.162882928834855	0.15020076497322	-0.192474931205764	-0.258916704743929	0.176980435589173	-0.101528145894206	0.179349898893842	-0.294554419209151	0.474528700191943	0.288712961474678	0.219895429553549	-0.00136514649775419	-0.0384974801482964	0.385887145116394	-0.00540888808338288	0.0442082337299852	0.0754813954770588	-0.00882217507358707	-0.0685431550940334	0.225722964805837	-0.0722019991791477	-0.164022894834978	-0.0627346294620572	-0.00780302487358104	-0.0221180618645502	0.00393880763699327	0.0395589346057279	0.0322754934636251	0.0279617332591561	0.0236952067783879	-0.0486137121189924	0.0136191635854276	0.00037630401687855
P184	-0.0723218248179621	-0.336778062176352	-0.10591568288242	-0.0551723786276181	0.0275693576658987	0.221873969749759	0.169925889691745	0.0571121233489681	-0.312893705221371	0.233839500244931	-0.0546732801587613	-0.0688511601788474	-0.239712799877349	0.12448933676399	0.287634116197225	0.197919433815245	-0.339212923993602	-0.0493365738897171	0.168191228957109	-0.186745806830399	-0.187633320701225	0.154795334215982	-0.126206268078887	0.244565896104202	-0.115036900004374	-0.00561078379270664	-0.120263081737304	-0.187526143838573	0.0880362545212253	-0.0943938298304702	-0.0445578506053263	0.101083509385966	0.104649523492503	-0.0769482214225232	-0.0733280259236032	0.0143580370211894	0.00097692235545215
P226	-0.0708359056854364	-0.429807005373521	-0.213975441340618	-0.0921434876404467	-0.0164809155837779	0.237546913363413	0.0536554182947496	0.0252601634998475	-0.0589826462023469	0.0386060213773299	0.14355164184222	0.00251030719451718	-0.108335653246581	-0.0787008159317266	0.0328815338434594	-0.130509906122972	0.145902285724724	0.0090782876835006	0.0295464022013382	0.218880001295127	-0.0763655057955109	-0.0291464648107685	-0.123935810274385	-0.0256130463343023	0.114059447359622	0.0689386956192913	-0.120884703874005	0.392929302106517	-0.259015497334544	0.382399554631702	0.0597808776546185	-0.220454267117715	-0.0687365551538758	0.263071356913714	0.116559544142435	-0.0387414361936128	-0.000279732987826072
