"DR1TPROT"	"DR1TCARB"	"DR1TSUGR"	"DR1TFIBE"	"DR1TTFAT"	"DR1TSFAT"	"DR1TMFAT"	"DR1TPFAT"	"DR1TCHOL"	"DR1TATOC"	"DR1TATOA"	"DR1TRET"	"DR1TVARA"	"DR1TACAR"	"DR1TBCAR"	"DR1TCRYP"	"DR1TLYCO"	"DR1TLZ"	"DR1TVB1"	"DR1TVB2"	"DR1TNIAC"	"DR1TVB6"	"DR1TFOLA"	"DR1TFA"	"DR1TFF"	"DR1TFDFE"	"DR1TCHL"	"DR1TVB12"	"DR1TB12A"	"DR1TVC"	"DR1TVD"	"DR1TVK"	"DR1TCALC"	"DR1TPHOS"	"DR1TMAGN"	"DR1TIRON"	"DR1TZINC"	"DR1TCOPP"	"DR1TSODI"	"DR1TPOTA"	"DR1TSELE"	"DR1TCAFF"	"DR1TTHEO"	"DR1TALCO"	"DR1TMOIS"	"DR1TS040"	"DR1TS060"	"DR1TS080"	"DR1TS100"	"DR1TS120"	"DR1TS140"	"DR1TS160"	"DR1TS180"	"DR1TM161"	"DR1TM181"	"DR1TM201"	"DR1TM221"	"DR1TP182"	"DR1TP183"	"DR1TP184"	"DR1TP204"	"DR1TP205"	"DR1TP225"	"DR1TP226"
1	0.779048473893927	0.649960131850832	0.553497038440076	0.857797026266142	0.76422587168423	0.884217576014226	0.780045345759723	0.840896443473424	0.67684547296687	-0.0235652953171873	0.0904225814863705	0.0117161356680559	-0.0948166161417633	-0.0158866770257849	0.234324766361892	0.477081261850332	-0.0832493874733522	0.555616233159315	0.430161307484476	0.828897655814902	0.436846032431752	0.471006837200293	0.0395222594164346	0.59056429137471	0.340470690683969	0.874865116890936	0.668572690152013	-0.190497261507367	0.325536342777632	0.397989236668781	0.455100895793042	0.569790481032084	0.890027957138032	0.809399354461293	0.641783279985932	0.826517360492809	0.729960478473594	0.855841716095803	0.66868315791576	0.847115990564113	0.24082344935837	0.389515985365224	0.0642070803251004	0.639585262753124	0.361628207934276	0.321991699058196	0.508422333659544	0.483860689734321	0.588873435794076	0.607187567814064	0.775150862686766	0.806149026227276	0.834411991578348	0.879650450226321	0.80165779093527	0.362990968823039	0.776099583338087	0.72864816480974	0.26631529770101	0.765949586430686	0.125575097181644	0.537642011089506	0.308428282120402
0.779048473893927	1	0.885910019533257	0.794797170415493	0.663468366016478	0.554377476347787	0.726241352235603	0.638974829370901	0.644020552301856	0.572055219523734	-0.032565198888435	0.355261742813532	0.450211198748839	0.265027404544437	0.387677241757309	0.391745384408178	0.654712421749913	-0.140765026564009	0.855370053629461	0.640450596260562	0.829089654176077	0.745165370942201	0.521818077502608	0.0643469364907018	0.633435616231479	0.386144190314229	0.778851952508309	0.599442100407149	0.2298693978461	0.659515541786623	0.429063317958322	0.3173044002202	0.763157065292508	0.911433124964419	0.86193175711843	0.865507530505662	0.705612523370742	0.830633782785186	0.822411848525056	0.899505986336702	0.657991826076526	0.318688743828636	0.288391159837215	0.155476912771185	0.598140206729713	0.286367284470638	0.232349329034833	0.257209287276545	0.28062638223647	0.29862691902221	0.365891560596722	0.650504235057199	0.629096993782608	0.77137482269485	0.713359761246708	0.668261209867164	0.440947803106099	0.6337771641618	0.596874478648975	0.205944108916093	0.686168127278307	0.0563701304194259	0.2563287063141	0.100658979097403
0.649960131850832	0.885910019533257	1	0.583054930973556	0.607393540273839	0.559777259178429	0.645389405230297	0.495641026586244	0.600718342518298	0.382131071200747	-0.129618072067457	0.191271173682489	0.289777926033926	0.138376990508866	0.262329551543892	0.353799488630978	0.573998910959909	-0.114818119348351	0.642071200612176	0.742134867513044	0.792571196930831	0.738008100504969	0.397837120332175	-0.152618511785675	0.70099172417799	0.215661085422387	0.817711654974154	0.402382740741499	0.0589788911610843	0.608150243481179	0.0659359954791888	0.228112315820182	0.626447782940363	0.834752304745835	0.807988680771028	0.63099080136018	0.697629902334495	0.665773988504129	0.658029463305	0.911830561809583	0.394377507152786	0.56483111446246	0.376780054545852	0.446406288765164	0.647724211872062	0.3338794395867	0.275745635771291	0.295993725388047	0.322472283567978	0.332813020535964	0.406695401708209	0.621823783000576	0.632650118810956	0.797563316372786	0.622228142595115	0.511161274553716	0.381209532414666	0.493025073709328	0.472121138097273	0.0421632593709495	0.654651244472486	-0.0491667623321557	-0.0348281024400606	-0.139596381444687
0.553497038440076	0.794797170415493	0.583054930973556	1	0.459547278954734	0.389291313336354	0.503626524705222	0.459116904489663	0.46066130744389	0.439952167990366	-0.148765119587189	0.277348271004464	0.725333164087468	0.615268782642566	0.719905650558838	0.533385642933828	0.552672166024546	0.0759083916460893	0.829630172701665	0.311267110572518	0.490704941297084	0.548416224602766	0.287069917953734	0.0111025966847463	0.374503801777238	0.20285895295382	0.510309314294596	0.449835542097486	0.408322674774019	0.69892255655361	0.426375459232622	0.287083103094363	0.618393830511664	0.623557635082052	0.698281536833294	0.818178843261368	0.515612345804766	0.906314143040583	0.705050555234435	0.714110191335038	0.495900562117577	-0.0203362444752409	0.144262825976106	-0.220024957268174	0.344963440606949	0.128072361465533	0.0941242255438034	0.271083507462817	0.228015896968108	0.275411903122216	0.263413103095697	0.435628952626943	0.407853684962203	0.52805227558755	0.495417567981733	0.483523874772994	0.583290641943712	0.453475576303967	0.406402317719942	0.122435966749985	0.463207272113236	0.0828428696418337	0.174109309795696	0.0887982773925356
0.857797026266142	0.663468366016478	0.607393540273839	0.459547278954734	1	0.961329180342614	0.962171848727394	0.900211802593635	0.834148466811027	0.795457681174205	0.0352655958384107	0.206694775554096	0.000329547034101375	-0.142606558359352	-0.0667529868908008	0.175500483836257	0.59411589138002	-0.0727534589194446	0.310591861706034	0.230937461543054	0.65192684100504	0.334573521286309	0.239593200614948	0.0431208712666553	0.274845180640938	0.181189803784884	0.720536966615024	0.470269044642031	-0.23031766742107	0.268991708884173	0.0600151574022664	0.558268032002695	0.541626076233123	0.768336065177698	0.613142595498396	0.568832746646604	0.883673304530056	0.677814968142492	0.861887058566578	0.497633314800189	0.598904765287128	0.0634047826075309	0.698117335937301	-0.113148612435146	0.445064223724939	0.687098897287585	0.654733724283023	0.656891390765383	0.725911479418989	0.726307692824287	0.828151107110552	0.958693440511762	0.979654131998622	0.872292070693005	0.962337669197155	0.84172935486625	0.388811302850111	0.903445206024144	0.853938005517205	0.0908315487709087	0.732055012951469	-0.000255068559442558	0.223450247027441	0.00479739717775231
0.76422587168423	0.554377476347787	0.559777259178429	0.389291313336354	0.961329180342614	1	0.879087186652225	0.776438191906307	0.784932096839593	0.686469331490319	-0.02983563991578	0.220136453927948	-0.0325048952166731	-0.170997337059018	-0.108426379034739	0.215526343750506	0.601103066833273	0.0132165874342358	0.183458506751025	0.176011033246881	0.550542439208571	0.273227701569565	0.0805096633139819	-0.0645120287544266	0.176658987735551	0.0288959642982496	0.681908355440632	0.446144229742571	-0.211856661491662	0.217376060652219	-0.0925502652129667	0.495185407403757	0.447288704830207	0.664534135089595	0.522851626687928	0.472868821873568	0.867197154983245	0.605071151666692	0.767958965851894	0.424310968226001	0.454168166329439	0.0409117651574182	0.781255964251197	-0.124811608167201	0.374529094374907	0.77087769092216	0.757577104993478	0.804383167277187	0.86741565840493	0.839074442417326	0.942240152551988	0.934703434015406	0.968907186748032	0.825658916022891	0.878516674155243	0.690373291039671	0.373289726453174	0.782018129797197	0.735405167945022	-0.0212638100110133	0.64045252775411	-0.00320298328980063	0.0667500365907757	-0.10993400145761
0.884217576014226	0.726241352235603	0.645389405230297	0.503626524705222	0.962171848727394	0.879087186652225	1	0.867356189244304	0.849037470243661	0.790363972856675	0.0246885147229881	0.183340283807833	0.0075162856757573	-0.155731410903325	-0.0503576897504443	0.201735947531828	0.596520257785162	-0.110948505931479	0.420564499204626	0.296096818899039	0.710239133736982	0.408031804581539	0.338164401652774	0.0439600570551004	0.407297543883558	0.250177094747798	0.739334940491266	0.501570495713472	-0.259439929335438	0.362919520297711	0.176739335631488	0.545175206271834	0.620344372569703	0.817973101795597	0.684322758106522	0.662082645791945	0.86287810114347	0.720562347777653	0.86310034761928	0.570922410182564	0.697871720064406	0.115393514901406	0.60304698171375	-0.054815019391664	0.547495929360773	0.612330939137206	0.561788148268908	0.478996748549526	0.568888812808518	0.547711005554571	0.679981988185866	0.960125408917941	0.932541763055702	0.913395156293494	0.999273468860127	0.899136548520965	0.291884273628919	0.867911027721335	0.822051492656572	0.159998548400605	0.775151732507369	0.0100036579066961	0.330014708763566	0.0831739191246103
0.780045345759723	0.638974829370901	0.495641026586244	0.459116904489663	0.900211802593635	0.776438191906307	0.867356189244304	1	0.730737723610928	0.873823972165271	0.196332604419329	0.197643028570539	0.0924971188009033	-0.0143511919098493	0.0392324170300826	0.068020856602155	0.426143587337389	-0.153037730421893	0.341821607605052	0.147972795431395	0.57326504451257	0.257985444586356	0.364248585696624	0.274982736318041	0.192388175291771	0.358103944311625	0.561932164629782	0.329741711543996	-0.1902144021721	0.247258511211459	0.203288428085894	0.599076365886919	0.527372013146694	0.702727018712998	0.512104342707051	0.540717633107534	0.724510404269653	0.612913706170395	0.864289598725087	0.410994307816941	0.617638395359451	-0.0406298888582658	0.550309252382305	-0.206807221752662	0.311802327157573	0.533341362042646	0.496005592668878	0.442712440267083	0.515891379748225	0.534306799402085	0.608646589494147	0.814560982058526	0.82993378023626	0.700705893399477	0.872800797986105	0.884947300879456	0.398674603442648	0.999332099794544	0.969284330094396	0.192147958916344	0.702804909861955	-0.00762743568609961	0.342396638965556	0.121415119105364
0.840896443473424	0.644020552301856	0.600718342518298	0.46066130744389	0.834148466811027	0.784932096839593	0.849037470243661	0.730737723610928	1	0.571377292532071	-0.160813763690976	0.0767566923905778	-0.0952067380454839	-0.266838312113213	-0.130075544224331	0.32972795515096	0.437431119206474	0.268114291055667	0.33489421099655	0.216773828678669	0.554497228726069	0.258529238182093	0.276164968353197	-0.0853557593799582	0.463452480583508	0.157190174186666	0.783753531715564	0.458233798247657	-0.306264312741151	0.450336311928944	0.320059401460167	0.684853600258474	0.602956059489035	0.771218049703045	0.558102063947887	0.552393938709921	0.657010771351677	0.578656650811869	0.751244397298005	0.500419653807426	0.738548388428397	0.0467211770051496	0.646783463546303	-0.0688240272524988	0.43034702840071	0.52852335144349	0.503626838938155	0.522061036390096	0.573439714263866	0.541457613769386	0.632742102948455	0.825424862364875	0.822817461648281	0.850828543954585	0.848746043545527	0.686113492204822	0.126647575396848	0.720827118234816	0.732074320646454	0.275858896084667	0.947068833546061	0.183703570318114	0.462144133948904	0.274550712444214
0.67684547296687	0.572055219523734	0.382131071200747	0.439952167990366	0.795457681174205	0.686469331490319	0.790363972856675	0.873823972165271	0.571377292532071	1	0.505655258577404	0.471969409174386	0.241363204222158	0.0916275731965335	0.115125697950832	-0.0125454635370206	0.446761398788219	-0.194602281438482	0.388273334533108	0.206382940695333	0.56782059594474	0.38210965219115	0.53486347507299	0.572856784463303	0.100969163570134	0.592588349772816	0.410764131485214	0.436129326113365	-0.0224935887058238	0.27008978729597	0.239912740625873	0.456998564831118	0.660436092242827	0.664325251784034	0.457992924665176	0.643620461757573	0.750891563816335	0.597603557645294	0.860376795572913	0.365518707701093	0.527669631467527	-0.0856683793985108	0.439012416880067	-0.236038273709114	0.349346410085048	0.533802681826867	0.528766893852276	0.343006584773182	0.467208922741161	0.381631914369365	0.538797797583085	0.778763235733721	0.703417909003961	0.585547112281595	0.797141041459479	0.904908710760831	0.329486100976494	0.879729169183883	0.805478336270615	0.0982000194700427	0.543377835618584	-0.0595956184457141	0.252963581993398	0.00644715097319941
-0.0235652953171873	-0.032565198888435	-0.129618072067457	-0.148765119587189	0.0352655958384107	-0.02983563991578	0.0246885147229881	0.196332604419329	-0.160813763690976	0.505655258577404	1	0.547460633511454	0.0555131048825216	-0.0407650094356294	-0.119191382931771	-0.199441679948417	-0.183693373855832	-0.21112360133166	-0.0543464264898442	0.00883925066882096	0.0328919962233056	-0.00922780963692243	0.414544307482881	0.759052542669644	-0.261536397311074	0.582660860267826	-0.244969381932323	0.00996276656931499	0.0116943283480421	-0.00602140786382721	0.052824579778356	-0.1280410400788	0.360006339545905	0.105869042574782	-0.103981826504108	0.0933949856658585	0.162607024109384	-0.0913835126772115	0.201840413328278	-0.201907248030222	-0.0855597994368128	-0.174740711065398	-0.172055906449259	-0.112604913382687	0.000973458714310488	-0.0560925885617064	0.0039023004882827	-0.124272964546364	-0.0741063541982366	-0.1517902480425	-0.0568518226031668	0.0622188804178154	-0.0573674304913687	-0.11684190305085	0.0285759314233266	0.349058959715189	-0.118621183238835	0.215120566808944	0.0810791528809956	-0.0862105542384223	-0.0807129604773611	-0.129881696108486	-0.0937516447766194	-0.19774342679183
0.0904225814863705	0.355261742813532	0.191271173682489	0.277348271004464	0.206694775554096	0.220136453927948	0.183340283807833	0.197643028570539	0.0767566923905778	0.471969409174386	0.547460633511454	1	0.487736587654023	0.190668100345392	0.217265267372328	-0.00776789842952011	0.474641493200766	-0.0520256150197385	0.312458917041437	0.137468576149208	0.154302211409117	0.369147589427739	0.186414149262424	0.449991092586261	-0.234825311543429	0.304789559669408	-0.0319751750324706	0.428852072846844	0.600661812997487	0.306464808070413	0.289558565914465	0.0484430030377396	0.614264612069481	0.306138637130802	0.0729467860585928	0.549481295402053	0.257727266932688	0.260206290188142	0.369082766117485	0.130329784032446	0.060763089383952	-0.260365079409628	0.236186158635561	-0.288345903309017	-0.0566633390327899	0.34423091662834	0.384808260733378	0.0630400562584825	0.218749164855212	0.00215942479881017	0.201449713806694	0.308217072827775	0.202037718225098	0.130850245198607	0.188870939665778	0.273155316665372	0.103859573698999	0.208769756282647	0.118467028413231	-0.0169709000330798	0.0972214400104368	-0.0192012740314393	-0.118010054231106	-0.204341039799571
0.0117161356680559	0.450211198748839	0.289777926033926	0.725333164087468	0.000329547034101375	-0.0325048952166731	0.0075162856757573	0.0924971188009033	-0.0952067380454839	0.241363204222158	0.0555131048825216	0.487736587654023	1	0.927728148815749	0.958089774771915	0.144772058205053	0.34359462861513	-0.0381830486177274	0.657377040642894	0.285617052939149	0.181449123190701	0.525138379405876	0.195216658401416	0.189703587408512	0.0588986324591397	0.209965792731396	0.0498603155644241	0.236724337941091	0.782944175024317	0.457456414887866	0.263487371978771	0.0457842263440692	0.359133484852274	0.19780039865968	0.329561616285803	0.55942868833278	0.147686948975142	0.588155806878678	0.34299992010358	0.464718039107706	-0.00100534997970314	-0.00644706707527052	-0.0173793488013324	-0.155758598324115	0.0902471500999923	0.000140539280275474	-0.00913472079683612	-0.0660345362139341	-0.0423605529452231	-0.0843464683268337	-0.0647411939629069	0.0164017040118457	-0.0250555342649376	0.00278019093599563	0.00123808444574723	0.122876035917684	0.606665430126196	0.0905904478465297	0.0548874028908323	-0.0186730885754414	-0.0393412509952663	-0.0382565172511256	-0.149180811910004	-0.120483663589695
-0.0948166161417633	0.265027404544437	0.138376990508866	0.615268782642566	-0.142606558359352	-0.170997337059018	-0.155731410903325	-0.0143511919098493	-0.266838312113213	0.0916275731965335	-0.0407650094356294	0.190668100345392	0.927728148815749	1	0.973954542242002	0.0524763686279342	0.141691616507413	-0.095889899619169	0.551005687011104	0.249132135123887	0.104387500729936	0.399781552866689	0.156908051123457	0.140636231844869	0.0601801220390315	0.164031795462161	-0.0245344318442071	0.111369706181685	0.698541148818573	0.235643065832252	0.130104668688184	-0.0845608514389289	0.0732521695415755	0.00905020474199848	0.265522578187911	0.336246197420335	0.0342925806394986	0.480622197113897	0.16999499796328	0.373449316740155	-0.103504472051041	0.0898870348342294	-0.167954651129555	-0.0637741161156669	0.0804235908901918	-0.166502955793862	-0.177138186654683	-0.0879001521292131	-0.133509021657333	-0.0839964707663388	-0.155301196893586	-0.185140947839082	-0.179704603795094	-0.182961643153776	-0.162713735890388	-0.0261041116670092	0.666991868928262	-0.0173993716451486	-0.0282377685948642	-0.125115867888784	-0.232895696461377	-0.124308127993715	-0.176664770795505	-0.126625535679902
-0.0158866770257849	0.387677241757309	0.262329551543892	0.719905650558838	-0.0667529868908008	-0.108426379034739	-0.0503576897504443	0.0392324170300826	-0.130075544224331	0.115125697950832	-0.119191382931771	0.217265267372328	0.958089774771915	0.973954542242002	1	0.162183007596942	0.229329342064821	-0.0257291170974407	0.632612847273604	0.274307497891166	0.152679424212812	0.466597516758607	0.156230588728039	0.0624893839172379	0.143853533711864	0.133391052658972	0.0669698334374279	0.123690433998625	0.677873320316334	0.411633256350445	0.200850385280468	0.0376358469191736	0.200579748244628	0.121514318760546	0.345011079142439	0.445687611759225	0.0801781425897999	0.572912583416429	0.263037032971902	0.477774416683919	-0.0200250882530831	0.0786018428267205	-0.0954095769838771	-0.0793458130813252	0.119802824693027	-0.112051919255722	-0.136278967881622	-0.0968668230276483	-0.120645696268575	-0.0966250983200046	-0.139545371880556	-0.0816579896414194	-0.0930487774653509	-0.0381202589314448	-0.059203264207837	0.0490566078515432	0.644335020428908	0.0333929587770291	0.023218326940866	-0.0126499430576191	-0.0740322920841675	-0.0356156615210295	-0.126393446132749	-0.0659954527633421
0.234324766361892	0.391745384408178	0.353799488630978	0.533385642933828	0.175500483836257	0.215526343750506	0.201735947531828	0.068020856602155	0.32972795515096	-0.0125454635370206	-0.199441679948417	-0.00776789842952011	0.144772058205053	0.0524763686279342	0.162183007596942	1	0.164288124240677	0.397156415662982	0.355930542004962	0.0548803534968089	0.105685954177884	0.162971399235605	0.0707639643971365	-0.148334786224165	0.256029386759583	-0.0086271255654897	0.302199083605413	0.0394198093849594	-0.0718717697807628	0.735288327682322	0.123757052606892	0.187358332132972	0.388021533070649	0.337363139560318	0.306059370658378	0.368213729088571	0.23562308133182	0.316851572151856	0.295922178020071	0.333378721585872	0.20667435097249	-0.123108475468721	0.0213205092082921	-0.118107743617891	0.125605024515007	0.0671962517563457	0.0901033124922543	0.373344777124796	0.296841574007565	0.218370485544216	0.219224933393835	0.218594577710625	0.12300148770006	0.345424812628757	0.194382620686812	0.0664180673499628	-0.127338982180373	0.061637527706397	0.0490757322243679	0.181765467900676	0.376181695697472	0.415810417762025	-0.00877296093101293	0.118979611926555
0.477081261850332	0.654712421749913	0.573998910959909	0.552672166024546	0.59411589138002	0.601103066833273	0.596520257785162	0.426143587337389	0.437431119206474	0.446761398788219	-0.183693373855832	0.474641493200766	0.34359462861513	0.141691616507413	0.229329342064821	0.164288124240677	1	-0.210987481112249	0.521597672463114	0.331535538567236	0.533858277377541	0.668037881357161	0.119029624376929	0.0242076648865399	0.133630803655018	0.0909783167112558	0.422111748987595	0.563679218764512	0.426094110365021	0.350082445695864	0.0775814364828046	0.140435501798263	0.568060844728882	0.564460181463111	0.466103543772522	0.706702881322962	0.589752553446613	0.594773396130798	0.530597605459013	0.544636232200423	0.310412550015895	0.0256401095280182	0.390183292058396	-0.111338403177473	0.193056328007838	0.544385169939803	0.509077270405192	0.322120428513355	0.437874355676261	0.367385829072292	0.511140715416992	0.634441982087058	0.647937014428472	0.646262327969892	0.591894485592255	0.402483326685373	0.395607279068787	0.432236169476503	0.392730075220695	-0.112365747078653	0.38461414158894	-0.17556231536008	-0.100115630355494	-0.277839090420855
-0.0832493874733522	-0.140765026564009	-0.114818119348351	0.0759083916460893	-0.0727534589194446	0.0132165874342358	-0.110948505931479	-0.153037730421893	0.268114291055667	-0.194602281438482	-0.21112360133166	-0.0520256150197385	-0.0381830486177274	-0.095889899619169	-0.0257291170974407	0.397156415662982	-0.210987481112249	1	-0.165513067810986	-0.208028945088267	-0.282320529130096	-0.189547311490091	-0.151851472922473	-0.19304518520896	0.00345819188043082	-0.179589241288644	0.0785583952498015	-0.109696122013714	-0.0671968217431115	0.260981426348522	0.134363065677822	0.529147021744857	0.0298963711663028	-0.0145097935902739	-0.0967074898113119	-0.141451898649951	-0.178421206458815	-0.0576424355470028	-0.0578348723877371	-0.115956388910312	-0.052657224934326	-0.238482317999683	0.229160782944458	-0.178926480461375	-0.0964575183597264	-0.0253925157471186	0.0341653595038881	0.232348250955176	0.174358748563509	0.123823372310407	0.0837765340461829	-0.0478748580524705	-0.0652093062273939	-0.061947514177968	-0.105606334171208	-0.144641067285888	-0.181984396351989	-0.162718119015545	-0.143146300310729	0.341775252722704	0.224539269640456	0.578561388866261	0.0567953576281489	0.327659057819997
0.555616233159315	0.855370053629461	0.642071200612176	0.829630172701665	0.310591861706034	0.183458506751025	0.420564499204626	0.341821607605052	0.33489421099655	0.388273334533108	-0.0543464264898442	0.312458917041437	0.657377040642894	0.551005687011104	0.632612847273604	0.355930542004962	0.521597672463114	-0.165513067810986	1	0.667844857096138	0.71970230158653	0.77246196869932	0.635944530052749	0.20323905167916	0.638289972269012	0.520085714832184	0.568134681923484	0.645161542324098	0.493150438516514	0.581529068913208	0.591547489161084	0.120371678514149	0.646046593656423	0.696712872522793	0.785709091619289	0.863482859585563	0.451870736297769	0.776484799990168	0.601406307656829	0.826310945200635	0.606495868685451	0.321405617682102	-0.0687593784262881	0.167648223656285	0.584346467763405	-0.0299904301626446	-0.0669504463584678	-0.0118068073169837	-0.0274728866585148	0.00187334343939833	0.0261935127854748	0.304461242479162	0.244259767447135	0.435596147427682	0.410254411228707	0.444059160469586	0.434492014596139	0.333346404014659	0.310918881635907	0.16124774138744	0.398915114428983	0.0320937311624123	0.312963748352444	0.18204016034585
0.430161307484476	0.640450596260562	0.742134867513044	0.311267110572518	0.230937461543054	0.176011033246881	0.296096818899039	0.147972795431395	0.216773828678669	0.206382940695333	0.00883925066882096	0.137468576149208	0.285617052939149	0.249132135123887	0.274307497891166	0.0548803534968089	0.331535538567236	-0.208028945088267	0.667844857096138	1	0.83327628405128	0.837282650477612	0.696068792967036	0.114227082868138	0.81580892766863	0.526974664711726	0.6820775030985	0.55150654008003	0.244359081691196	0.245695902947344	0.122986491733865	-0.0401518607383798	0.402477818561387	0.642340269479674	0.748171176721026	0.460466513453662	0.493335685192183	0.425121561516714	0.341331207279235	0.815312409211458	0.285375198193623	0.867020505619965	0.0136367365516905	0.795974842462607	0.827892186658625	-0.0038348993859643	-0.0265521591592084	0.0173904720650284	0.00630402793212433	0.0487004790536797	0.0876686677480725	0.236735072252407	0.229363242942309	0.380851034495515	0.273992223641549	0.277854430766911	0.31394046232625	0.14652415906023	0.131641357585194	-0.0493665217915202	0.27226985071376	-0.114647119382955	-0.00787027340074582	-0.0876805841138972
0.828897655814902	0.829089654176077	0.792571196930831	0.490704941297084	0.65192684100504	0.550542439208571	0.710239133736982	0.57326504451257	0.554497228726069	0.56782059594474	0.0328919962233056	0.154302211409117	0.181449123190701	0.104387500729936	0.152679424212812	0.105685954177884	0.533858277377541	-0.282320529130096	0.71970230158653	0.83327628405128	1	0.789684856559604	0.695579649931302	0.150624782554506	0.774290355244987	0.539877360120914	0.86384144876327	0.713276807155546	0.0587706168809524	0.282918022257279	0.270683732648287	0.200016491261381	0.550794828898677	0.887862545534536	0.909882031095856	0.650756286792928	0.796201325745135	0.673289797966125	0.704768137462605	0.86041585398829	0.639143359607706	0.640592997747609	0.195650113550105	0.488134012427154	0.840916789081906	0.224353907446785	0.179741979762527	0.268298102653859	0.262967193753932	0.353797150236719	0.397182914678957	0.601493824703701	0.616547758783886	0.70104604864544	0.69578897446833	0.671115081940446	0.424850005471182	0.572835430410227	0.524808920079218	0.116873974514323	0.539261959461476	-0.0303132982545043	0.280765920801362	0.0917632238173676
0.436846032431752	0.745165370942201	0.738008100504969	0.548416224602766	0.334573521286309	0.273227701569565	0.408031804581539	0.257985444586356	0.258529238182093	0.38210965219115	-0.00922780963692243	0.369147589427739	0.525138379405876	0.399781552866689	0.466597516758607	0.162971399235605	0.668037881357161	-0.189547311490091	0.77246196869932	0.837282650477612	0.789684856559604	1	0.618094936549652	0.217285549836864	0.598909875449197	0.513193998729312	0.569867506640099	0.578721030474074	0.464901770527269	0.463721565144958	0.176445253743698	0.0748416828765518	0.576526746915709	0.68631729256513	0.708334973497417	0.680005363333835	0.56503548639679	0.566081536041036	0.491680575878937	0.842892525163484	0.275411130210741	0.553485468974488	0.0740051940464595	0.447868119674185	0.605234897783707	0.195633496476564	0.163858125927333	0.0209947546450125	0.0932709543914891	0.0401631425695879	0.158605355391298	0.376424797146159	0.336457025057185	0.473016000604307	0.391388419189352	0.381311182666783	0.384126220041976	0.258296632999568	0.220926894011472	0.0453551276815345	0.315334040275843	-0.0311835603297366	-0.0627060532921032	-0.125764904671644
0.471006837200293	0.521818077502608	0.397837120332175	0.287069917953734	0.239593200614948	0.0805096633139819	0.338164401652774	0.364248585696624	0.276164968353197	0.53486347507299	0.414544307482881	0.186414149262424	0.195216658401416	0.156908051123457	0.156230588728039	0.0707639643971365	0.119029624376929	-0.151851472922473	0.635944530052749	0.696068792967036	0.695579649931302	0.618094936549652	1	0.681707376592821	0.612229960355477	0.958576021966888	0.446466382373745	0.483589812295284	0.0803050825890998	0.279922840266665	0.44477271624746	0.144393055871689	0.575080939026866	0.615923488113636	0.540840727063862	0.530264301000429	0.404122072576456	0.323716108900613	0.472775756283305	0.525060231308719	0.511773477884316	0.440229030154508	-0.165235745579261	0.41247626767896	0.651785940723454	-0.0906468499542597	-0.0760980343644386	-0.119243137354105	-0.0999283766528669	-0.127560718513024	-0.0530182376392645	0.229982169458368	0.119617992445367	0.254586567288996	0.332817294779821	0.515496613339776	0.0514067380538231	0.360013985135064	0.339670041067197	0.15149064558878	0.386164049790364	0.0115027114292219	0.350875537175267	0.197234603689279
0.0395222594164346	0.0643469364907018	-0.152618511785675	0.0111025966847463	0.0431208712666553	-0.0645120287544266	0.0439600570551004	0.274982736318041	-0.0853557593799582	0.572856784463303	0.759052542669644	0.449991092586261	0.189703587408512	0.140636231844869	0.0624893839172379	-0.148334786224165	0.0242076648865399	-0.19304518520896	0.20323905167916	0.114227082868138	0.150624782554506	0.217285549836864	0.681707376592821	1	-0.16110874642449	0.861846101326297	-0.193991360247465	0.168926571015325	0.214692730237706	0.026073951585513	0.264563993234064	0.0326632534374816	0.410400111644086	0.152898941325521	-0.070706934511725	0.279576359938933	0.115784532423143	-0.0306452962567834	0.258593228547675	-0.0885652076200741	0.11384423390742	-0.176747886421682	-0.214680148859086	-0.139101608036507	0.00408921256040217	-0.0214879087997995	0.0445535763524898	-0.158494213823532	-0.0767738215121363	-0.197734759259036	-0.0900657183976189	0.0399009856598767	-0.0845788228157969	-0.141539830061977	0.0546770640660315	0.3310540078971	-0.0641909501524694	0.282334989381331	0.227920304045807	0.00996727790689768	0.0197946317508764	-0.0689311669566474	0.100653305778207	-0.0148822729109953
0.59056429137471	0.633435616231479	0.70099172417799	0.374503801777238	0.274845180640938	0.176658987735551	0.407297543883558	0.192388175291771	0.463452480583508	0.100969163570134	-0.261536397311074	-0.234825311543429	0.0588986324591397	0.0601801220390315	0.143853533711864	0.256029386759583	0.133630803655018	0.00345819188043082	0.638289972269012	0.81580892766863	0.774290355244987	0.598909875449197	0.612229960355477	-0.16110874642449	1	0.361685889310863	0.810592199799379	0.469070200336745	-0.123191922841468	0.349633174212799	0.313481029726827	0.158940655286748	0.331971740066838	0.664143683808297	0.804784754276036	0.413262840271411	0.41861298555249	0.468891653753468	0.35670989830675	0.803269743765608	0.566226310535311	0.78526282005133	0.00878319863770156	0.707570301402363	0.874877758929178	-0.0994595582852795	-0.151113592871912	0.00853460107152227	-0.0532284130537357	0.0392709236682996	0.0240480271176832	0.266183970468921	0.251122177181427	0.495224747361909	0.388501755211129	0.336124781664535	0.137332140014269	0.178715629064115	0.210279818009761	0.192834186332916	0.498813280510003	0.0895091221995116	0.363636047999805	0.281395355484946
0.340470690683969	0.386144190314229	0.215661085422387	0.20285895295382	0.181189803784884	0.0288959642982496	0.250177094747798	0.358103944311625	0.157190174186666	0.592588349772816	0.582660860267826	0.304789559669408	0.209965792731396	0.164031795462161	0.133391052658972	-0.0086271255654897	0.0909783167112558	-0.179589241288644	0.520085714832184	0.526974664711726	0.539877360120914	0.513193998729312	0.958576021966888	0.861846101326297	0.361685889310863	1	0.232993155309092	0.400316371421919	0.140051325447313	0.204813280563809	0.412121700089247	0.113584060697654	0.558223628324226	0.485746822776484	0.346633051172747	0.476053840079293	0.32365087458629	0.21158414097114	0.427443662421327	0.329062167004085	0.398414223082193	0.236270328818001	-0.198930599099491	0.232060330873876	0.453029278196022	-0.0721739454105076	-0.0363468176708623	-0.146298916568086	-0.100844838234623	-0.167530060348484	-0.0737326277401271	0.173658582562495	0.0483738259443868	0.120185875973774	0.250651002999871	0.485283948373084	0.00970692376542831	0.357998814245261	0.322719529231866	0.110729168039527	0.27493838595227	-0.017058327886607	0.282709896323229	0.132224537344236
0.874865116890936	0.778851952508309	0.817711654974154	0.510309314294596	0.720536966615024	0.681908355440632	0.739334940491266	0.561932164629782	0.783753531715564	0.410764131485214	-0.244969381932323	-0.0319751750324706	0.0498603155644241	-0.0245344318442071	0.0669698334374279	0.302199083605413	0.422111748987595	0.0785583952498015	0.568134681923484	0.6820775030985	0.86384144876327	0.569867506640099	0.446466382373745	-0.193991360247465	0.810592199799379	0.232993155309092	1	0.622198183016044	-0.138938640191635	0.356038330476268	0.228587440811775	0.41976911096019	0.461215544345437	0.86647981117354	0.884434805243409	0.531989352460582	0.764117574927809	0.680138021558022	0.69193325570321	0.823794944385424	0.668070353212677	0.574299163484034	0.43780213191815	0.420386260321345	0.798618435724112	0.308748236780686	0.269718243810578	0.511383441597444	0.462682472002277	0.566816376786862	0.565313059098505	0.662196873297907	0.715066613969714	0.792092149595186	0.724766462744967	0.580666624846646	0.385146722277309	0.554562726380647	0.543561881273402	0.191174698067584	0.721655784794364	0.139877552650796	0.32949322421859	0.209340421885364
0.668572690152013	0.599442100407149	0.402382740741499	0.449835542097486	0.470269044642031	0.446144229742571	0.501570495713472	0.329741711543996	0.458233798247657	0.436129326113365	0.00996276656931499	0.428852072846844	0.236724337941091	0.111369706181685	0.123690433998625	0.0394198093849594	0.563679218764512	-0.109696122013714	0.645161542324098	0.55150654008003	0.713276807155546	0.578721030474074	0.483589812295284	0.168926571015325	0.469070200336745	0.400316371421919	0.622198183016044	1	0.378200781936691	0.0752319613221846	0.512001971914356	0.0807014155266312	0.461033846129582	0.627280115684085	0.630764210049487	0.682736438926838	0.571077866686696	0.573097820067421	0.489614309664059	0.531622614164516	0.68133737676832	0.273988289221959	0.217364754963058	0.123839001266994	0.570440273349112	0.250645558603596	0.254742437538244	0.306112338099319	0.322893969763038	0.323182182081497	0.393545518794163	0.457849697276784	0.443334693568559	0.411255141455295	0.503830845235496	0.408882352802163	0.297320179847919	0.32823497287095	0.302040176505245	-0.0192358311162157	0.334470194649257	-0.0621699878164228	0.417906362221466	0.159229429436453
-0.190497261507367	0.2298693978461	0.0589788911610843	0.408322674774019	-0.23031766742107	-0.211856661491662	-0.259439929335438	-0.1902144021721	-0.306264312741151	-0.0224935887058238	0.0116943283480421	0.600661812997487	0.782944175024317	0.698541148818573	0.677873320316334	-0.0718717697807628	0.426094110365021	-0.0671968217431115	0.493150438516514	0.244359081691196	0.0587706168809524	0.464901770527269	0.0803050825890998	0.214692730237706	-0.123191922841468	0.140051325447313	-0.138938640191635	0.378200781936691	1	0.112053830084776	0.279904156183408	-0.200812883481775	0.19010161979854	0.00275003411002691	0.0794125209607977	0.381862507302681	-0.103131707459824	0.251909237318499	-0.00542177398114969	0.211768902288684	-0.121918285934065	-0.04917002664258	-0.151269656479321	-0.118777463150938	-0.122442604310415	-0.0999101677781692	-0.0805300608182706	-0.154047624188092	-0.134773705218076	-0.161719475934741	-0.156927002421231	-0.222855040638948	-0.208998368475922	-0.249248925087611	-0.259786790528129	-0.204750763481037	0.434636865651413	-0.187850312114842	-0.210712605143139	-0.135362311389557	-0.285766187717512	-0.119083549291906	-0.198938435521813	-0.173927410323184
0.325536342777632	0.659515541786623	0.608150243481179	0.69892255655361	0.268991708884173	0.217376060652219	0.362919520297711	0.247258511211459	0.450336311928944	0.27008978729597	-0.00602140786382721	0.306464808070413	0.457456414887866	0.235643065832252	0.411633256350445	0.735288327682322	0.350082445695864	0.260981426348522	0.581529068913208	0.245695902947344	0.282918022257279	0.463721565144958	0.279922840266665	0.026073951585513	0.349633174212799	0.204813280563809	0.356038330476268	0.0752319613221846	0.112053830084776	1	0.323639190543321	0.33649198483752	0.748167569587236	0.565521910904496	0.433559964248885	0.64782721007388	0.317824398923933	0.51967659781096	0.555964425474543	0.587455016601534	0.283722086925043	-0.0651940185979372	0.107813556868703	-0.09411057038688	0.204421135700015	0.14753424728958	0.131007905115912	0.0725567570354923	0.115787562212194	-0.0272591005165932	0.0798792052701039	0.369194011000986	0.238404840830243	0.535330685359773	0.349595227156296	0.34545573836902	0.0152462675430261	0.239333688080093	0.205734919180021	0.336117770064118	0.595768954244727	0.343115430678287	0.0439856183645734	0.10145801293316
0.397989236668781	0.429063317958322	0.0659359954791888	0.426375459232622	0.0600151574022664	-0.0925502652129667	0.176739335631488	0.203288428085894	0.320059401460167	0.239912740625873	0.052824579778356	0.289558565914465	0.263487371978771	0.130104668688184	0.200850385280468	0.123757052606892	0.0775814364828046	0.134363065677822	0.591547489161084	0.122986491733865	0.270683732648287	0.176445253743698	0.44477271624746	0.264563993234064	0.313481029726827	0.412121700089247	0.228587440811775	0.512001971914356	0.279904156183408	0.323639190543321	1	0.297329781617348	0.429840453605631	0.380158062004975	0.29821667286856	0.532043866665819	-0.0428717610642461	0.326497379634442	0.347325861672357	0.258728695383997	0.740109109568978	-0.160812407751304	-0.13793716464184	-0.215183758415955	0.161524121631733	-0.17814862720992	-0.187867929320059	-0.21494234266278	-0.214206804506817	-0.224578554080847	-0.218348000498989	0.0378772955925145	-0.0341430952788316	0.0837217917009467	0.188620338016101	0.286582853732318	-0.0475009679456823	0.184383891819981	0.213650389136024	0.557439173116023	0.358960851990446	0.370432464407372	0.82239083225257	0.734959423965959
0.455100895793042	0.3173044002202	0.228112315820182	0.287083103094363	0.558268032002695	0.495185407403757	0.545175206271834	0.599076365886919	0.684853600258474	0.456998564831118	-0.1280410400788	0.0484430030377396	0.0457842263440692	-0.0845608514389289	0.0376358469191736	0.187358332132972	0.140435501798263	0.529147021744857	0.120371678514149	-0.0401518607383798	0.200016491261381	0.0748416828765518	0.144393055871689	0.0326632534374816	0.158940655286748	0.113584060697654	0.41976911096019	0.0807014155266312	-0.200812883481775	0.33649198483752	0.297329781617348	1	0.333522565670847	0.451885093112943	0.25636485437138	0.245961423344536	0.300883037017944	0.340568305223586	0.56392299214774	0.199886707756991	0.422969118093161	-0.158956497689792	0.579729901745223	-0.229504820332141	0.157228173398639	0.391299629302301	0.38421532126967	0.295482534969476	0.369476710256283	0.317111359730022	0.378943740402616	0.535594077502261	0.530781741351153	0.45161474562884	0.555116898009824	0.550010910434497	0.130940999274614	0.586607621902998	0.59570200786191	0.653096638769491	0.68060263110165	0.58759138652684	0.407205987744927	0.517087900466863
0.569790481032084	0.763157065292508	0.626447782940363	0.618393830511664	0.541626076233123	0.447288704830207	0.620344372569703	0.527372013146694	0.602956059489035	0.660436092242827	0.360006339545905	0.614264612069481	0.359133484852274	0.0732521695415755	0.200579748244628	0.388021533070649	0.568060844728882	0.0298963711663028	0.646046593656423	0.402477818561387	0.550794828898677	0.576526746915709	0.575080939026866	0.410400111644086	0.331971740066838	0.558223628324226	0.461215544345437	0.461033846129582	0.19010161979854	0.748167569587236	0.429840453605631	0.333522565670847	1	0.7908059000246	0.532687907585883	0.844720230444635	0.582126456163053	0.611071628260703	0.747927580258207	0.558476862716489	0.502206937868272	-0.0333706417132087	0.204624181816136	-0.0852405295571977	0.378425498235435	0.25769758697218	0.262849198119907	0.12338838443531	0.20766646205894	0.0946454434244519	0.258972829607798	0.624156551167736	0.498580874159484	0.676700761136444	0.612332726227756	0.669867764009186	0.111334997421649	0.530762164688563	0.437137748425116	0.15189792383558	0.708919442959639	0.0454675890521627	0.150813615567009	-0.0308700991005377
0.890027957138032	0.911433124964419	0.834752304745835	0.623557635082052	0.768336065177698	0.664534135089595	0.817973101795597	0.702727018712998	0.771218049703045	0.664325251784034	0.105869042574782	0.306138637130802	0.19780039865968	0.00905020474199848	0.121514318760546	0.337363139560318	0.564460181463111	-0.0145097935902739	0.696712872522793	0.642340269479674	0.887862545534536	0.68631729256513	0.615923488113636	0.152898941325521	0.664143683808297	0.485746822776484	0.86647981117354	0.627280115684085	0.00275003411002691	0.565521910904496	0.380158062004975	0.451885093112943	0.7908059000246	1	0.867892435699966	0.750588018300408	0.819370848123361	0.739373618866147	0.865648551074009	0.812533049304418	0.693831737471188	0.346746174692849	0.320899187007407	0.218856145258481	0.693478334075283	0.291760259899455	0.261225800071698	0.356803128783228	0.359443185828769	0.412311470495973	0.4770743397854	0.740913954160223	0.72994396262091	0.847384000185007	0.805392122854594	0.790849964542896	0.345245882644836	0.702298604210598	0.621831355438817	0.293957605428767	0.793632390674152	0.167071957659965	0.317871029859206	0.169458023275991
